   1.0000000e+00   2.5500000e+01   5.2300000e+01             NaN
   2.0000000e+00   1.3800000e+01   2.8400000e+01   1.5384615e-01
   3.0000000e+00   2.1300000e+01   4.4300000e+01   3.3333333e-01
   4.0000000e+00   2.9000000e+01   4.7500000e+01   1.5000000e+00
   5.0000000e+00   2.5500000e+01   4.9300000e+01   2.0000000e+00
   6.0000000e+00   2.6700000e+01   4.9200000e+01   3.0000000e-01
   7.0000000e+00   1.8400000e+01   3.5300000e+01   1.9883041e+00
   8.0000000e+00   2.1630000e+01   3.4009000e+01   5.0000000e-01
   9.0000000e+00   2.9292000e+01   4.9530000e+01             NaN
   1.0000000e+01   2.8761000e+01   5.4341000e+01             NaN
   1.1000000e+01   1.9700000e+01   1.9700000e+01             NaN
   1.2000000e+01   2.9800000e+01   6.2100000e+01             NaN
   1.3000000e+01   2.8600000e+01   5.4700000e+01   2.4919441e-01
   1.4000000e+01   3.5282000e+01   6.3741000e+01   1.3157895e-02
   1.5000000e+01   2.3399000e+01   4.4047000e+01   7.0000000e+00
   1.6000000e+01   3.6852000e+01   5.9646000e+01  -1.1224490e-01
   1.7000000e+01   2.8236000e+01   5.1968000e+01   5.8394161e-02
   1.8000000e+01   2.7700000e+01   4.9200000e+01   3.4174081e-01
   1.9000000e+01   2.0900000e+01   4.2900000e+01   5.3382353e+00
   2.0000000e+01   2.6000000e+01   4.6100000e+01   1.3875803e+00
   2.1000000e+01   1.2478000e+01   2.3666000e+01   0.0000000e+00
   2.2000000e+01   2.4674000e+01   4.3540000e+01   1.2500000e-01
   2.3000000e+01   2.8176000e+01   4.8790000e+01             Inf
   2.4000000e+01   3.0043000e+01   5.4272000e+01             Inf
   2.5000000e+01   2.9827000e+01   5.3674000e+01   2.9565217e+00
   2.6000000e+01   2.3326000e+01   4.2384000e+01   4.3076923e+00
   2.7000000e+01   2.9592000e+01   5.4407000e+01   8.7931034e-01
   2.8000000e+01   2.4967000e+01   4.7736000e+01   1.3913043e-01
   2.9000000e+01   2.9335000e+01   5.4815000e+01  -6.7741935e-01
   3.0000000e+01   2.9947000e+01   5.5605000e+01   1.6508481e-02
   3.1000000e+01   2.4110000e+01   4.1426000e+01  -7.6745971e-02
   3.2000000e+01   2.2974000e+01   4.0524000e+01   2.1483897e-01
   3.3000000e+01   1.6396000e+01   2.8171000e+01   1.6130178e-01
   3.4000000e+01   2.3130000e+01   3.9458000e+01   8.9536138e-01
   3.5000000e+01   2.3742000e+01   4.4220000e+01   3.3233083e+00
   3.6000000e+01   2.7351000e+01   4.6660000e+01   6.5555556e-01
   3.7000000e+01   2.7521000e+01   4.9883000e+01   6.5035971e-01
   3.8000000e+01   2.6656000e+01   4.8606000e+01   8.3333333e-02
   3.9000000e+01   2.8440000e+01   5.0630000e+01   1.5392157e+00
   4.0000000e+01   2.6370000e+01   5.0490000e+01   3.5263158e+00
   4.1000000e+01   2.9620000e+01   5.4110000e+01   4.3095238e+00
   4.2000000e+01   2.7260000e+01   5.0200000e+01   6.0000000e+00
   4.3000000e+01   2.9300000e+01   5.4910000e+01   2.2512178e-01
   4.4000000e+01   3.0410000e+01   5.4270000e+01             NaN
   0.0000000e+00   0.0000000e+00   0.0000000e+00   0.0000000e+00
   4.6000000e+01   2.5516000e+01   4.5213000e+01   2.6065872e-01
   4.7000000e+01   2.3169000e+01   3.7375000e+01  -1.5406162e-01
   4.8000000e+01   1.8458000e+01   3.4678000e+01   1.4418605e+00
