1108447 3 4 2 82 10.0 10.0 10.0 10.0 10.0 9.0 10.0 9.0 9.0 8.0 9.0 999.0 999.0 8.0 8.0 8.0 6.0 7.0 6.0 6.0 6.0 8.0 8.0 10.0
1108447 3 4 3 82 10.0 10.0 10.0 10.0 10.0 10.0 10.0 9.0 10.0 9.0 7.0 7.0 7.0 7.0 8.0 9.0 9.0 9.0 9.0 9.0 8.0 8.0 9.0 8.0
1108447 3 4 4 82 9.0 10.0 10.0 7.0 10.0 9.0 7.0 8.0 8.0 8.0 4.0 5.0 8.0 9.0 8.0 8.0 7.0 7.0 8.0 9.0 9.0 6.0 3.0 5.0
1108447 3 4 5 82 7.0 9.0 9.0 9.0 9.0 9.0 9.0 10.0 10.0 10.0 10.0 10.0 10.0 10.0 10.0 10.0 10.0 10.0 10.0 10.0 10.0 10.0 10.0 10.0
1108447 3 4 6 82 10.0 999.0 10.0 10.0 10.0 9.0 8.0 9.0 9.0 9.0 10.0 10.0 10.0 10.0 9.0 9.0 9.0 9.0 9.0 9.0 9.0 8.0 10.0 10.0
1108447 3 4 7 82 10.0 10.0 10.0 10.0 10.0 10.0 10.0 10.0 10.0 10.0 10.0 10.0 10.0 10.0 10.0 10.0 10.0 10.0 10.0 10.0 10.0 10.0 10.0 10.0
1108447 3 4 8 82 10.0 10.0 10.0 10.0 10.0 10.0 10.0 10.0 10.0 10.0 10.0 10.0 10.0 10.0 10.0 10.0 10.0 10.0 10.0 10.0 10.0 10.0 10.0 10.0
1108447 3 4 9 82 10.0 6.0 3.0 8.0 8.0 9.0 9.0 10.0 7.0 7.0 7.0 5.0 6.0 5.0 7.0 9.0 9.0 10.0 10.0 10.0 10.0 10.0 9.0 9.0
1108447 3 4 10 82 9.0 9.0 10.0 10.0 10.0 9.0 10.0 10.0 10.0 10.0 10.0 10.0 10.0 10.0 10.0 10.0 10.0 10.0 10.0 10.0 10.0 10.0 10.0 10.0
1108447 3 4 11 82 10.0 10.0 10.0 10.0 10.0 10.0 9.0 9.0 9.0 10.0 9.0 9.0 9.0 9.0 9.0 10.0 10.0 10.0 10.0 10.0 10.0 9.0 8.0 8.0
1108447 3 4 12 82 8.0 999.0 3.0 1.0 1.0 8.0 9.0 9.0 9.0 9.0 10.0 10.0 10.0 10.0 10.0 10.0 10.0 10.0 10.0 10.0 10.0 10.0 10.0 1.0
1108447 3 4 13 82 1.0 4.0 7.0 9.0 8.0 10.0 9.0 9.0 9.0 10.0 10.0 10.0 10.0 10.0 10.0 10.0 10.0 10.0 10.0 10.0 10.0 10.0 10.0 8.0
1108447 3 4 14 82 9.0 9.0 9.0 9.0 9.0 9.0 10.0 10.0 9.0 9.0 9.0 9.0 10.0 10.0 9.0 9.0 9.0 8.0 9.0 4.0 6.0 7.0 7.0 5.0
1108447 3 4 15 82 6.0 7.0 8.0 8.0 9.0 10.0 10.0 10.0 10.0 10.0 10.0 9.0 9.0 9.0 8.0 8.0 8.0 8.0 8.0 9.0 9.0 9.0 999.0 10.0
1108447 3 4 16 82 10.0 10.0 9.0 9.0 9.0 10.0 10.0 10.0 10.0 10.0 10.0 10.0 9.0 10.0 10.0 10.0 10.0 10.0 10.0 10.0 10.0 10.0 9.0 9.0
1108447 3 4 17 82 9.0 10.0 9.0 7.0 8.0 9.0 9.0 10.0 10.0 9.0 8.0 7.0 9.0 8.0 8.0 8.0 8.0 9.0 9.0 9.0 9.0 7.0 9.0 8.0
1108447 3 4 18 82 3.0 10.0 10.0 8.0 10.0 10.0 9.0 9.0 9.0 9.0 9.0 8.0 8.0 8.0 9.0 8.0 9.0 9.0 8.0 9.0 10.0 10.0 10.0 10.0
1108447 3 4 19 82 10.0 10.0 10.0 10.0 10.0 10.0 10.0 10.0 10.0 10.0 10.0 10.0 10.0 10.0 10.0 10.0 10.0 10.0 9.0 10.0 10.0 10.0 10.0 10.0
1108447 3 4 20 82 10.0 10.0 9.0 9.0 9.0 10.0 10.0 10.0 10.0 10.0 10.0 10.0 10.0 10.0 10.0 10.0 10.0 10.0 10.0 9.0 8.0 9.0 10.0 10.0
1108447 3 4 21 82 10.0 10.0 10.0 10.0 10.0 10.0 10.0 10.0 10.0 9.0 9.0 10.0 10.0 10.0 10.0 10.0 10.0 9.0 9.0 9.0 8.0 7.0 4.0 6.0
1108447 3 4 22 82 5.0 6.0 10.0 10.0 10.0 10.0 9.0 9.0 5.0 5.0 5.0 5.0 4.0 5.0 8.0 3.0 1.0 1.0 3.0 8.0 5.0 7.0 8.0 8.0
1108447 3 4 23 82 6.0 6.0 7.0 7.0 9.0 10.0 10.0 10.0 10.0 10.0 10.0 10.0 10.0 10.0 10.0 10.0 10.0 10.0 10.0 10.0 10.0 10.0 10.0 10.0
1108447 3 4 24 82 10.0 9.0 10.0 10.0 10.0 10.0 10.0 10.0 10.0 10.0 10.0 10.0 10.0 10.0 10.0 10.0 10.0 10.0 10.0 10.0 10.0 10.0 10.0 10.0
1108447 3 4 25 82 10.0 10.0 10.0 10.0 10.0 10.0 10.0 10.0 10.0 8.0 8.0 6.0 6.0 4.0 4.0 5.0 4.0 5.0 6.0 7.0 6.0 4.0 3.0 1.0
1108447 3 4 26 82 1.0 1.0 1.0 1.0 1.0 2.0 4.0 6.0 5.0 5.0 5.0 6.0 8.0 8.0 8.0 9.0 10.0 10.0 10.0 10.0 10.0 10.0 10.0 10.0
1108447 3 4 27 82 10.0 10.0 10.0 10.0 10.0 10.0 10.0 9.0 9.0 9.0 10.0 10.0 9.0 9.0 9.0 9.0 9.0 9.0 9.0 9.0 9.0 9.0 6.0 2.0
1108447 3 4 28 82 2.0 2.0 2.0 2.0 1.0 1.0 1.0 1.0 2.0 1.0 3.0 2.0 2.0 3.0 4.0 5.0 5.0 5.0 4.0 6.0 5.0 5.0 3.0 3.0
1108447 3 4 29 82 3.0 1.0 1.0 2.0 2.0 4.0 7.0 6.0 7.0 7.0 8.0 8.0 8.0 8.0 9.0 9.0 8.0 7.0 7.0 8.0 8.0 3.0 2.0 2.0
1108447 3 4 30 82 2.0 2.0 2.0 7.0 6.0 4.0 3.0 3.0 7.0 6.0 5.0 5.0 4.0 3.0 3.0 1.0 1.0 1.0 4.0 3.0 1.0 1.0 1.0 1.0
1108447 3 5 1 82 1.0 2.0 2.0 3.0 6.0 9.0 7.0 8.0 8.0 3.0 3.0 4.0 6.0 6.0 4.0 3.0 2.0 2.0 3.0 3.0 1.0 1.0 1.0 1.0
1108447 3 5 2 82 1.0 3.0 4.0 4.0 8.0 9.0 9.0 10.0 10.0 9.0 9.0 9.0 7.0 7.0 5.0 3.0 2.0 2.0 1.0 5.0 3.0 4.0 7.0 8.0
1108447 3 5 3 82 9.0 10.0 10.0 10.0 10.0 10.0 10.0 9.0 8.0 9.0 9.0 10.0 10.0 10.0 10.0 10.0 10.0 9.0 9.0 10.0 10.0 10.0 10.0 10.0
1108447 3 5 4 82 10.0 10.0 10.0 10.0 10.0 10.0 10.0 10.0 10.0 10.0 10.0 10.0 10.0 10.0 10.0 10.0 9.0 9.0 10.0 10.0 9.0 5.0 5.0 5.0
1108447 3 5 5 82 4.0 6.0 8.0 9.0 6.0 5.0 6.0 5.0 5.0 6.0 5.0 2.0 2.0 2.0 4.0 3.0 2.0 2.0 2.0 2.0 2.0 2.0 0.0 1.0
1108447 3 5 6 82 1.0 2.0 0.0 0.0 1.0 2.0 2.0 6.0 2.0 4.0 3.0 2.0 2.0 2.0 2.0 1.0 3.0 3.0 4.0 4.0 4.0 4.0 2.0 2.0
1108447 3 5 7 82 2.0 4.0 6.0 9.0 9.0 9.0 10.0 10.0 10.0 10.0 9.0 10.0 10.0 9.0 8.0 8.0 9.0 9.0 9.0 7.0 8.0 8.0 8.0 9.0
1108447 3 5 8 82 9.0 6.0 7.0 8.0 7.0 6.0 9.0 8.0 9.0 9.0 7.0 7.0 6.0 5.0 3.0 3.0 4.0 5.0 4.0 5.0 3.0 2.0 4.0 7.0
1108447 3 5 9 82 8.0 7.0 8.0 9.0 10.0 10.0 9.0 7.0 9.0 9.0 9.0 9.0 8.0 6.0 7.0 9.0 9.0 9.0 9.0 9.0 9.0 8.0 6.0 8.0
1108447 3 5 10 82 5.0 6.0 7.0 8.0 9.0 8.0 7.0 5.0 3.0 4.0 3.0 1.0 1.0 1.0 3.0 3.0 3.0 3.0 3.0 4.0 4.0 4.0 2.0 1.0
1108447 3 5 11 82 7.0 3.0 3.0 1.0 5.0 8.0 7.0 4.0 4.0 4.0 4.0 4.0 6.0 3.0 4.0 4.0 4.0 4.0 3.0 2.0 1.0 1.0 1.0 3.0
1108447 3 5 12 82 1.0 1.0 2.0 1.0 2.0 8.0 8.0 8.0 9.0 9.0 9.0 10.0 9.0 7.0 7.0 8.0 9.0 9.0 10.0 10.0 10.0 10.0 3.0 8.0
1108447 3 5 13 82 5.0 8.0 7.0 8.0 9.0 9.0 7.0 7.0 8.0 8.0 8.0 9.0 9.0 9.0 10.0 10.0 10.0 9.0 9.0 9.0 9.0 10.0 9.0 8.0
1108447 3 5 14 82 7.0 9.0 9.0 9.0 9.0 9.0 9.0 9.0 9.0 10.0 9.0 5.0 4.0 9.0 9.0 8.0 4.0 3.0 3.0 4.0 4.0 2.0 1.0 1.0
1108447 3 5 15 82 1.0 6.0 5.0 4.0 8.0 8.0 5.0 5.0 7.0 8.0 9.0 9.0 6.0 8.0 10.0 7.0 8.0 9.0 8.0 8.0 7.0 5.0 9.0 8.0
1108447 3 5 16 82 9.0 7.0 9.0 9.0 9.0 9.0 9.0 9.0 9.0 6.0 8.0 7.0 9.0 9.0 9.0 9.0 10.0 9.0 9.0 8.0 9.0 9.0 9.0 10.0
1108447 3 5 17 82 10.0 10.0 10.0 10.0 10.0 10.0 10.0 10.0 10.0 10.0 9.0 9.0 9.0 9.0 8.0 7.0 7.0 5.0 7.0 8.0 5.0 8.0 7.0 8.0
1108447 3 5 18 82 9.0 9.0 9.0 10.0 9.0 9.0 4.0 4.0 5.0 7.0 8.0 8.0 4.0 4.0 5.0 5.0 5.0 4.0 3.0 1.0 1.0 1.0 1.0 1.0
1108447 3 5 19 82 2.0 2.0 0.0 0.0 0.0 2.0 2.0 4.0 7.0 8.0 9.0 10.0 10.0 9.0 8.0 7.0 9.0 8.0 7.0 8.0 8.0 5.0 5.0 4.0
1108447 3 5 20 82 10.0 10.0 10.0 10.0 10.0 10.0 10.0 10.0 10.0 10.0 10.0 10.0 10.0 10.0 10.0 10.0 10.0 10.0 10.0 10.0 10.0 10.0 10.0 10.0
1108447 3 5 21 82 10.0 10.0 10.0 10.0 10.0 10.0 10.0 10.0 10.0 10.0 10.0 10.0 9.0 9.0 9.0 9.0 10.0 10.0 10.0 10.0 10.0 10.0 10.0 10.0
1108447 3 5 22 82 10.0 10.0 10.0 10.0 10.0 10.0 10.0 10.0 10.0 10.0 10.0 10.0 10.0 10.0 10.0 10.0 10.0 10.0 10.0 10.0 10.0 10.0 10.0 10.0
1108447 3 5 23 82 10.0 10.0 10.0 10.0 10.0 10.0 10.0 10.0 10.0 10.0 10.0 10.0 10.0 9.0 9.0 10.0 10.0 10.0 10.0 9.0 10.0 10.0 10.0 10.0
1108447 3 5 24 82 10.0 10.0 10.0 10.0 10.0 10.0 10.0 10.0 10.0 10.0 10.0 10.0 10.0 10.0 10.0 10.0 10.0 10.0 10.0 10.0 10.0 8.0 10.0 10.0
1108447 3 5 25 82 10.0 10.0 10.0 10.0 10.0 9.0 9.0 9.0 9.0 8.0 9.0 10.0 10.0 10.0 10.0 10.0 8.0 4.0 4.0 6.0 3.0 2.0 2.0 1.0
1108447 3 5 26 82 1.0 2.0 2.0 2.0 3.0 4.0 7.0 7.0 9.0 9.0 9.0 8.0 4.0 2.0 9.0 10.0 10.0 10.0 10.0 10.0 10.0 10.0 10.0 10.0
1108447 3 5 27 82 10.0 10.0 10.0 10.0 10.0 9.0 9.0 9.0 10.0 10.0 10.0 10.0 10.0 10.0 10.0 10.0 10.0 10.0 10.0 10.0 10.0 10.0 4.0 4.0
1108447 3 5 28 82 5.0 4.0 5.0 7.0 7.0 8.0 10.0 10.0 10.0 10.0 10.0 10.0 10.0 10.0 6.0 5.0 3.0 5.0 5.0 4.0 4.0 4.0 1.0 1.0
1108447 3 5 29 82 1.0 3.0 4.0 5.0 5.0 7.0 3.0 2.0 2.0 2.0 4.0 7.0 6.0 7.0 7.0 7.0 8.0 9.0 9.0 9.0 6.0 4.0 4.0 4.0
1108447 3 5 30 82 4.0 4.0 6.0 6.0 8.0 10.0 9.0 9.0 9.0 10.0 8.0 9.0 6.0 9.0 10.0 10.0 9.0 10.0 10.0 10.0 10.0 10.0 8.0 6.0
1108447 3 5 31 82 3.0 5.0 8.0 10.0 10.0 10.0 10.0 10.0 10.0 10.0 10.0 9.0 9.0 9.0 9.0 8.0 8.0 9.0 9.0 9.0 10.0 8.0 8.0 8.0
1108447 3 6 1 82 9.0 9.0 8.0 5.0 5.0 8.0 10.0 10.0 9.0 10.0 10.0 10.0 10.0 10.0 10.0 10.0 10.0 10.0 9.0 9.0 10.0 9.0 9.0 9.0
1108447 3 6 2 82 8.0 4.0 9.0 8.0 2.0 1.0 2.0 3.0 4.0 7.0 2.0 1.0 2.0 1.0 2.0 2.0 1.0 1.0 1.0 1.0 2.0 1.0 0.0 0.0
1108447 3 6 3 82 0.0 0.0 0.0 0.0 0.0 0.0 0.0 0.0 0.0 0.0 0.0 2.0 3.0 2.0 2.0 2.0 1.0 1.0 1.0 1.0 1.0 1.0 0.0 0.0
1108447 3 6 4 82 0.0 0.0 0.0 1.0 2.0 2.0 2.0 1.0 7.0 4.0 3.0 1.0 1.0 2.0 2.0 2.0 3.0 3.0 4.0 5.0 5.0 3.0 2.0 2.0
1108447 3 6 5 82 2.0 3.0 3.0 2.0 4.0 6.0 5.0 3.0 3.0 3.0 5.0 4.0 5.0 4.0 3.0 1.0 1.0 0.0 0.0 0.0 1.0 2.0 2.0 2.0
1108447 3 6 6 82 2.0 3.0 1.0 2.0 6.0 8.0 8.0 4.0 3.0 2.0 1.0 1.0 1.0 1.0 1.0 1.0 2.0 5.0 9.0 9.0 6.0 3.0 3.0 2.0
1108447 3 6 7 82 2.0 2.0 4.0 4.0 3.0 3.0 3.0 1.0 1.0 0.0 0.0 0.0 0.0 0.0 0.0 0.0 0.0 0.0 1.0 1.0 1.0 1.0 0.0 0.0
1108447 3 6 8 82 0.0 0.0 3.0 3.0 1.0 1.0 2.0 8.0 7.0 5.0 4.0 1.0 1.0 0.0 1.0 1.0 0.0 0.0 0.0 0.0 3.0 3.0 1.0 1.0
1108447 3 6 9 82 2.0 2.0 1.0 2.0 2.0 3.0 1.0 2.0 2.0 1.0 2.0 1.0 1.0 1.0 1.0 1.0 1.0 7.0 4.0 6.0 6.0 9.0 9.0 6.0
1108447 3 6 10 82 8.0 9.0 10.0 10.0 10.0 9.0 9.0 9.0 9.0 10.0 10.0 10.0 9.0 9.0 9.0 8.0 8.0 5.0 2.0 5.0 4.0 5.0 5.0 6.0
1108447 3 6 11 82 10.0 5.0 8.0 9.0 10.0 10.0 10.0 9.0 9.0 9.0 9.0 9.0 9.0 6.0 6.0 8.0 7.0 9.0 10.0 7.0 7.0 8.0 10.0 9.0
1108447 3 6 12 82 7.0 3.0 10.0 8.0 7.0 9.0 9.0 10.0 10.0 10.0 10.0 10.0 9.0 10.0 10.0 10.0 10.0 10.0 10.0 10.0 10.0 10.0 10.0 10.0
1108447 3 6 13 82 10.0 10.0 10.0 10.0 10.0 7.0 9.0 8.0 7.0 8.0 6.0 6.0 6.0 7.0 8.0 7.0 8.0 8.0 9.0 10.0 8.0 9.0 10.0 10.0
1108447 3 6 14 82 10.0 10.0 10.0 10.0 10.0 10.0 7.0 8.0 9.0 7.0 6.0 7.0 9.0 9.0 9.0 9.0 8.0 8.0 9.0 9.0 9.0 10.0 10.0 8.0
1108447 3 6 15 82 10.0 10.0 10.0 9.0 6.0 6.0 5.0 5.0 6.0 5.0 6.0 6.0 3.0 4.0 4.0 4.0 4.0 2.0 5.0 5.0 5.0 2.0 2.0 3.0
1108447 3 6 16 82 5.0 5.0 8.0 6.0 2.0 2.0 3.0 7.0 6.0 4.0 7.0 5.0 8.0 8.0 9.0 9.0 8.0 9.0 8.0 7.0 4.0 3.0 2.0 2.0
1108447 3 6 17 82 3.0 1.0 2.0 4.0 4.0 5.0 9.0 7.0 7.0 8.0 7.0 8.0 10.0 9.0 9.0 9.0 8.0 8.0 9.0 9.0 8.0 6.0 3.0 4.0
1108447 3 6 18 82 3.0 5.0 6.0 5.0 7.0 7.0 7.0 7.0 7.0 8.0 9.0 9.0 9.0 9.0 999.0 10.0 9.0 6.0 7.0 8.0 9.0 9.0 8.0 8.0
1108447 3 6 19 82 5.0 3.0 4.0 4.0 4.0 5.0 6.0 5.0 7.0 6.0 8.0 9.0 9.0 8.0 8.0 7.0 8.0 10.0 10.0 10.0 10.0 10.0 10.0 10.0
1108447 3 6 20 82 10.0 10.0 10.0 10.0 10.0 10.0 10.0 10.0 10.0 10.0 10.0 10.0 10.0 10.0 10.0 10.0 10.0 10.0 10.0 10.0 10.0 9.0 10.0 10.0
1108447 3 6 21 82 10.0 8.0 8.0 9.0 10.0 10.0 10.0 10.0 10.0 10.0 10.0 10.0 9.0 8.0 9.0 6.0 3.0 3.0 2.0 8.0 9.0 9.0 10.0 10.0
1108447 3 6 22 82 10.0 10.0 10.0 10.0 10.0 10.0 10.0 10.0 10.0 10.0 10.0 10.0 10.0 10.0 10.0 9.0 8.0 7.0 8.0 8.0 8.0 7.0 9.0 10.0
1108447 3 6 23 82 10.0 10.0 9.0 9.0 9.0 9.0 4.0 4.0 9.0 9.0 8.0 7.0 6.0 6.0 6.0 7.0 4.0 2.0 1.0 1.0 1.0 1.0 0.0 5.0
1108447 3 6 24 82 3.0 0.0 0.0 1.0 3.0 5.0 2.0 1.0 1.0 1.0 1.0 1.0 1.0 1.0 1.0 1.0 3.0 3.0 3.0 4.0 5.0 3.0 1.0 0.0
1108447 3 6 25 82 0.0 0.0 0.0 4.0 4.0 4.0 4.0 5.0 5.0 4.0 3.0 4.0 4.0 5.0 8.0 5.0 6.0 8.0 8.0 8.0 4.0 1.0 0.0 0.0
1108447 3 6 26 82 0.0 0.0 0.0 1.0 1.0 2.0 5.0 4.0 4.0 4.0 5.0 5.0 3.0 3.0 4.0 7.0 5.0 3.0 3.0 5.0 7.0 9.0 9.0 5.0
1108447 3 6 27 82 3.0 2.0 1.0 2.0 2.0 3.0 3.0 4.0 8.0 5.0 2.0 1.0 1.0 1.0 1.0 0.0 0.0 0.0 0.0 0.0 0.0 0.0 1.0 1.0
1108447 3 6 28 82 1.0 0.0 0.0 0.0 0.0 0.0 0.0 0.0 0.0 0.0 0.0 0.0 0.0 0.0 0.0 0.0 0.0 0.0 0.0 0.0 0.0 0.0 0.0 0.0
1108447 3 6 29 82 0.0 0.0 0.0 1.0 1.0 1.0 1.0 1.0 7.0 10.0 10.0 10.0 10.0 10.0 10.0 10.0 10.0 10.0 10.0 10.0 8.0 10.0 10.0 10.0
1108447 3 6 30 82 10.0 999.0 10.0 10.0 8.0 8.0 10.0 10.0 10.0 7.0 9.0 9.0 7.0 7.0 8.0 8.0 9.0 8.0 8.0 8.0 6.0 8.0 7.0 4.0
1108447 3 7 1 82 5.0 7.0 6.0 6.0 7.0 5.0 5.0 5.0 6.0 6.0 4.0 3.0 3.0 3.0 3.0 3.0 4.0 4.0 6.0 5.0 3.0 3.0 2.0 2.0
1108447 3 7 2 82 2.0 1.0 1.0 2.0 999.0 3.0 3.0 5.0 6.0 9.0 8.0 7.0 4.0 3.0 3.0 3.0 8.0 8.0 8.0 6.0 5.0 4.0 4.0 2.0
1108447 3 7 3 82 1.0 2.0 1.0 1.0 2.0 4.0 3.0 2.0 2.0 3.0 3.0 3.0 5.0 7.0 7.0 8.0 7.0 4.0 3.0 2.0 2.0 2.0 3.0 3.0
1108447 3 7 4 82 4.0 2.0 1.0 3.0 3.0 3.0 4.0 7.0 7.0 8.0 7.0 5.0 6.0 7.0 7.0 8.0 9.0 9.0 10.0 10.0 10.0 10.0 10.0 10.0
1108447 3 7 5 82 10.0 10.0 10.0 10.0 10.0 10.0 9.0 10.0 9.0 7.0 5.0 4.0 2.0 2.0 3.0 2.0 2.0 1.0 1.0 1.0 0.0 0.0 0.0 0.0
1108447 3 7 6 82 0.0 0.0 1.0 0.0 1.0 1.0 1.0 1.0 2.0 2.0 2.0 3.0 3.0 3.0 4.0 3.0 3.0 3.0 2.0 4.0 3.0 3.0 3.0 2.0
1108447 3 7 7 82 0.0 1.0 1.0 1.0 4.0 3.0 2.0 2.0 3.0 3.0 4.0 6.0 7.0 8.0 7.0 8.0 7.0 8.0 8.0 8.0 8.0 9.0 9.0 8.0
1108447 3 7 8 82 5.0 4.0 2.0 4.0 9.0 10.0 10.0 10.0 9.0 8.0 9.0 9.0 10.0 9.0 9.0 9.0 10.0 10.0 10.0 10.0 10.0 9.0 9.0 6.0
1108447 3 7 9 82 5.0 4.0 9.0 9.0 4.0 3.0 5.0 2.0 2.0 2.0 2.0 2.0 2.0 2.0 1.0 0.0 0.0 0.0 0.0 0.0 0.0 0.0 0.0 0.0
1108447 3 7 10 82 0.0 0.0 0.0 0.0 0.0 0.0 0.0 0.0 3.0 4.0 2.0 2.0 2.0 4.0 6.0 7.0 8.0 8.0 7.0 4.0 5.0 1.0 1.0 1.0
1108447 3 7 11 82 0.0 0.0 0.0 0.0 0.0 0.0 0.0 0.0 1.0 3.0 5.0 5.0 3.0 3.0 3.0 3.0 7.0 4.0 4.0 7.0 6.0 4.0 5.0 7.0
1108447 3 7 12 82 3.0 4.0 2.0 8.0 7.0 4.0 4.0 5.0 5.0 6.0 9.0 7.0 5.0 8.0 9.0 10.0 10.0 10.0 10.0 10.0 10.0 10.0 10.0 10.0
1108447 3 7 13 82 10.0 10.0 10.0 8.0 10.0 10.0 9.0 9.0 9.0 8.0 9.0 9.0 10.0 10.0 10.0 10.0 10.0 10.0 10.0 10.0 10.0 10.0 10.0 10.0
1108447 3 7 14 82 10.0 9.0 10.0 10.0 10.0 9.0 10.0 10.0 9.0 10.0 8.0 10.0 9.0 9.0 9.0 8.0 8.0 8.0 7.0 8.0 8.0 9.0 9.0 10.0
1108447 3 7 15 82 9.0 9.0 9.0 9.0 8.0 8.0 4.0 5.0 9.0 9.0 7.0 8.0 8.0 9.0 8.0 8.0 9.0 9.0 8.0 6.0 3.0 5.0 2.0 3.0
1108447 3 7 16 82 8.0 7.0 8.0 7.0 7.0 5.0 8.0 8.0 9.0 8.0 8.0 8.0 9.0 9.0 8.0 5.0 3.0 3.0 6.0 6.0 4.0 2.0 3.0 2.0
1108447 3 7 17 82 2.0 1.0 1.0 1.0 1.0 1.0 1.0 1.0 2.0 2.0 2.0 1.0 1.0 1.0 0.0 0.0 0.0 0.0 0.0 0.0 0.0 0.0 0.0 0.0
1108447 3 7 18 82 0.0 0.0 0.0 7.0 7.0 5.0 2.0 1.0 5.0 6.0 4.0 6.0 6.0 8.0 9.0 3.0 3.0 3.0 2.0 2.0 2.0 1.0 0.0 2.0
1108447 3 7 19 82 3.0 1.0 1.0 1.0 1.0 2.0 2.0 4.0 9.0 9.0 8.0 9.0 9.0 8.0 9.0 9.0 9.0 9.0 9.0 10.0 9.0 10.0 9.0 10.0
1108447 3 7 20 82 10.0 10.0 10.0 10.0 10.0 10.0 10.0 9.0 9.0 9.0 7.0 7.0 4.0 6.0 5.0 6.0 6.0 2.0 1.0 1.0 0.0 0.0 0.0 0.0
1108447 3 7 21 82 0.0 0.0 0.0 0.0 0.0 0.0 1.0 1.0 1.0 1.0 1.0 1.0 1.0 1.0 1.0 1.0 0.0 0.0 0.0 0.0 0.0 0.0 0.0 0.0
1108447 3 7 22 82 0.0 0.0 0.0 0.0 0.0 0.0 1.0 2.0 1.0 1.0 1.0 0.0 0.0 1.0 2.0 1.0 1.0 1.0 2.0 5.0 5.0 6.0 6.0 4.0
1108447 3 7 23 82 2.0 0.0 0.0 0.0 1.0 1.0 5.0 2.0 2.0 1.0 1.0 1.0 1.0 1.0 0.0 0.0 0.0 0.0 0.0 0.0 0.0 0.0 0.0 0.0
1108447 3 7 24 82 0.0 0.0 0.0 1.0 1.0 2.0 3.0 4.0 4.0 3.0 2.0 2.0 2.0 2.0 1.0 1.0 1.0 0.0 0.0 0.0 0.0 0.0 0.0 0.0
1108447 3 7 25 82 0.0 0.0 0.0 0.0 0.0 1.0 2.0 4.0 5.0 4.0 4.0 4.0 6.0 7.0 7.0 7.0 6.0 3.0 2.0 3.0 4.0 6.0 7.0 7.0
1108447 3 7 26 82 7.0 8.0 8.0 4.0 2.0 1.0 1.0 1.0 1.0 1.0 1.0 0.0 1.0 2.0 1.0 0.0 0.0 0.0 1.0 0.0 0.0 0.0 0.0 0.0
1108447 3 7 27 82 0.0 0.0 0.0 0.0 0.0 0.0 1.0 1.0 2.0 4.0 1.0 0.0 0.0 0.0 0.0 0.0 0.0 0.0 0.0 0.0 0.0 0.0 0.0 0.0
1108447 3 7 28 82 0.0 0.0 0.0 0.0 0.0 0.0 0.0 0.0 0.0 0.0 0.0 0.0 0.0 0.0 0.0 0.0 0.0 0.0 0.0 0.0 0.0 0.0 0.0 0.0
1108447 3 7 29 82 0.0 0.0 0.0 0.0 0.0 0.0 0.0 0.0 0.0 0.0 0.0 0.0 0.0 0.0 0.0 0.0 0.0 0.0 0.0 0.0 0.0 0.0 0.0 0.0
1108447 3 7 30 82 0.0 0.0 0.0 0.0 0.0 0.0 0.0 0.0 0.0 0.0 0.0 0.0 0.0 0.0 0.0 0.0 1.0 1.0 1.0 1.0 2.0 2.0 1.0 2.0
1108447 3 7 31 82 2.0 1.0 2.0 1.0 0.0 1.0 8.0 5.0 9.0 6.0 2.0 1.0 1.0 1.0 1.0 1.0 0.0 0.0 0.0 1.0 1.0 1.0 0.0 0.0
1108447 3 8 1 82 0.0 0.0 0.0 0.0 6.0 8.0 9.0 9.0 9.0 9.0 9.0 4.0 1.0 1.0 1.0 1.0 2.0 4.0 5.0 7.0 5.0 1.0 1.0 2.0
1108447 3 8 2 82 2.0 2.0 2.0 2.0 6.0 6.0 7.0 7.0 7.0 6.0 5.0 2.0 2.0 2.0 2.0 2.0 2.0 2.0 2.0 2.0 2.0 1.0 1.0 2.0
1108447 3 8 3 82 2.0 1.0 1.0 1.0 1.0 3.0 2.0 2.0 2.0 3.0 5.0 5.0 5.0 4.0 6.0 4.0 4.0 4.0 3.0 3.0 2.0 2.0 2.0 3.0
1108447 3 8 4 82 0.0 0.0 0.0 0.0 0.0 1.0 1.0 1.0 1.0 1.0 2.0 4.0 4.0 4.0 4.0 4.0 4.0 3.0 3.0 2.0 1.0 1.0 0.0 0.0
1108447 3 8 5 82 0.0 0.0 0.0 0.0 0.0 2.0 3.0 3.0 2.0 3.0 3.0 3.0 5.0 4.0 3.0 3.0 3.0 4.0 5.0 5.0 2.0 3.0 5.0 8.0
1108447 3 8 6 82 10.0 10.0 10.0 10.0 10.0 10.0 10.0 9.0 9.0 10.0 10.0 9.0 7.0 5.0 6.0 4.0 2.0 1.0 1.0 2.0 2.0 1.0 0.0 1.0
1108447 3 8 7 82 2.0 5.0 5.0 5.0 5.0 7.0 4.0 3.0 1.0 3.0 3.0 2.0 3.0 1.0 1.0 0.0 0.0 0.0 1.0 5.0 2.0 3.0 3.0 7.0
1108447 3 8 8 82 4.0 7.0 2.0 2.0 5.0 6.0 6.0 7.0 7.0 7.0 8.0 8.0 8.0 9.0 10.0 9.0 9.0 10.0 9.0 7.0 8.0 6.0 6.0 5.0
1108447 3 8 9 82 5.0 6.0 5.0 5.0 5.0 8.0 9.0 8.0 7.0 7.0 8.0 9.0 9.0 9.0 9.0 8.0 9.0 7.0 6.0 4.0 4.0 5.0 5.0 5.0
1108447 3 8 10 82 4.0 5.0 5.0 4.0 5.0 7.0 8.0 9.0 9.0 10.0 9.0 9.0 8.0 8.0 3.0 3.0 3.0 3.0 2.0 3.0 3.0 6.0 6.0 8.0
1108447 3 8 11 82 9.0 7.0 6.0 5.0 5.0 8.0 8.0 7.0 8.0 9.0 9.0 8.0 5.0 6.0 6.0 6.0 6.0 7.0 5.0 4.0 4.0 3.0 5.0 5.0
1108447 3 8 12 82 3.0 3.0 6.0 6.0 6.0 4.0 9.0 9.0 9.0 10.0 9.0 8.0 7.0 6.0 4.0 3.0 3.0 3.0 2.0 2.0 1.0 1.0 0.0 0.0
1108447 3 8 13 82 0.0 0.0 1.0 1.0 0.0 2.0 2.0 2.0 1.0 2.0 1.0 1.0 2.0 2.0 4.0 4.0 4.0 4.0 2.0 3.0 3.0 2.0 2.0 0.0
1108447 3 8 14 82 0.0 0.0 0.0 0.0 0.0 1.0 1.0 1.0 2.0 1.0 0.0 0.0 0.0 0.0 0.0 0.0 2.0 2.0 4.0 2.0 2.0 1.0 1.0 2.0
1108447 3 8 15 82 2.0 5.0 4.0 4.0 2.0 2.0 8.0 8.0 9.0 7.0 8.0 9.0 9.0 6.0 5.0 3.0 4.0 6.0 7.0 7.0 7.0 7.0 7.0 7.0
1108447 3 8 16 82 5.0 4.0 2.0 2.0 2.0 2.0 3.0 3.0 1.0 2.0 4.0 7.0 4.0 3.0 2.0 3.0 9.0 9.0 9.0 9.0 9.0 5.0 9.0 8.0
1108447 3 8 17 82 7.0 4.0 7.0 9.0 9.0 9.0 6.0 8.0 5.0 3.0 2.0 3.0 4.0 2.0 2.0 2.0 2.0 1.0 0.0 0.0 1.0 1.0 1.0 1.0
1108447 3 8 18 82 0.0 0.0 0.0 0.0 0.0 1.0 3.0 3.0 3.0 6.0 7.0 5.0 3.0 2.0 2.0 2.0 2.0 2.0 2.0 2.0 2.0 1.0 0.0 0.0
1108447 3 8 19 82 5.0 5.0 5.0 3.0 4.0 6.0 7.0 7.0 8.0 8.0 7.0 8.0 6.0 2.0 2.0 1.0 1.0 1.0 2.0 1.0 1.0 1.0 0.0 0.0
1108447 3 8 20 82 0.0 2.0 2.0 2.0 0.0 1.0 1.0 2.0 1.0 2.0 1.0 1.0 1.0 1.0 0.0 0.0 0.0 0.0 0.0 0.0 1.0 1.0 0.0 0.0
1108447 3 8 21 82 0.0 0.0 0.0 2.0 2.0 3.0 3.0 4.0 4.0 5.0 3.0 3.0 3.0 4.0 3.0 2.0 3.0 4.0 5.0 5.0 3.0 4.0 4.0 6.0
1108447 3 8 22 82 5.0 6.0 7.0 6.0 8.0 10.0 9.0 9.0 10.0 10.0 10.0 9.0 8.0 7.0 4.0 4.0 3.0 3.0 2.0 2.0 2.0 2.0 1.0 1.0
1108447 3 8 23 82 3.0 1.0 1.0 5.0 5.0 4.0 5.0 4.0 3.0 7.0 7.0 6.0 5.0 7.0 7.0 6.0 6.0 2.0 2.0 1.0 1.0 1.0 0.0 0.0
1108447 3 8 24 82 1.0 1.0 2.0 2.0 2.0 1.0 3.0 7.0 6.0 5.0 3.0 4.0 4.0 7.0 8.0 8.0 8.0 8.0 8.0 7.0 7.0 9.0 9.0 9.0
1108447 3 8 25 82 5.0 5.0 4.0 7.0 5.0 5.0 7.0 8.0 8.0 8.0 9.0 9.0 9.0 9.0 9.0 10.0 10.0 9.0 8.0 7.0 8.0 8.0 8.0 6.0
1108447 3 8 26 82 7.0 6.0 6.0 7.0 7.0 9.0 10.0 10.0 9.0 9.0 8.0 8.0 8.0 9.0 5.0 4.0 6.0 4.0 5.0 4.0 1.0 1.0 1.0 2.0
1108447 3 8 27 82 3.0 3.0 5.0 9.0 8.0 5.0 7.0 5.0 6.0 7.0 4.0 2.0 2.0 2.0 2.0 2.0 2.0 2.0 2.0 1.0 1.0 1.0 0.0 0.0
1108447 3 8 28 82 0.0 0.0 0.0 0.0 0.0 0.0 1.0 1.0 1.0 0.0 1.0 1.0 1.0 1.0 1.0 1.0 1.0 1.0 0.0 0.0 0.0 0.0 0.0 0.0
1108447 3 8 29 82 0.0 0.0 0.0 0.0 0.0 0.0 0.0 0.0 0.0 0.0 0.0 0.0 0.0 0.0 1.0 1.0 0.0 0.0 0.0 1.0 1.0 1.0 1.0 1.0
1108447 3 8 30 82 0.0 1.0 1.0 1.0 1.0 0.0 1.0 0.0 0.0 0.0 0.0 1.0 1.0 1.0 2.0 2.0 3.0 3.0 4.0 3.0 2.0 1.0 1.0 1.0
1108447 3 8 31 82 1.0 1.0 1.0 1.0 1.0 2.0 3.0 1.0 1.0 2.0 2.0 2.0 2.0 3.0 2.0 2.0 2.0 2.0 2.0 1.0 1.0 1.0 1.0 1.0
1108447 3 9 1 82 0.0 0.0 0.0 0.0 0.0 1.0 2.0 2.0 2.0 3.0 2.0 2.0 1.0 1.0 0.0 0.0 0.0 0.0 1.0 2.0 2.0 2.0 2.0 2.0
1108447 3 9 2 82 2.0 0.0 0.0 0.0 0.0 1.0 2.0 3.0 1.0 1.0 1.0 1.0 1.0 0.0 0.0 0.0 0.0 0.0 0.0 0.0 0.0 0.0 0.0 0.0
1108447 3 9 3 82 0.0 0.0 0.0 0.0 0.0 1.0 1.0 1.0 0.0 0.0 0.0 0.0 0.0 0.0 0.0 1.0 1.0 1.0 3.0 3.0 2.0 2.0 2.0 3.0
1108447 3 9 4 82 3.0 3.0 3.0 2.0 2.0 3.0 4.0 4.0 5.0 4.0 3.0 3.0 3.0 2.0 2.0 2.0 2.0 1.0 2.0 2.0 1.0 1.0 1.0 2.0
1108447 3 9 5 82 2.0 0.0 1.0 2.0 2.0 3.0 4.0 5.0 3.0 3.0 3.0 3.0 3.0 3.0 3.0 3.0 2.0 2.0 3.0 2.0 2.0 2.0 2.0 2.0
1108447 3 9 6 82 2.0 2.0 0.0 0.0 0.0 2.0 3.0 5.0 5.0 2.0 4.0 5.0 5.0 5.0 8.0 8.0 9.0 10.0 10.0 10.0 10.0 10.0 10.0 10.0
1108447 3 9 7 82 10.0 10.0 10.0 10.0 4.0 8.0 8.0 9.0 8.0 9.0 9.0 9.0 8.0 8.0 8.0 8.0 7.0 6.0 5.0 6.0 4.0 3.0 3.0 3.0
1108447 3 9 8 82 4.0 8.0 6.0 4.0 8.0 5.0 9.0 8.0 5.0 8.0 8.0 4.0 3.0 2.0 2.0 2.0 2.0 3.0 4.0 7.0 7.0 8.0 10.0 10.0
1108447 3 9 9 82 10.0 9.0 9.0 9.0 7.0 4.0 5.0 5.0 3.0 3.0 2.0 3.0 2.0 2.0 2.0 2.0 1.0 1.0 1.0 1.0 1.0 0.0 1.0 1.0
1108447 3 9 10 82 3.0 8.0 8.0 9.0 10.0 10.0 10.0 10.0 10.0 10.0 10.0 10.0 10.0 10.0 10.0 10.0 10.0 10.0 10.0 10.0 10.0 6.0 6.0 10.0
1108447 3 9 11 82 7.0 8.0 10.0 8.0 9.0 9.0 10.0 10.0 10.0 9.0 9.0 9.0 9.0 9.0 8.0 7.0 4.0 4.0 4.0 3.0 6.0 3.0 2.0 2.0
1108447 3 9 12 82 2.0 2.0 1.0 2.0 2.0 2.0 2.0 1.0 3.0 4.0 6.0 7.0 6.0 3.0 2.0 2.0 2.0 1.0 1.0 1.0 0.0 0.0 0.0 0.0
1108447 3 9 13 82 0.0 0.0 0.0 1.0 1.0 0.0 0.0 0.0 3.0 2.0 2.0 3.0 2.0 5.0 8.0 5.0 5.0 6.0 8.0 10.0 5.0 5.0 4.0 8.0
1108447 3 9 14 82 9.0 9.0 10.0 10.0 10.0 10.0 10.0 10.0 10.0 10.0 5.0 6.0 5.0 2.0 3.0 3.0 2.0 2.0 2.0 2.0 1.0 1.0 1.0 1.0
1108447 3 9 15 82 4.0 0.0 0.0 1.0 3.0 4.0 6.0 6.0 7.0 8.0 8.0 8.0 9.0 9.0 8.0 5.0 5.0 7.0 5.0 5.0 6.0 7.0 3.0 7.0
1108447 3 9 16 82 6.0 8.0 8.0 7.0 7.0 7.0 9.0 7.0 8.0 9.0 9.0 8.0 8.0 8.0 6.0 6.0 4.0 5.0 5.0 3.0 6.0 5.0 9.0 10.0
1108447 3 9 17 82 10.0 7.0 6.0 9.0 6.0 8.0 5.0 9.0 9.0 9.0 10.0 10.0 10.0 10.0 10.0 10.0 10.0 9.0 10.0 10.0 10.0 10.0 10.0 10.0
1108447 3 9 18 82 10.0 10.0 10.0 10.0 10.0 10.0 10.0 10.0 10.0 10.0 10.0 10.0 10.0 10.0 10.0 10.0 10.0 10.0 10.0 10.0 10.0 10.0 10.0 10.0
1108447 3 9 19 82 10.0 5.0 5.0 3.0 6.0 7.0 9.0 5.0 5.0 6.0 3.0 4.0 4.0 4.0 2.0 3.0 3.0 3.0 3.0 2.0 2.0 1.0 4.0 3.0
1108447 3 9 20 82 0.0 1.0 1.0 2.0 8.0 9.0 8.0 9.0 10.0 10.0 10.0 8.0 5.0 3.0 2.0 2.0 1.0 1.0 2.0 0.0 0.0 0.0 0.0 0.0
1108447 3 9 21 82 0.0 0.0 0.0 0.0 0.0 0.0 1.0 1.0 1.0 1.0 2.0 3.0 3.0 3.0 3.0 4.0 3.0 3.0 4.0 3.0 2.0 3.0 7.0 2.0
1108447 3 9 22 82 1.0 1.0 2.0 3.0 1.0 1.0 2.0 3.0 3.0 2.0 2.0 2.0 2.0 2.0 3.0 3.0 3.0 7.0 3.0 2.0 3.0 2.0 4.0 7.0
1108447 3 9 23 82 6.0 6.0 5.0 3.0 2.0 3.0 3.0 9.0 10.0 9.0 8.0 6.0 7.0 7.0 4.0 3.0 3.0 3.0 2.0 2.0 1.0 1.0 1.0 1.0
1108447 3 9 24 82 1.0 0.0 0.0 0.0 0.0 0.0 1.0 1.0 2.0 2.0 4.0 3.0 4.0 7.0 8.0 9.0 9.0 9.0 5.0 6.0 7.0 8.0 2.0 4.0
1108447 3 9 25 82 4.0 3.0 1.0 1.0 1.0 1.0 1.0 7.0 2.0 1.0 2.0 4.0 4.0 8.0 9.0 7.0 4.0 3.0 1.0 1.0 0.0 0.0 0.0 1.0
1108447 3 9 26 82 0.0 0.0 0.0 0.0 0.0 1.0 1.0 1.0 1.0 1.0 1.0 1.0 0.0 1.0 0.0 0.0 0.0 0.0 0.0 0.0 0.0 0.0 0.0 0.0
1108447 3 9 27 82 0.0 0.0 0.0 0.0 0.0 0.0 0.0 0.0 0.0 0.0 1.0 1.0 0.0 0.0 1.0 1.0 1.0 1.0 1.0 1.0 1.0 1.0 0.0 0.0
1108447 3 9 28 82 0.0 0.0 0.0 0.0 0.0 0.0 0.0 0.0 0.0 0.0 0.0 0.0 0.0 0.0 0.0 0.0 0.0 1.0 1.0 0.0 0.0 0.0 0.0 0.0
1108447 3 9 29 82 0.0 0.0 0.0 0.0 0.0 0.0 1.0 0.0 0.0 0.0 2.0 2.0 1.0 1.0 1.0 1.0 1.0 0.0 1.0 0.0 0.0 0.0 0.0 2.0
1108447 3 9 30 82 1.0 5.0 7.0 8.0 8.0 8.0 9.0 8.0 9.0 9.0 4.0 1.0 2.0 1.0 2.0 4.0 5.0 7.0 5.0 5.0 3.0 2.0 2.0 1.0
1108447 3 10 1 82 2.0 2.0 2.0 8.0 5.0 5.0 7.0 7.0 6.0 5.0 5.0 3.0 4.0 4.0 4.0 1.0 1.0 1.0 1.0 1.0 1.0 1.0 0.0 1.0
1108447 3 10 2 82 1.0 1.0 1.0 1.0 0.0 7.0 8.0 9.0 9.0 9.0 9.0 9.0 10.0 9.0 7.0 2.0 2.0 1.0 0.0 0.0 0.0 0.0 0.0 2.0
1108447 3 10 3 82 3.0 10.0 10.0 10.0 10.0 10.0 10.0 10.0 10.0 10.0 10.0 10.0 10.0 10.0 9.0 10.0 10.0 10.0 10.0 10.0 10.0 10.0 10.0 10.0
1108447 3 10 4 82 999.0 10.0 10.0 10.0 10.0 10.0 10.0 10.0 10.0 10.0 10.0 10.0 9.0 10.0 10.0 10.0 10.0 10.0 10.0 10.0 10.0 10.0 10.0 10.0
1108447 3 10 5 82 10.0 10.0 10.0 10.0 10.0 10.0 10.0 10.0 10.0 10.0 10.0 10.0 10.0 10.0 10.0 10.0 10.0 10.0 10.0 10.0 10.0 10.0 10.0 10.0
1108447 3 10 6 82 10.0 10.0 10.0 10.0 10.0 10.0 10.0 10.0 10.0 10.0 10.0 10.0 10.0 10.0 10.0 10.0 10.0 10.0 10.0 10.0 10.0 10.0 9.0 8.0
1108447 3 10 7 82 7.0 9.0 4.0 3.0 3.0 6.0 8.0 9.0 9.0 7.0 5.0 4.0 4.0 5.0 2.0 5.0 8.0 7.0 9.0 9.0 10.0 10.0 10.0 10.0
1108447 3 10 8 82 10.0 8.0 10.0 10.0 10.0 10.0 9.0 9.0 10.0 10.0 9.0 9.0 9.0 7.0 8.0 7.0 4.0 4.0 9.0 8.0 8.0 9.0 9.0 9.0
1108447 3 10 9 82 8.0 9.0 9.0 8.0 9.0 10.0 8.0 7.0 9.0 9.0 9.0 9.0 10.0 9.0 10.0 9.0 6.0 6.0 5.0 8.0 4.0 7.0 8.0 7.0
1108447 3 10 10 82 7.0 9.0 9.0 9.0 9.0 9.0 7.0 8.0 7.0 7.0 6.0 7.0 6.0 6.0 6.0 5.0 4.0 3.0 6.0 9.0 9.0 10.0 10.0 10.0
1108447 3 10 11 82 10.0 10.0 10.0 10.0 10.0 9.0 9.0 10.0 10.0 10.0 10.0 10.0 10.0 10.0 10.0 10.0 10.0 8.0 9.0 8.0 9.0 10.0 10.0 10.0
1108447 3 10 12 82 10.0 10.0 10.0 10.0 10.0 10.0 10.0 9.0 9.0 8.0 8.0 8.0 9.0 9.0 10.0 10.0 9.0 10.0 8.0 5.0 3.0 2.0 1.0 1.0
1108447 3 10 13 82 1.0 1.0 1.0 1.0 7.0 5.0 3.0 4.0 7.0 8.0 8.0 7.0 7.0 8.0 7.0 5.0 7.0 8.0 8.0 9.0 8.0 7.0 6.0 5.0
1108447 3 10 14 82 6.0 6.0 7.0 5.0 5.0 2.0 3.0 3.0 2.0 2.0 2.0 2.0 1.0 1.0 1.0 2.0 2.0 2.0 2.0 2.0 2.0 1.0 2.0 2.0
1108447 3 10 15 82 2.0 1.0 1.0 1.0 0.0 3.0 4.0 9.0 9.0 10.0 10.0 10.0 10.0 10.0 10.0 10.0 10.0 10.0 10.0 10.0 10.0 10.0 10.0 10.0
1108447 3 10 16 82 10.0 10.0 10.0 10.0 10.0 10.0 10.0 10.0 10.0 10.0 10.0 10.0 10.0 10.0 10.0 10.0 10.0 10.0 10.0 10.0 10.0 10.0 10.0 10.0
1108447 3 10 17 82 10.0 10.0 10.0 10.0 10.0 10.0 10.0 10.0 10.0 10.0 10.0 10.0 10.0 10.0 10.0 10.0 10.0 10.0 10.0 10.0 10.0 10.0 10.0 10.0
1108447 3 10 18 82 10.0 10.0 10.0 10.0 10.0 10.0 10.0 9.0 10.0 10.0 10.0 10.0 10.0 10.0 10.0 10.0 9.0 10.0 9.0 10.0 10.0 10.0 10.0 10.0
1108447 3 10 19 82 10.0 10.0 10.0 10.0 10.0 10.0 10.0 9.0 7.0 8.0 7.0 7.0 6.0 4.0 4.0 4.0 5.0 4.0 4.0 5.0 4.0 7.0 8.0 9.0
1108447 3 10 20 82 10.0 10.0 10.0 10.0 10.0 10.0 10.0 10.0 10.0 10.0 10.0 10.0 10.0 10.0 10.0 10.0 9.0 10.0 10.0 10.0 10.0 10.0 10.0 10.0
1108447 3 10 21 82 10.0 10.0 10.0 10.0 10.0 10.0 10.0 10.0 10.0 9.0 10.0 10.0 10.0 7.0 9.0 5.0 9.0 3.0 4.0 6.0 8.0 5.0 4.0 6.0
1108447 3 10 22 82 4.0 6.0 3.0 5.0 7.0 8.0 8.0 10.0 10.0 10.0 10.0 10.0 10.0 10.0 10.0 10.0 10.0 7.0 7.0 4.0 3.0 2.0 7.0 10.0
1108447 3 10 23 82 10.0 10.0 4.0 7.0 7.0 4.0 3.0 4.0 4.0 4.0 2.0 2.0 3.0 3.0 3.0 4.0 5.0 5.0 4.0 5.0 4.0 7.0 5.0 6.0
1108447 3 10 24 82 6.0 7.0 8.0 7.0 7.0 8.0 8.0 8.0 8.0 8.0 7.0 9.0 7.0 8.0 5.0 8.0 8.0 8.0 4.0 7.0 4.0 5.0 4.0 8.0
1108447 3 10 25 82 999.0 4.0 3.0 3.0 2.0 2.0 2.0 2.0 2.0 1.0 1.0 1.0 2.0 1.0 4.0 3.0 3.0 4.0 3.0 2.0 2.0 2.0 1.0 0.0
1108447 3 10 26 82 1.0 1.0 1.0 1.0 5.0 5.0 5.0 3.0 2.0 2.0 2.0 10.0 3.0 7.0 9.0 10.0 10.0 10.0 10.0 10.0 10.0 10.0 10.0 10.0
1108447 3 10 27 82 10.0 10.0 10.0 10.0 10.0 10.0 10.0 10.0 10.0 9.0 9.0 9.0 10.0 10.0 9.0 10.0 9.0 9.0 10.0 10.0 10.0 10.0 10.0 10.0
1108447 3 10 28 82 10.0 10.0 10.0 10.0 10.0 10.0 10.0 10.0 10.0 9.0 9.0 9.0 8.0 8.0 10.0 10.0 8.0 4.0 3.0 3.0 1.0 2.0 2.0 0.0
1108447 3 10 29 82 0.0 1.0 0.0 0.0 0.0 4.0 3.0 3.0 4.0 4.0 6.0 7.0 4.0 5.0 6.0 5.0 6.0 4.0 2.0 2.0 3.0 1.0 1.0 2.0
1108447 3 10 30 82 3.0 4.0 4.0 4.0 3.0 4.0 4.0 6.0 5.0 4.0 6.0 6.0 7.0 4.0 4.0 2.0 2.0 1.0 1.0 1.0 1.0 0.0 0.0 0.0
1108447 3 10 31 82 0.0 1.0 1.0 1.0 0.0 0.0 0.0 1.0 1.0 1.0 1.0 1.0 1.0 1.0 2.0 6.0 3.0 3.0 7.0 6.0 8.0 9.0 9.0 10.0
1108447 3 11 1 82 9.0 7.0 7.0 4.0 6.0 6.0 9.0 8.0 9.0 10.0 10.0 10.0 10.0 10.0 9.0 10.0 9.0 7.0 10.0 9.0 10.0 10.0 4.0 3.0
1108447 3 11 2 82 8.0 5.0 5.0 3.0 4.0 6.0 7.0 5.0 5.0 4.0 4.0 2.0 1.0 1.0 1.0 1.0 0.0 0.0 0.0 0.0 0.0 0.0 0.0 0.0
1108447 3 11 3 82 0.0 0.0 0.0 0.0 0.0 0.0 0.0 1.0 1.0 3.0 2.0 2.0 1.0 2.0 2.0 2.0 4.0 4.0 6.0 5.0 1.0 1.0 0.0 0.0
1108447 3 11 4 82 0.0 0.0 0.0 0.0 0.0 0.0 0.0 0.0 0.0 0.0 0.0 0.0 0.0 0.0 0.0 0.0 0.0 0.0 0.0 0.0 0.0 0.0 0.0 0.0
1108447 3 11 5 82 0.0 2.0 3.0 1.0 1.0 1.0 0.0 1.0 1.0 1.0 1.0 0.0 0.0 0.0 0.0 0.0 0.0 0.0 0.0 0.0 0.0 0.0 0.0 0.0
1108447 3 11 6 82 0.0 0.0 0.0 0.0 0.0 0.0 0.0 0.0 1.0 1.0 1.0 0.0 0.0 0.0 0.0 0.0 0.0 0.0 0.0 0.0 0.0 0.0 0.0 0.0
1108447 3 11 7 82 0.0 0.0 0.0 0.0 0.0 0.0 0.0 0.0 0.0 0.0 0.0 0.0 0.0 0.0 0.0 1.0 2.0 3.0 7.0 6.0 9.0 8.0 9.0 8.0
1108447 3 11 8 82 8.0 8.0 8.0 9.0 9.0 8.0 9.0 9.0 9.0 10.0 8.0 3.0 4.0 3.0 4.0 3.0 4.0 3.0 3.0 2.0 2.0 2.0 1.0 1.0
1108447 3 11 9 82 2.0 3.0 2.0 2.0 2.0 2.0 2.0 2.0 1.0 1.0 0.0 0.0 0.0 0.0 1.0 1.0 1.0 1.0 1.0 3.0 3.0 7.0 8.0 8.0
1108447 3 11 10 82 9.0 10.0 7.0 7.0 8.0 8.0 10.0 10.0 10.0 10.0 10.0 10.0 10.0 10.0 10.0 10.0 10.0 10.0 10.0 10.0 9.0 8.0 8.0 3.0
1108447 3 11 11 82 5.0 10.0 9.0 7.0 5.0 7.0 5.0 3.0 4.0 5.0 5.0 5.0 5.0 6.0 6.0 6.0 6.0 5.0 6.0 4.0 4.0 4.0 4.0 3.0
1108447 3 11 12 82 3.0 4.0 7.0 8.0 10.0 10.0 8.0 9.0 9.0 8.0 10.0 10.0 10.0 10.0 7.0 3.0 2.0 1.0 1.0 1.0 2.0 1.0 2.0 1.0
1108447 3 11 13 82 1.0 1.0 0.0 0.0 0.0 0.0 1.0 3.0 4.0 3.0 1.0 1.0 1.0 1.0 2.0 1.0 1.0 1.0 1.0 1.0 6.0 3.0 1.0 4.0
1108447 3 11 14 82 5.0 5.0 5.0 6.0 5.0 5.0 3.0 8.0 9.0 9.0 9.0 10.0 9.0 10.0 10.0 10.0 10.0 10.0 10.0 10.0 10.0 10.0 10.0 10.0
1108447 3 11 15 82 10.0 10.0 10.0 10.0 10.0 10.0 10.0 10.0 10.0 10.0 9.0 10.0 9.0 10.0 10.0 10.0 10.0 10.0 10.0 4.0 7.0 8.0 10.0 9.0
1108447 3 11 16 82 9.0 10.0 10.0 10.0 8.0 10.0 10.0 10.0 10.0 10.0 10.0 10.0 10.0 9.0 8.0 9.0 9.0 9.0 9.0 10.0 10.0 10.0 5.0 6.0
1108447 3 11 17 82 8.0 8.0 5.0 4.0 3.0 2.0 3.0 4.0 4.0 3.0 4.0 4.0 9.0 10.0 10.0 10.0 10.0 10.0 10.0 10.0 10.0 10.0 10.0 10.0
1108447 3 11 18 82 10.0 10.0 10.0 10.0 10.0 10.0 10.0 10.0 10.0 10.0 10.0 10.0 10.0 10.0 10.0 10.0 10.0 10.0 10.0 10.0 10.0 10.0 10.0 10.0
1108447 3 11 19 82 10.0 10.0 10.0 10.0 10.0 10.0 10.0 5.0 3.0 3.0 3.0 5.0 4.0 3.0 5.0 4.0 5.0 5.0 7.0 6.0 7.0 7.0 4.0 5.0
1108447 3 11 20 82 5.0 5.0 4.0 6.0 4.0 7.0 4.0 5.0 7.0 8.0 8.0 8.0 5.0 4.0 5.0 5.0 5.0 4.0 2.0 3.0 2.0 2.0 2.0 3.0
1108447 3 11 21 82 7.0 8.0 6.0 5.0 5.0 5.0 4.0 3.0 3.0 5.0 4.0 7.0 7.0 8.0 9.0 7.0 6.0 7.0 7.0 4.0 4.0 7.0 7.0 9.0
1108447 3 11 22 82 9.0 10.0 10.0 10.0 10.0 10.0 10.0 9.0 9.0 9.0 10.0 10.0 10.0 10.0 10.0 10.0 10.0 10.0 10.0 10.0 10.0 10.0 10.0 10.0
1108447 3 11 23 82 10.0 10.0 10.0 10.0 10.0 10.0 10.0 10.0 10.0 10.0 10.0 10.0 10.0 10.0 10.0 10.0 10.0 10.0 10.0 10.0 4.0 4.0 9.0 10.0
1108447 3 11 24 82 7.0 3.0 2.0 2.0 4.0 8.0 3.0 3.0 2.0 2.0 3.0 7.0 8.0 6.0 5.0 7.0 5.0 6.0 9.0 10.0 10.0 10.0 10.0 10.0
1108447 3 11 25 82 10.0 10.0 10.0 10.0 10.0 10.0 10.0 9.0 5.0 3.0 2.0 2.0 2.0 3.0 4.0 4.0 3.0 5.0 6.0 5.0 4.0 4.0 4.0 3.0
1108447 3 11 26 82 3.0 3.0 2.0 2.0 2.0 2.0 2.0 5.0 2.0 2.0 2.0 2.0 2.0 3.0 3.0 2.0 3.0 2.0 2.0 2.0 1.0 7.0 7.0 10.0
1108447 3 11 27 82 8.0 10.0 10.0 9.0 10.0 10.0 8.0 8.0 10.0 10.0 10.0 10.0 10.0 10.0 10.0 10.0 10.0 10.0 10.0 10.0 10.0 10.0 10.0 10.0
1108447 3 11 28 82 10.0 10.0 10.0 10.0 10.0 10.0 10.0 10.0 10.0 10.0 10.0 10.0 10.0 10.0 10.0 10.0 10.0 10.0 10.0 10.0 10.0 10.0 10.0 10.0
1108447 3 11 29 82 10.0 10.0 10.0 10.0 10.0 10.0 10.0 9.0 8.0 6.0 8.0 4.0 3.0 2.0 2.0 5.0 4.0 5.0 5.0 5.0 3.0 4.0 2.0 3.0
1108447 3 11 30 82 3.0 4.0 3.0 1.0 1.0 1.0 0.0 1.0 0.0 0.0 0.0 0.0 0.0 0.0 0.0 0.0 0.0 1.0 0.0 0.0 1.0 1.0 1.0 2.0
1108447 3 12 1 82 2.0 2.0 3.0 3.0 6.0 7.0 7.0 8.0 8.0 7.0 8.0 9.0 9.0 9.0 9.0 10.0 10.0 10.0 10.0 10.0 10.0 10.0 10.0 10.0
1108447 3 12 2 82 10.0 10.0 10.0 10.0 10.0 10.0 10.0 10.0 10.0 10.0 10.0 10.0 10.0 10.0 10.0 10.0 10.0 10.0 10.0 10.0 10.0 3.0 1.0 1.0
1108447 3 12 3 82 1.0 1.0 1.0 1.0 3.0 2.0 6.0 2.0 2.0 2.0 2.0 1.0 2.0 2.0 3.0 3.0 4.0 6.0 7.0 5.0 5.0 3.0 3.0 2.0
1108447 3 12 4 82 3.0 3.0 3.0 4.0 5.0 6.0 8.0 9.0 9.0 10.0 10.0 10.0 10.0 10.0 10.0 10.0 10.0 10.0 10.0 10.0 10.0 10.0 10.0 9.0
1108447 3 12 5 82 10.0 10.0 10.0 10.0 10.0 10.0 10.0 7.0 10.0 10.0 10.0 10.0 10.0 10.0 10.0 10.0 10.0 10.0 10.0 10.0 10.0 10.0 10.0 10.0
1108447 3 12 6 82 10.0 9.0 9.0 8.0 6.0 4.0 4.0 7.0 9.0 9.0 7.0 7.0 9.0 10.0 10.0 10.0 10.0 10.0 10.0 10.0 10.0 10.0 7.0 6.0
1108447 3 12 7 82 5.0 6.0 8.0 4.0 3.0 6.0 9.0 10.0 9.0 10.0 10.0 10.0 10.0 10.0 8.0 7.0 9.0 10.0 10.0 4.0 10.0 10.0 10.0 10.0
1108447 3 12 8 82 10.0 10.0 10.0 10.0 10.0 10.0 10.0 9.0 10.0 9.0 9.0 9.0 9.0 9.0 8.0 8.0 8.0 8.0 10.0 10.0 10.0 10.0 10.0 2.0
1108447 3 12 9 82 3.0 4.0 5.0 2.0 1.0 0.0 0.0 2.0 7.0 8.0 8.0 9.0 9.0 9.0 10.0 10.0 10.0 10.0 9.0 9.0 10.0 10.0 10.0 10.0
1108447 3 12 10 82 10.0 10.0 10.0 10.0 10.0 10.0 10.0 9.0 10.0 10.0 10.0 10.0 10.0 10.0 10.0 10.0 8.0 8.0 10.0 10.0 10.0 10.0 10.0 10.0
1108447 3 12 11 82 10.0 10.0 10.0 10.0 10.0 10.0 10.0 10.0 10.0 10.0 10.0 10.0 10.0 10.0 10.0 10.0 10.0 10.0 10.0 10.0 10.0 10.0 10.0 10.0
1108447 3 12 12 82 10.0 10.0 10.0 10.0 8.0 4.0 8.0 8.0 10.0 10.0 10.0 10.0 7.0 8.0 3.0 3.0 3.0 3.0 5.0 4.0 4.0 6.0 999.0 10.0
1108447 3 12 13 82 10.0 10.0 10.0 10.0 10.0 10.0 10.0 10.0 10.0 10.0 10.0 10.0 10.0 10.0 10.0 10.0 8.0 9.0 9.0 10.0 10.0 10.0 8.0 10.0
1108447 3 12 14 82 10.0 10.0 10.0 8.0 9.0 9.0 9.0 10.0 10.0 10.0 10.0 10.0 10.0 8.0 7.0 6.0 5.0 8.0 8.0 4.0 4.0 2.0 1.0 1.0
1108447 3 12 15 82 1.0 2.0 2.0 2.0 1.0 6.0 3.0 5.0 9.0 10.0 10.0 10.0 10.0 10.0 10.0 10.0 10.0 10.0 10.0 10.0 10.0 10.0 10.0 10.0
1108447 3 12 16 82 10.0 10.0 10.0 10.0 10.0 10.0 10.0 10.0 10.0 10.0 10.0 10.0 10.0 10.0 10.0 10.0 7.0 3.0 1.0 2.0 1.0 1.0 1.0 1.0
1108447 3 12 17 82 4.0 8.0 4.0 7.0 7.0 8.0 7.0 6.0 5.0 9.0 9.0 5.0 5.0 6.0 9.0 8.0 8.0 8.0 8.0 7.0 6.0 3.0 4.0 7.0
1108447 3 12 18 82 4.0 999.0 6.0 7.0 4.0 4.0 3.0 2.0 4.0 4.0 4.0 4.0 3.0 2.0 2.0 2.0 2.0 3.0 2.0 2.0 2.0 2.0 1.0 0.0
1108447 3 12 19 82 0.0 0.0 7.0 8.0 7.0 9.0 4.0 4.0 4.0 7.0 8.0 7.0 9.0 10.0 10.0 10.0 10.0 10.0 10.0 10.0 10.0 10.0 10.0 10.0
1108447 3 12 20 82 10.0 9.0 9.0 9.0 10.0 9.0 10.0 9.0 9.0 10.0 10.0 10.0 10.0 10.0 10.0 10.0 10.0 10.0 10.0 10.0 7.0 6.0 6.0 3.0
1108447 3 12 21 82 5.0 4.0 4.0 8.0 6.0 6.0 7.0 7.0 8.0 8.0 8.0 4.0 4.0 3.0 8.0 7.0 9.0 9.0 8.0 9.0 9.0 10.0 10.0 10.0
1108447 3 12 22 82 8.0 7.0 7.0 2.0 2.0 1.0 1.0 1.0 3.0 3.0 4.0 4.0 5.0 5.0 5.0 5.0 4.0 4.0 4.0 6.0 7.0 7.0 2.0 2.0
1108447 3 12 23 82 2.0 1.0 2.0 2.0 2.0 4.0 8.0 8.0 9.0 9.0 9.0 10.0 10.0 10.0 10.0 10.0 10.0 10.0 10.0 9.0 9.0 9.0 8.0 8.0
1108447 3 12 24 82 9.0 10.0 10.0 10.0 10.0 10.0 10.0 10.0 8.0 8.0 9.0 9.0 9.0 8.0 9.0 10.0 10.0 8.0 9.0 10.0 6.0 5.0 7.0 7.0
1108447 3 12 25 82 7.0 8.0 8.0 10.0 8.0 4.0 7.0 8.0 6.0 5.0 5.0 5.0 7.0 8.0 5.0 3.0 7.0 4.0 7.0 2.0 2.0 5.0 4.0 4.0
1108447 3 12 26 82 3.0 4.0 2.0 5.0 5.0 6.0 3.0 4.0 3.0 4.0 5.0 5.0 6.0 7.0 7.0 9.0 7.0 9.0 10.0 10.0 10.0 10.0 10.0 10.0
1108447 3 12 27 82 10.0 10.0 10.0 10.0 10.0 10.0 10.0 10.0 10.0 10.0 9.0 10.0 10.0 10.0 10.0 10.0 10.0 7.0 8.0 6.0 3.0 2.0 8.0 8.0
1108447 3 12 28 82 8.0 7.0 7.0 6.0 8.0 5.0 4.0 4.0 4.0 4.0 5.0 4.0 5.0 4.0 4.0 3.0 3.0 3.0 1.0 1.0 0.0 0.0 0.0 0.0
1108447 3 12 29 82 0.0 0.0 0.0 0.0 0.0 0.0 0.0 0.0 1.0 1.0 1.0 1.0 1.0 1.0 1.0 1.0 1.0 1.0 1.0 1.0 1.0 1.0 2.0 7.0
1108447 3 12 30 82 8.0 9.0 9.0 7.0 9.0 9.0 9.0 10.0 10.0 10.0 10.0 10.0 10.0 10.0 10.0 10.0 10.0 10.0 10.0 10.0 10.0 10.0 10.0 10.0
1108447 3 12 31 82 10.0 10.0 10.0 10.0 10.0 10.0 10.0 10.0 10.0 10.0 10.0 10.0 10.0 10.0 10.0 10.0 10.0 10.0 10.0 9.0 10.0 10.0 10.0 10.0
1108447 4 1 1 82 10.0 9.0 9.0 7.0 7.0 8.0 7.0 3.0 4.0 4.0 4.0 6.0 6.0 6.0 7.0 7.0 7.0 8.0 6.0 7.0 7.0 8.0 9.0 7.0
1108447 4 1 2 82 8.0 6.0 5.0 8.0 7.0 8.0 9.0 9.0 9.0 8.0 9.0 2.0 6.0 9.0 9.0 9.0 8.0 7.0 10.0 10.0 10.0 10.0 10.0 10.0
1108447 4 1 3 82 10.0 10.0 10.0 10.0 10.0 10.0 9.0 10.0 8.0 5.0 6.0 5.0 4.0 2.0 1.0 2.0 2.0 2.0 2.0 3.0 3.0 2.0 2.0 0.0
1108447 4 1 4 82 0.0 0.0 0.0 0.0 0.0 1.0 1.0 0.0 0.0 0.0 1.0 1.0 1.0 1.0 1.0 1.0 1.0 1.0 1.0 1.0 1.0 1.0 2.0 1.0
1108447 4 1 5 82 1.0 2.0 3.0 4.0 4.0 4.0 5.0 5.0 6.0 6.0 6.0 5.0 6.0 6.0 7.0 7.0 5.0 2.0 4.0 5.0 5.0 5.0 5.0 7.0
1108447 4 1 6 82 9.0 9.0 10.0 10.0 10.0 10.0 10.0 10.0 10.0 10.0 10.0 10.0 10.0 10.0 10.0 10.0 10.0 10.0 10.0 10.0 10.0 10.0 10.0 10.0
1108447 4 1 7 82 10.0 10.0 10.0 10.0 10.0 10.0 10.0 10.0 10.0 10.0 10.0 10.0 10.0 10.0 10.0 10.0 10.0 10.0 10.0 10.0 10.0 10.0 8.0 10.0
1108447 4 1 8 82 10.0 10.0 10.0 10.0 10.0 10.0 10.0 10.0 10.0 9.0 9.0 9.0 8.0 8.0 9.0 10.0 10.0 10.0 10.0 10.0 9.0 10.0 10.0 10.0
1108447 4 1 9 82 10.0 10.0 10.0 10.0 10.0 10.0 9.0 10.0 10.0 10.0 10.0 10.0 10.0 10.0 10.0 10.0 9.0 10.0 10.0 10.0 10.0 10.0 10.0 10.0
1108447 4 1 10 82 10.0 10.0 10.0 10.0 10.0 10.0 10.0 10.0 9.0 9.0 10.0 10.0 10.0 10.0 10.0 10.0 10.0 10.0 10.0 10.0 10.0 10.0 10.0 4.0
1108447 4 1 11 82 6.0 9.0 9.0 8.0 8.0 10.0 10.0 10.0 10.0 10.0 10.0 9.0 8.0 8.0 10.0 10.0 8.0 6.0 9.0 9.0 6.0 6.0 7.0 5.0
1108447 4 1 12 82 5.0 8.0 8.0 5.0 7.0 8.0 9.0 9.0 8.0 9.0 9.0 9.0 10.0 10.0 10.0 10.0 10.0 10.0 10.0 10.0 10.0 10.0 10.0 10.0
1108447 4 1 13 82 10.0 8.0 9.0 10.0 10.0 10.0 10.0 10.0 10.0 10.0 10.0 10.0 10.0 10.0 10.0 10.0 10.0 10.0 10.0 10.0 10.0 10.0 10.0 10.0
1108447 4 1 14 82 10.0 10.0 10.0 10.0 10.0 10.0 10.0 10.0 10.0 10.0 10.0 10.0 10.0 10.0 10.0 10.0 10.0 10.0 10.0 10.0 10.0 10.0 10.0 10.0
1108447 4 1 15 82 10.0 10.0 10.0 10.0 10.0 10.0 10.0 9.0 9.0 8.0 7.0 3.0 3.0 2.0 2.0 3.0 4.0 3.0 3.0 2.0 3.0 1.0 1.0 1.0
1108447 4 1 16 82 3.0 3.0 8.0 8.0 4.0 4.0 4.0 5.0 9.0 8.0 8.0 8.0 8.0 8.0 8.0 7.0 9.0 10.0 10.0 10.0 10.0 9.0 10.0 9.0
1108447 4 1 17 82 9.0 10.0 9.0 8.0 8.0 6.0 9.0 9.0 9.0 9.0 9.0 10.0 7.0 8.0 10.0 10.0 10.0 10.0 10.0 10.0 10.0 10.0 10.0 10.0
1108447 4 1 18 82 10.0 10.0 10.0 10.0 10.0 10.0 10.0 10.0 10.0 10.0 10.0 10.0 10.0 10.0 10.0 10.0 10.0 10.0 10.0 10.0 10.0 10.0 10.0 10.0
1108447 4 1 19 82 10.0 10.0 10.0 10.0 10.0 10.0 10.0 10.0 10.0 8.0 10.0 10.0 10.0 10.0 9.0 7.0 2.0 1.0 3.0 0.0 0.0 0.0 1.0 10.0
1108447 4 1 20 82 10.0 8.0 10.0 10.0 10.0 10.0 10.0 10.0 10.0 10.0 10.0 10.0 10.0 10.0 10.0 10.0 9.0 10.0 10.0 10.0 10.0 10.0 10.0 10.0
1108447 4 1 21 82 9.0 10.0 10.0 10.0 999.0 10.0 10.0 7.0 8.0 7.0 7.0 8.0 9.0 10.0 10.0 10.0 10.0 10.0 10.0 10.0 10.0 10.0 10.0 10.0
1108447 4 1 22 82 10.0 10.0 10.0 10.0 10.0 10.0 10.0 10.0 10.0 10.0 10.0 10.0 10.0 10.0 10.0 10.0 10.0 10.0 10.0 10.0 10.0 10.0 10.0 10.0
1108447 4 1 23 82 10.0 10.0 10.0 10.0 10.0 10.0 10.0 10.0 10.0 10.0 10.0 10.0 10.0 10.0 10.0 10.0 10.0 10.0 10.0 10.0 10.0 10.0 10.0 10.0
1108447 4 1 24 82 10.0 10.0 10.0 10.0 10.0 10.0 10.0 10.0 9.0 9.0 9.0 10.0 10.0 10.0 8.0 6.0 8.0 4.0 7.0 9.0 10.0 9.0 10.0 9.0
1108447 4 1 25 82 10.0 6.0 8.0 9.0 9.0 10.0 10.0 9.0 8.0 8.0 7.0 9.0 9.0 9.0 9.0 10.0 9.0 4.0 6.0 8.0 10.0 9.0 10.0 10.0
1108447 4 1 26 82 10.0 10.0 10.0 10.0 10.0 10.0 10.0 10.0 10.0 10.0 10.0 10.0 9.0 9.0 9.0 10.0 10.0 9.0 9.0 9.0 4.0 7.0 6.0 7.0
1108447 4 1 27 82 10.0 10.0 10.0 10.0 10.0 10.0 10.0 10.0 10.0 10.0 10.0 10.0 10.0 10.0 10.0 10.0 10.0 10.0 10.0 10.0 10.0 10.0 10.0 10.0
1108447 4 1 28 82 10.0 10.0 10.0 10.0 10.0 10.0 10.0 10.0 9.0 10.0 9.0 9.0 8.0 9.0 9.0 9.0 10.0 10.0 10.0 10.0 10.0 10.0 10.0 10.0
1108447 4 1 29 82 10.0 10.0 10.0 10.0 10.0 10.0 10.0 9.0 10.0 10.0 10.0 10.0 10.0 10.0 10.0 10.0 10.0 10.0 10.0 10.0 10.0 10.0 10.0 10.0
1108447 4 1 30 82 10.0 10.0 10.0 10.0 10.0 10.0 10.0 10.0 9.0 8.0 7.0 7.0 7.0 8.0 8.0 9.0 8.0 5.0 5.0 5.0 6.0 4.0 4.0 3.0
1108447 4 1 31 82 3.0 3.0 3.0 4.0 4.0 5.0 5.0 4.0 3.0 5.0 4.0 4.0 10.0 10.0 10.0 10.0 10.0 10.0 10.0 10.0 10.0 9.0 8.0 9.0
1108447 4 2 1 82 10.0 10.0 10.0 10.0 10.0 10.0 10.0 9.0 7.0 6.0 9.0 3.0 3.0 8.0 7.0 7.0 5.0 7.0 8.0 10.0 4.0 4.0 3.0 4.0
1108447 4 2 2 82 4.0 4.0 4.0 5.0 7.0 9.0 10.0 10.0 10.0 10.0 10.0 10.0 10.0 10.0 10.0 10.0 10.0 10.0 10.0 10.0 10.0 10.0 10.0 10.0
1108447 4 2 3 82 10.0 10.0 10.0 10.0 10.0 10.0 10.0 9.0 9.0 9.0 10.0 10.0 10.0 10.0 10.0 10.0 10.0 10.0 10.0 10.0 10.0 10.0 10.0 10.0
1108447 4 2 4 82 10.0 10.0 10.0 10.0 10.0 10.0 1.0 2.0 1.0 1.0 3.0 7.0 4.0 4.0 7.0 2.0 2.0 1.0 1.0 1.0 2.0 2.0 2.0 1.0
1108447 4 2 5 82 0.0 0.0 0.0 1.0 1.0 2.0 4.0 6.0 4.0 9.0 10.0 10.0 10.0 10.0 10.0 10.0 10.0 10.0 10.0 10.0 10.0 10.0 10.0 10.0
1108447 4 2 6 82 10.0 10.0 10.0 10.0 10.0 10.0 10.0 10.0 10.0 10.0 10.0 10.0 10.0 4.0 4.0 3.0 8.0 5.0 9.0 10.0 10.0 10.0 8.0 9.0
1108447 4 2 7 82 9.0 10.0 9.0 7.0 9.0 3.0 3.0 4.0 4.0 3.0 4.0 6.0 7.0 7.0 7.0 3.0 4.0 3.0 2.0 6.0 6.0 6.0 5.0 2.0
1108447 4 2 8 82 4.0 3.0 2.0 8.0 5.0 6.0 6.0 7.0 8.0 8.0 8.0 7.0 5.0 5.0 5.0 5.0 7.0 5.0 6.0 3.0 1.0 1.0 0.0 0.0
1108447 4 2 9 82 1.0 1.0 1.0 0.0 0.0 0.0 0.0 1.0 6.0 9.0 10.0 10.0 8.0 5.0 4.0 3.0 7.0 9.0 9.0 10.0 10.0 10.0 10.0 10.0
1108447 4 2 10 82 10.0 10.0 10.0 10.0 10.0 10.0 10.0 2.0 2.0 2.0 2.0 2.0 1.0 1.0 1.0 1.0 1.0 1.0 1.0 1.0 1.0 0.0 0.0 0.0
1108447 4 2 11 82 1.0 1.0 1.0 1.0 1.0 1.0 0.0 1.0 1.0 1.0 1.0 1.0 1.0 0.0 0.0 0.0 0.0 0.0 0.0 0.0 0.0 0.0 0.0 0.0
1108447 4 2 12 82 0.0 0.0 3.0 3.0 0.0 9.0 6.0 1.0 2.0 2.0 0.0 0.0 0.0 0.0 0.0 0.0 0.0 0.0 1.0 1.0 1.0 1.0 1.0 1.0
1108447 4 2 13 82 1.0 1.0 0.0 0.0 1.0 2.0 1.0 2.0 3.0 7.0 7.0 4.0 4.0 4.0 8.0 10.0 10.0 10.0 10.0 10.0 10.0 10.0 10.0 10.0
1108447 4 2 14 82 10.0 10.0 10.0 10.0 10.0 10.0 10.0 10.0 10.0 10.0 10.0 10.0 10.0 10.0 10.0 7.0 6.0 9.0 9.0 8.0 10.0 10.0 10.0 10.0
1108447 4 2 15 82 10.0 10.0 10.0 10.0 10.0 10.0 10.0 10.0 10.0 10.0 10.0 10.0 10.0 10.0 10.0 10.0 10.0 10.0 10.0 10.0 10.0 10.0 8.0 4.0
1108447 4 2 16 82 2.0 3.0 3.0 3.0 6.0 7.0 7.0 8.0 10.0 10.0 10.0 10.0 10.0 10.0 10.0 10.0 9.0 7.0 2.0 2.0 2.0 4.0 10.0 9.0
1108447 4 2 17 82 5.0 3.0 4.0 3.0 3.0 4.0 3.0 4.0 4.0 3.0 3.0 6.0 8.0 9.0 9.0 10.0 10.0 10.0 10.0 10.0 10.0 10.0 10.0 10.0
1108447 4 2 18 82 10.0 10.0 10.0 10.0 10.0 10.0 10.0 10.0 10.0 10.0 10.0 10.0 6.0 5.0 8.0 9.0 9.0 9.0 9.0 8.0 9.0 5.0 7.0 9.0
1108447 4 2 19 82 8.0 8.0 7.0 9.0 9.0 10.0 10.0 9.0 9.0 9.0 9.0 9.0 8.0 9.0 7.0 8.0 8.0 7.0 8.0 5.0 4.0 7.0 10.0 9.0
1108447 4 2 20 82 9.0 8.0 8.0 7.0 5.0 8.0 10.0 9.0 9.0 8.0 4.0 2.0 2.0 3.0 2.0 2.0 1.0 1.0 1.0 2.0 1.0 2.0 2.0 0.0
1108447 4 2 21 82 0.0 0.0 0.0 0.0 1.0 1.0 1.0 1.0 0.0 10.0 10.0 10.0 10.0 5.0 2.0 1.0 1.0 1.0 0.0 1.0 2.0 3.0 1.0 2.0
1108447 4 2 22 82 2.0 0.0 0.0 1.0 1.0 3.0 7.0 7.0 8.0 8.0 5.0 2.0 2.0 2.0 2.0 2.0 2.0 3.0 8.0 9.0 8.0 9.0 10.0 10.0
1108447 4 2 23 82 10.0 10.0 10.0 10.0 10.0 9.0 9.0 10.0 8.0 10.0 10.0 10.0 10.0 9.0 9.0 9.0 8.0 9.0 8.0 9.0 9.0 9.0 9.0 9.0
1108447 4 2 24 82 9.0 10.0 10.0 10.0 10.0 10.0 10.0 10.0 10.0 10.0 7.0 5.0 7.0 10.0 9.0 10.0 10.0 9.0 9.0 9.0 10.0 10.0 10.0 8.0
1108447 4 2 25 82 10.0 9.0 2.0 1.0 1.0 1.0 1.0 4.0 8.0 10.0 10.0 10.0 10.0 10.0 10.0 10.0 10.0 10.0 10.0 10.0 10.0 9.0 10.0 10.0
1108447 4 2 26 82 10.0 4.0 4.0 7.0 8.0 10.0 8.0 9.0 10.0 9.0 9.0 8.0 8.0 7.0 7.0 7.0 7.0 6.0 6.0 7.0 9.0 10.0 10.0 10.0
1108447 4 2 27 82 10.0 10.0 10.0 10.0 10.0 10.0 10.0 10.0 10.0 10.0 10.0 10.0 10.0 10.0 10.0 10.0 6.0 7.0 10.0 10.0 7.0 4.0 9.0 9.0
1108447 4 2 28 82 9.0 10.0 10.0 10.0 10.0 10.0 10.0 10.0 10.0 10.0 10.0 10.0 10.0 10.0 10.0 10.0 9.0 8.0 7.0 8.0 7.0 8.0 9.0 9.0
1108447 4 2 29 82 9.0 10.0 10.0 10.0 10.0 10.0 9.0 10.0 10.0 10.0 8.0 8.0 7.0 6.0 5.0 3.0 3.0 7.0 8.0 9.0 7.0 8.0 8.0 7.0
1108447 4 3 1 82 6.0 6.0 5.0 5.0 5.0 8.0 4.0 4.0 3.0 3.0 3.0 3.0 2.0 2.0 3.0 2.0 2.0 2.0 2.0 2.0 1.0 1.0 0.0 0.0
1108447 4 3 2 82 0.0 0.0 1.0 1.0 1.0 4.0 4.0 3.0 1.0 1.0 2.0 4.0 5.0 5.0 4.0 5.0 2.0 2.0 2.0 2.0 1.0 2.0 4.0 5.0
1108447 4 3 3 82 9.0 10.0 10.0 10.0 10.0 10.0 10.0 10.0 10.0 10.0 10.0 10.0 10.0 10.0 10.0 10.0 10.0 10.0 10.0 10.0 10.0 10.0 10.0 10.0
1108447 4 3 4 82 10.0 10.0 9.0 10.0 10.0 10.0 9.0 8.0 4.0 3.0 3.0 2.0 2.0 2.0 2.0 1.0 1.0 1.0 2.0 7.0 8.0 6.0 4.0 8.0
1108447 4 3 5 82 7.0 10.0 10.0 10.0 10.0 10.0 10.0 10.0 10.0 9.0 7.0 6.0 3.0 5.0 6.0 2.0 5.0 4.0 5.0 6.0 8.0 3.0 4.0 4.0
1108447 4 3 6 82 4.0 2.0 2.0 3.0 1.0 4.0 5.0 5.0 6.0 7.0 8.0 9.0 9.0 10.0 10.0 10.0 10.0 10.0 10.0 10.0 10.0 10.0 10.0 10.0
1108447 4 3 7 82 10.0 10.0 10.0 10.0 10.0 10.0 10.0 10.0 10.0 10.0 10.0 10.0 10.0 10.0 10.0 10.0 10.0 10.0 10.0 10.0 10.0 10.0 10.0 10.0
1108447 4 3 8 82 10.0 10.0 10.0 10.0 10.0 10.0 10.0 10.0 10.0 8.0 3.0 7.0 6.0 5.0 4.0 4.0 5.0 6.0 4.0 4.0 6.0 8.0 8.0 9.0
1108447 4 3 9 82 7.0 7.0 8.0 8.0 10.0 10.0 10.0 3.0 3.0 2.0 2.0 1.0 2.0 3.0 3.0 2.0 2.0 2.0 0.0 0.0 0.0 1.0 0.0 0.0
1108447 4 3 10 82 0.0 1.0 1.0 1.0 1.0 2.0 2.0 3.0 3.0 3.0 2.0 2.0 2.0 2.0 2.0 2.0 3.0 5.0 4.0 3.0 3.0 6.0 4.0 3.0
1108447 4 3 11 82 2.0 0.0 0.0 0.0 0.0 0.0 2.0 3.0 3.0 3.0 4.0 4.0 5.0 5.0 6.0 6.0 7.0 8.0 8.0 6.0 5.0 4.0 5.0 9.0
1108447 4 3 12 82 10.0 10.0 10.0 10.0 10.0 10.0 10.0 7.0 9.0 10.0 9.0 6.0 2.0 2.0 1.0 2.0 2.0 2.0 2.0 2.0 2.0 1.0 1.0 0.0
1108447 4 3 13 82 1.0 1.0 1.0 1.0 2.0 4.0 6.0 8.0 10.0 4.0 3.0 1.0 1.0 1.0 1.0 4.0 6.0 5.0 8.0 10.0 10.0 10.0 10.0 10.0
1108447 4 3 14 82 10.0 10.0 10.0 10.0 10.0 10.0 10.0 9.0 7.0 7.0 9.0 7.0 7.0 5.0 2.0 7.0 8.0 5.0 5.0 3.0 2.0 4.0 3.0 4.0
1108447 4 3 15 82 5.0 5.0 4.0 4.0 4.0 8.0 9.0 10.0 10.0 10.0 10.0 10.0 10.0 10.0 10.0 10.0 10.0 10.0 10.0 10.0 8.0 10.0 10.0 10.0
1108447 4 3 16 82 10.0 10.0 10.0 10.0 10.0 10.0 10.0 10.0 10.0 10.0 10.0 9.0 10.0 10.0 10.0 10.0 10.0 10.0 8.0 9.0 6.0 7.0 3.0 9.0
1108447 4 3 17 82 9.0 10.0 10.0 10.0 8.0 10.0 10.0 10.0 10.0 10.0 10.0 10.0 10.0 10.0 10.0 10.0 10.0 10.0 10.0 10.0 10.0 10.0 10.0 10.0
1108447 4 3 18 82 10.0 10.0 10.0 10.0 10.0 8.0 10.0 9.0 7.0 4.0 6.0 6.0 7.0 8.0 8.0 7.0 8.0 8.0 9.0 9.0 9.0 10.0 9.0 9.0
1108447 4 3 19 82 7.0 10.0 9.0 7.0 10.0 10.0 10.0 9.0 9.0 9.0 9.0 7.0 8.0 9.0 5.0 3.0 4.0 2.0 2.0 1.0 2.0 1.0 1.0 0.0
1108447 4 3 20 82 0.0 0.0 0.0 0.0 4.0 10.0 10.0 8.0 7.0 9.0 9.0 6.0 6.0 7.0 7.0 10.0 10.0 10.0 7.0 4.0 3.0 4.0 7.0 5.0
1108447 4 3 21 82 6.0 9.0 9.0 8.0 8.0 6.0 8.0 5.0 6.0 5.0 4.0 4.0 4.0 7.0 8.0 9.0 8.0 8.0 10.0 10.0 10.0 10.0 10.0 10.0
1108447 4 3 22 82 10.0 10.0 8.0 8.0 9.0 8.0 9.0 7.0 8.0 6.0 5.0 4.0 4.0 3.0 4.0 3.0 3.0 2.0 2.0 2.0 7.0 9.0 5.0 7.0
1108447 4 3 23 82 9.0 9.0 8.0 10.0 9.0 9.0 6.0 4.0 8.0 8.0 7.0 7.0 9.0 10.0 10.0 10.0 10.0 9.0 8.0 10.0 9.0 10.0 10.0 8.0
1108447 4 3 24 82 10.0 10.0 10.0 10.0 10.0 10.0 10.0 10.0 9.0 9.0 10.0 9.0 7.0 10.0 8.0 9.0 6.0 10.0 7.0 7.0 9.0 10.0 10.0 9.0
1108447 4 3 25 82 10.0 10.0 10.0 10.0 10.0 10.0 10.0 10.0 10.0 10.0 10.0 10.0 10.0 10.0 10.0 10.0 10.0 10.0 10.0 10.0 10.0 10.0 10.0 10.0
1108447 4 3 26 82 9.0 10.0 10.0 10.0 10.0 10.0 10.0 7.0 8.0 10.0 10.0 10.0 10.0 10.0 10.0 10.0 10.0 10.0 10.0 10.0 10.0 10.0 10.0 10.0
1108447 4 3 27 82 10.0 10.0 10.0 9.0 8.0 9.0 9.0 6.0 4.0 4.0 6.0 4.0 3.0 3.0 5.0 3.0 6.0 6.0 6.0 4.0 7.0 8.0 9.0 9.0
1108447 4 3 28 82 8.0 7.0 8.0 9.0 6.0 6.0 6.0 6.0 8.0 6.0 5.0 7.0 7.0 8.0 5.0 5.0 4.0 5.0 6.0 7.0 7.0 8.0 8.0 9.0
1108447 4 3 29 82 6.0 5.0 3.0 2.0 3.0 6.0 6.0 7.0 7.0 5.0 4.0 6.0 6.0 8.0 7.0 8.0 9.0 8.0 9.0 10.0 10.0 10.0 10.0 10.0
1108447 4 3 30 82 10.0 10.0 10.0 10.0 10.0 10.0 10.0 10.0 9.0 9.0 9.0 9.0 8.0 4.0 5.0 6.0 2.0 1.0 1.0 1.0 1.0 1.0 1.0 0.0
1108447 4 3 31 82 0.0 0.0 0.0 1.0 2.0 1.0 2.0 5.0 6.0 7.0 7.0 6.0 6.0 7.0 8.0 9.0 9.0 10.0 6.0 3.0 2.0 1.0 1.0 0.0
1108447 4 4 1 82 0.0 0.0 0.0 0.0 1.0 1.0 0.0 1.0 2.0 2.0 2.0 2.0 1.0 1.0 1.0 1.0 1.0 0.0 0.0 0.0 0.0 0.0 0.0 0.0
1108447 4 4 2 82 0.0 0.0 0.0 0.0 0.0 0.0 0.0 0.0 0.0 0.0 0.0 0.0 0.0 0.0 0.0 0.0 0.0 0.0 1.0 1.0 0.0 0.0 0.0 0.0
1108447 4 4 3 82 0.0 0.0 0.0 0.0 0.0 1.0 1.0 1.0 1.0 1.0 1.0 1.0 2.0 2.0 3.0 5.0 5.0 6.0 7.0 7.0 7.0 3.0 5.0 4.0
1108447 4 4 4 82 1.0 0.0 0.0 0.0 1.0 2.0 2.0 3.0 3.0 7.0 7.0 4.0 3.0 3.0 2.0 2.0 2.0 4.0 6.0 2.0 3.0 2.0 4.0 4.0
1108447 4 4 5 82 4.0 3.0 3.0 2.0 3.0 3.0 3.0 4.0 6.0 6.0 4.0 4.0 3.0 2.0 1.0 1.0 1.0 0.0 0.0 0.0 0.0 0.0 0.0 0.0
1108447 4 4 6 82 0.0 0.0 0.0 0.0 0.0 1.0 1.0 1.0 2.0 2.0 2.0 2.0 4.0 5.0 5.0 5.0 7.0 9.0 5.0 9.0 7.0 7.0 7.0 9.0
1108447 4 4 7 82 8.0 8.0 10.0 10.0 10.0 9.0 7.0 8.0 8.0 8.0 9.0 7.0 8.0 9.0 7.0 4.0 2.0 2.0 2.0 2.0 1.0 1.0 0.0 0.0
1108447 4 4 8 82 0.0 0.0 0.0 0.0 0.0 0.0 0.0 2.0 1.0 1.0 1.0 1.0 1.0 1.0 1.0 1.0 1.0 1.0 0.0 1.0 1.0 0.0 0.0 0.0
1108447 4 4 9 82 0.0 0.0 1.0 1.0 1.0 0.0 0.0 0.0 0.0 0.0 0.0 0.0 1.0 0.0 2.0 3.0 4.0 5.0 5.0 3.0 1.0 1.0 1.0 1.0
1108447 4 4 10 82 0.0 0.0 1.0 1.0 1.0 0.0 1.0 2.0 3.0 2.0 2.0 3.0 2.0 3.0 2.0 5.0 5.0 6.0 5.0 5.0 3.0 3.0 2.0 2.0
1108447 4 4 11 82 2.0 0.0 1.0 1.0 1.0 0.0 0.0 0.0 1.0 1.0 1.0 1.0 1.0 1.0 1.0 1.0 2.0 5.0 6.0 5.0 3.0 3.0 2.0 2.0
1108447 4 4 12 82 2.0 3.0 3.0 2.0 4.0 4.0 5.0 6.0 7.0 5.0 8.0 10.0 7.0 9.0 9.0 9.0 9.0 8.0 10.0 10.0 10.0 10.0 9.0 10.0
1108447 4 4 13 82 10.0 10.0 10.0 10.0 10.0 10.0 10.0 7.0 7.0 7.0 7.0 8.0 5.0 5.0 4.0 4.0 3.0 2.0 2.0 3.0 2.0 3.0 1.0 3.0
1108447 4 4 14 82 10.0 10.0 10.0 10.0 10.0 10.0 10.0 10.0 10.0 10.0 10.0 10.0 10.0 9.0 9.0 9.0 8.0 6.0 7.0 8.0 8.0 9.0 9.0 10.0
1108447 4 4 15 82 10.0 10.0 10.0 10.0 10.0 10.0 10.0 9.0 9.0 9.0 9.0 9.0 8.0 8.0 8.0 8.0 9.0 8.0 9.0 8.0 9.0 9.0 9.0 10.0
1108447 4 4 16 82 10.0 7.0 6.0 10.0 10.0 10.0 9.0 9.0 9.0 9.0 8.0 8.0 7.0 6.0 6.0 5.0 4.0 3.0 1.0 2.0 3.0 5.0 9.0 9.0
1108447 4 4 17 82 9.0 10.0 10.0 10.0 10.0 8.0 9.0 9.0 9.0 9.0 9.0 8.0 7.0 8.0 6.0 5.0 5.0 4.0 2.0 1.0 1.0 1.0 5.0 3.0
1108447 4 4 18 82 5.0 5.0 5.0 9.0 10.0 6.0 6.0 5.0 7.0 8.0 7.0 7.0 7.0 5.0 5.0 4.0 2.0 2.0 3.0 3.0 4.0 4.0 3.0 4.0
1108447 4 4 19 82 4.0 5.0 7.0 7.0 8.0 10.0 8.0 9.0 9.0 8.0 7.0 999.0 6.0 9.0 9.0 9.0 9.0 10.0 10.0 10.0 10.0 10.0 10.0 10.0
1108447 4 4 20 82 10.0 10.0 10.0 10.0 10.0 9.0 7.0 8.0 7.0 9.0 9.0 9.0 6.0 5.0 5.0 4.0 5.0 6.0 5.0 7.0 9.0 4.0 8.0 9.0
1108447 4 4 21 82 7.0 7.0 9.0 9.0 9.0 7.0 5.0 3.0 3.0 3.0 3.0 2.0 2.0 2.0 3.0 2.0 1.0 1.0 0.0 0.0 0.0 0.0 0.0 0.0
1108447 4 4 22 82 1.0 0.0 0.0 0.0 0.0 1.0 1.0 3.0 6.0 7.0 5.0 6.0 7.0 7.0 6.0 5.0 4.0 3.0 2.0 2.0 2.0 2.0 2.0 4.0
1108447 4 4 23 82 4.0 5.0 6.0 7.0 7.0 10.0 10.0 10.0 9.0 9.0 3.0 4.0 2.0 1.0 2.0 2.0 4.0 4.0 3.0 3.0 6.0 7.0 2.0 2.0
1108447 4 4 24 82 4.0 8.0 10.0 9.0 9.0 4.0 2.0 3.0 2.0 3.0 3.0 3.0 3.0 3.0 2.0 2.0 2.0 3.0 5.0 4.0 1.0 1.0 1.0 1.0
1108447 4 4 25 82 1.0 1.0 5.0 2.0 1.0 0.0 0.0 1.0 1.0 2.0 2.0 1.0 1.0 1.0 1.0 1.0 1.0 1.0 1.0 1.0 0.0 0.0 0.0 0.0
1108447 4 4 26 82 0.0 0.0 0.0 0.0 0.0 0.0 1.0 1.0 1.0 1.0 1.0 1.0 999.0 999.0 0.0 0.0 0.0 1.0 1.0 1.0 1.0 1.0 1.0 0.0
1108447 4 4 27 82 1.0 2.0 5.0 7.0 9.0 9.0 10.0 9.0 8.0 6.0 5.0 6.0 7.0 9.0 8.0 8.0 7.0 7.0 6.0 5.0 3.0 3.0 2.0 1.0
1108447 4 4 28 82 0.0 0.0 0.0 0.0 0.0 0.0 1.0 1.0 1.0 2.0 4.0 6.0 6.0 5.0 1.0 1.0 3.0 2.0 0.0 0.0 0.0 0.0 0.0 0.0
1108447 4 4 29 82 0.0 0.0 0.0 0.0 0.0 1.0 1.0 1.0 2.0 4.0 4.0 2.0 2.0 1.0 0.0 0.0 0.0 0.0 0.0 0.0 0.0 0.0 0.0 0.0
1108447 4 4 30 82 0.0 0.0 0.0 0.0 0.0 0.0 0.0 0.0 0.0 0.0 0.0 2.0 2.0 2.0 1.0 1.0 1.0 2.0 2.0 1.0 0.0 2.0 2.0 4.0
1108447 4 5 1 82 3.0 2.0 2.0 2.0 1.0 4.0 4.0 4.0 5.0 5.0 5.0 6.0 6.0 9.0 9.0 9.0 6.0 2.0 1.0 5.0 9.0 10.0 10.0 9.0
1108447 4 5 2 82 10.0 10.0 10.0 10.0 10.0 10.0 10.0 10.0 9.0 9.0 9.0 8.0 5.0 5.0 4.0 4.0 4.0 4.0 2.0 2.0 3.0 3.0 6.0 4.0
1108447 4 5 3 82 4.0 4.0 8.0 8.0 8.0 9.0 9.0 9.0 9.0 9.0 10.0 10.0 10.0 10.0 10.0 10.0 10.0 10.0 10.0 7.0 3.0 7.0 8.0 5.0
1108447 4 5 4 82 7.0 8.0 10.0 10.0 10.0 10.0 10.0 10.0 9.0 10.0 9.0 9.0 10.0 9.0 9.0 9.0 3.0 6.0 7.0 7.0 8.0 3.0 7.0 8.0
1108447 4 5 5 82 7.0 7.0 8.0 9.0 10.0 10.0 9.0 9.0 10.0 9.0 9.0 7.0 6.0 4.0 4.0 3.0 3.0 2.0 1.0 1.0 1.0 1.0 1.0 1.0
1108447 4 5 6 82 1.0 1.0 2.0 1.0 1.0 1.0 3.0 3.0 3.0 4.0 5.0 4.0 4.0 5.0 5.0 5.0 7.0 7.0 8.0 5.0 4.0 3.0 6.0 7.0
1108447 4 5 7 82 4.0 3.0 3.0 7.0 8.0 9.0 7.0 7.0 5.0 7.0 9.0 8.0 9.0 9.0 10.0 10.0 10.0 10.0 10.0 10.0 10.0 9.0 7.0 9.0
1108447 4 5 8 82 10.0 10.0 10.0 10.0 7.0 8.0 7.0 4.0 9.0 4.0 4.0 2.0 2.0 2.0 3.0 3.0 5.0 4.0 7.0 8.0 8.0 8.0 7.0 8.0
1108447 4 5 9 82 7.0 8.0 10.0 9.0 9.0 9.0 9.0 9.0 8.0 4.0 2.0 2.0 2.0 2.0 3.0 2.0 1.0 1.0 2.0 2.0 3.0 2.0 3.0 6.0
1108447 4 5 10 82 9.0 9.0 9.0 9.0 10.0 10.0 10.0 10.0 10.0 10.0 10.0 9.0 8.0 5.0 4.0 2.0 2.0 2.0 3.0 4.0 5.0 5.0 8.0 9.0
1108447 4 5 11 82 9.0 10.0 9.0 5.0 3.0 7.0 8.0 7.0 5.0 4.0 3.0 4.0 2.0 2.0 1.0 1.0 1.0 1.0 1.0 1.0 1.0 1.0 0.0 1.0
1108447 4 5 12 82 1.0 5.0 1.0 1.0 1.0 1.0 2.0 8.0 6.0 6.0 4.0 4.0 4.0 3.0 1.0 2.0 2.0 2.0 1.0 1.0 1.0 1.0 0.0 0.0
1108447 4 5 13 82 0.0 0.0 0.0 0.0 0.0 0.0 1.0 2.0 3.0 2.0 2.0 2.0 2.0 2.0 1.0 1.0 1.0 1.0 2.0 1.0 0.0 1.0 0.0 0.0
1108447 4 5 14 82 0.0 0.0 0.0 0.0 0.0 0.0 0.0 0.0 1.0 1.0 2.0 2.0 2.0 2.0 1.0 1.0 1.0 1.0 1.0 1.0 1.0 1.0 0.0 0.0
1108447 4 5 15 82 0.0 0.0 0.0 0.0 2.0 8.0 8.0 9.0 8.0 9.0 10.0 10.0 10.0 10.0 10.0 7.0 4.0 5.0 5.0 4.0 4.0 3.0 2.0 1.0
1108447 4 5 16 82 3.0 6.0 5.0 8.0 4.0 6.0 9.0 9.0 9.0 10.0 10.0 8.0 5.0 5.0 2.0 4.0 2.0 2.0 1.0 1.0 1.0 1.0 1.0 1.0
1108447 4 5 17 82 2.0 2.0 2.0 3.0 4.0 4.0 5.0 2.0 2.0 2.0 1.0 1.0 1.0 1.0 1.0 1.0 6.0 8.0 7.0 3.0 1.0 1.0 2.0 2.0
1108447 4 5 18 82 2.0 2.0 1.0 1.0 1.0 1.0 1.0 1.0 2.0 1.0 0.0 0.0 2.0 1.0 1.0 1.0 2.0 2.0 2.0 1.0 2.0 0.0 0.0 0.0
1108447 4 5 19 82 0.0 2.0 3.0 7.0 8.0 9.0 9.0 9.0 9.0 9.0 9.0 7.0 6.0 4.0 4.0 4.0 3.0 3.0 3.0 3.0 2.0 1.0 0.0 0.0
1108447 4 5 20 82 0.0 0.0 999.0 7.0 10.0 10.0 10.0 10.0 10.0 10.0 10.0 9.0 8.0 5.0 3.0 2.0 3.0 3.0 2.0 1.0 1.0 1.0 1.0 2.0
1108447 4 5 21 82 8.0 9.0 10.0 10.0 10.0 10.0 10.0 10.0 10.0 10.0 10.0 9.0 10.0 10.0 10.0 10.0 10.0 10.0 10.0 10.0 10.0 10.0 10.0 10.0
1108447 4 5 22 82 10.0 10.0 10.0 10.0 10.0 10.0 10.0 10.0 9.0 9.0 9.0 9.0 9.0 9.0 9.0 9.0 6.0 4.0 6.0 2.0 2.0 2.0 1.0 5.0
1108447 4 5 23 82 4.0 4.0 2.0 2.0 4.0 4.0 2.0 1.0 1.0 2.0 1.0 2.0 2.0 2.0 3.0 1.0 3.0 2.0 3.0 4.0 5.0 3.0 3.0 3.0
1108447 4 5 24 82 2.0 2.0 1.0 1.0 1.0 1.0 1.0 1.0 1.0 1.0 1.0 1.0 2.0 5.0 3.0 2.0 2.0 2.0 2.0 2.0 1.0 1.0 1.0 1.0
1108447 4 5 25 82 1.0 1.0 2.0 5.0 7.0 7.0 10.0 10.0 10.0 10.0 10.0 10.0 10.0 10.0 10.0 10.0 10.0 10.0 10.0 10.0 10.0 10.0 10.0 10.0
1108447 4 5 26 82 10.0 10.0 10.0 10.0 10.0 10.0 10.0 9.0 10.0 10.0 9.0 9.0 9.0 7.0 8.0 9.0 9.0 10.0 8.0 8.0 9.0 4.0 7.0 4.0
1108447 4 5 27 82 7.0 9.0 9.0 9.0 8.0 10.0 10.0 10.0 10.0 10.0 10.0 10.0 10.0 10.0 10.0 10.0 10.0 10.0 10.0 10.0 10.0 10.0 10.0 10.0
1108447 4 5 28 82 10.0 10.0 10.0 10.0 10.0 9.0 9.0 9.0 9.0 8.0 8.0 6.0 4.0 4.0 2.0 2.0 2.0 2.0 3.0 3.0 6.0 9.0 9.0 9.0
1108447 4 5 29 82 10.0 10.0 10.0 10.0 10.0 10.0 10.0 8.0 7.0 8.0 8.0 5.0 8.0 8.0 9.0 10.0 10.0 10.0 10.0 10.0 10.0 10.0 10.0 10.0
1108447 4 5 30 82 9.0 9.0 9.0 9.0 10.0 10.0 8.0 9.0 9.0 9.0 9.0 8.0 6.0 7.0 7.0 5.0 4.0 3.0 2.0 5.0 4.0 3.0 4.0 7.0
1108447 4 5 31 82 8.0 8.0 8.0 9.0 10.0 10.0 10.0 10.0 10.0 10.0 10.0 8.0 4.0 5.0 3.0 7.0 7.0 7.0 8.0 9.0 9.0 6.0 8.0 9.0
1108447 4 6 1 82 10.0 10.0 10.0 10.0 10.0 10.0 10.0 10.0 10.0 10.0 10.0 10.0 9.0 8.0 7.0 4.0 4.0 5.0 5.0 6.0 6.0 4.0 5.0 1.0
1108447 4 6 2 82 1.0 4.0 2.0 1.0 1.0 2.0 5.0 5.0 4.0 4.0 3.0 4.0 4.0 3.0 2.0 2.0 3.0 3.0 2.0 1.0 1.0 1.0 1.0 1.0
1108447 4 6 3 82 1.0 0.0 0.0 0.0 0.0 0.0 1.0 3.0 4.0 6.0 7.0 3.0 4.0 5.0 4.0 3.0 2.0 4.0 4.0 2.0 1.0 0.0 0.0 1.0
1108447 4 6 4 82 1.0 2.0 1.0 1.0 1.0 2.0 3.0 2.0 2.0 1.0 1.0 2.0 2.0 2.0 2.0 3.0 4.0 7.0 8.0 8.0 9.0 7.0 8.0 8.0
1108447 4 6 5 82 9.0 10.0 10.0 9.0 10.0 10.0 10.0 9.0 9.0 9.0 7.0 8.0 8.0 5.0 7.0 10.0 10.0 10.0 10.0 10.0 6.0 8.0 7.0 8.0
1108447 4 6 6 82 9.0 9.0 9.0 9.0 9.0 9.0 8.0 7.0 7.0 8.0 5.0 5.0 4.0 5.0 5.0 5.0 4.0 4.0 4.0 4.0 5.0 2.0 1.0 1.0
1108447 4 6 7 82 1.0 2.0 6.0 6.0 9.0 10.0 10.0 10.0 10.0 10.0 10.0 10.0 10.0 10.0 10.0 9.0 5.0 4.0 4.0 6.0 5.0 5.0 2.0 0.0
1108447 4 6 8 82 1.0 1.0 1.0 1.0 0.0 1.0 3.0 2.0 5.0 2.0 1.0 2.0 2.0 2.0 2.0 2.0 1.0 1.0 1.0 1.0 2.0 2.0 1.0 1.0
1108447 4 6 9 82 1.0 2.0 1.0 1.0 2.0 3.0 8.0 9.0 9.0 9.0 9.0 7.0 7.0 7.0 6.0 4.0 4.0 3.0 5.0 6.0 6.0 4.0 8.0 9.0
1108447 4 6 10 82 9.0 10.0 10.0 9.0 10.0 10.0 10.0 10.0 10.0 10.0 10.0 10.0 10.0 10.0 10.0 10.0 10.0 10.0 10.0 10.0 10.0 10.0 10.0 10.0
1108447 4 6 11 82 10.0 10.0 10.0 10.0 10.0 10.0 10.0 10.0 10.0 10.0 10.0 10.0 10.0 7.0 10.0 10.0 8.0 8.0 8.0 7.0 9.0 5.0 3.0 2.0
1108447 4 6 12 82 2.0 1.0 1.0 2.0 5.0 5.0 6.0 8.0 9.0 9.0 10.0 10.0 10.0 10.0 10.0 10.0 10.0 10.0 10.0 10.0 10.0 10.0 10.0 10.0
1108447 4 6 13 82 10.0 10.0 10.0 10.0 8.0 3.0 4.0 8.0 6.0 3.0 4.0 5.0 8.0 10.0 9.0 8.0 7.0 4.0 7.0 6.0 5.0 4.0 4.0 8.0
1108447 4 6 14 82 8.0 8.0 4.0 3.0 2.0 2.0 6.0 5.0 5.0 5.0 4.0 4.0 3.0 3.0 4.0 4.0 7.0 4.0 4.0 5.0 3.0 1.0 1.0 1.0
1108447 4 6 15 82 1.0 0.0 0.0 1.0 1.0 2.0 2.0 4.0 3.0 5.0 4.0 2.0 1.0 1.0 1.0 1.0 1.0 1.0 1.0 0.0 0.0 1.0 0.0 0.0
1108447 4 6 16 82 0.0 1.0 0.0 0.0 0.0 0.0 0.0 1.0 1.0 1.0 1.0 1.0 1.0 1.0 1.0 1.0 1.0 1.0 1.0 1.0 1.0 1.0 1.0 0.0
1108447 4 6 17 82 1.0 1.0 1.0 0.0 0.0 0.0 0.0 0.0 0.0 0.0 1.0 1.0 1.0 1.0 1.0 1.0 1.0 1.0 1.0 1.0 1.0 1.0 1.0 1.0
1108447 4 6 18 82 0.0 1.0 3.0 2.0 1.0 1.0 3.0 4.0 4.0 3.0 2.0 1.0 1.0 2.0 4.0 7.0 8.0 7.0 5.0 6.0 7.0 4.0 1.0 1.0
1108447 4 6 19 82 1.0 1.0 1.0 0.0 1.0 0.0 1.0 1.0 0.0 0.0 0.0 1.0 1.0 1.0 1.0 1.0 1.0 1.0 0.0 0.0 1.0 1.0 0.0 1.0
1108447 4 6 20 82 1.0 1.0 0.0 999.0 0.0 0.0 1.0 1.0 1.0 0.0 0.0 0.0 0.0 0.0 0.0 0.0 0.0 0.0 0.0 0.0 0.0 0.0 1.0 0.0
1108447 4 6 21 82 0.0 0.0 0.0 1.0 1.0 2.0 2.0 2.0 2.0 2.0 2.0 1.0 2.0 3.0 2.0 2.0 2.0 1.0 1.0 1.0 1.0 1.0 1.0 1.0
1108447 4 6 22 82 1.0 1.0 1.0 1.0 1.0 3.0 4.0 4.0 3.0 2.0 3.0 2.0 1.0 1.0 0.0 1.0 1.0 1.0 1.0 1.0 0.0 0.0 0.0 0.0
1108447 4 6 23 82 0.0 0.0 0.0 1.0 1.0 5.0 9.0 10.0 10.0 10.0 10.0 8.0 6.0 4.0 2.0 1.0 1.0 1.0 2.0 0.0 1.0 1.0 6.0 10.0
1108447 4 6 24 82 7.0 6.0 8.0 10.0 10.0 10.0 10.0 10.0 10.0 10.0 10.0 10.0 10.0 9.0 10.0 4.0 9.0 10.0 9.0 9.0 9.0 10.0 10.0 10.0
1108447 4 6 25 82 10.0 10.0 10.0 10.0 10.0 10.0 10.0 10.0 10.0 10.0 10.0 10.0 9.0 8.0 9.0 5.0 5.0 6.0 9.0 3.0 6.0 4.0 10.0 10.0
1108447 4 6 26 82 10.0 10.0 10.0 10.0 10.0 9.0 8.0 6.0 3.0 3.0 3.0 3.0 2.0 2.0 1.0 1.0 1.0 1.0 1.0 2.0 5.0 7.0 8.0 9.0
1108447 4 6 27 82 5.0 5.0 3.0 3.0 6.0 7.0 5.0 4.0 4.0 3.0 3.0 2.0 2.0 2.0 1.0 1.0 1.0 1.0 1.0 1.0 1.0 1.0 1.0 0.0
1108447 4 6 28 82 0.0 0.0 0.0 0.0 0.0 0.0 1.0 1.0 0.0 1.0 1.0 1.0 1.0 1.0 2.0 2.0 1.0 1.0 2.0 1.0 1.0 1.0 1.0 1.0
1108447 4 6 29 82 0.0 0.0 0.0 1.0 0.0 0.0 0.0 1.0 0.0 0.0 0.0 1.0 1.0 1.0 1.0 1.0 0.0 0.0 1.0 1.0 1.0 1.0 0.0 0.0
1108447 4 6 30 82 0.0 0.0 0.0 0.0 0.0 1.0 3.0 4.0 4.0 4.0 4.0 4.0 3.0 4.0 4.0 4.0 5.0 4.0 3.0 2.0 2.0 1.0 1.0 0.0
1108447 4 7 1 82 0.0 0.0 0.0 0.0 0.0 1.0 2.0 2.0 1.0 2.0 2.0 4.0 4.0 4.0 3.0 999.0 3.0 3.0 2.0 3.0 4.0 5.0 4.0 6.0
1108447 4 7 2 82 4.0 6.0 6.0 4.0 7.0 7.0 8.0 9.0 10.0 10.0 10.0 10.0 10.0 10.0 10.0 10.0 10.0 10.0 10.0 9.0 9.0 10.0 9.0 9.0
1108447 4 7 3 82 8.0 5.0 8.0 8.0 9.0 8.0 7.0 8.0 8.0 9.0 9.0 4.0 3.0 2.0 4.0 2.0 2.0 2.0 1.0 2.0 2.0 4.0 3.0 1.0
1108447 4 7 4 82 1.0 1.0 6.0 8.0 4.0 3.0 3.0 3.0 6.0 3.0 3.0 2.0 1.0 2.0 3.0 2.0 3.0 5.0 7.0 7.0 8.0 4.0 1.0 0.0
1108447 4 7 5 82 0.0 0.0 0.0 1.0 1.0 1.0 2.0 2.0 3.0 3.0 3.0 5.0 6.0 7.0 7.0 8.0 8.0 8.0 8.0 9.0 9.0 9.0 10.0 10.0
1108447 4 7 6 82 10.0 10.0 10.0 10.0 10.0 10.0 9.0 8.0 5.0 6.0 9.0 9.0 7.0 5.0 4.0 3.0 5.0 4.0 3.0 4.0 5.0 8.0 7.0 5.0
1108447 4 7 7 82 7.0 10.0 6.0 3.0 2.0 2.0 4.0 6.0 6.0 3.0 3.0 4.0 4.0 4.0 4.0 4.0 4.0 4.0 5.0 2.0 4.0 6.0 8.0 8.0
1108447 4 7 8 82 8.0 9.0 10.0 10.0 10.0 10.0 9.0 10.0 10.0 10.0 9.0 9.0 10.0 10.0 9.0 6.0 6.0 7.0 10.0 10.0 10.0 10.0 9.0 7.0
1108447 4 7 9 82 7.0 8.0 9.0 8.0 9.0 10.0 10.0 10.0 10.0 10.0 9.0 9.0 8.0 9.0 8.0 8.0 8.0 10.0 8.0 2.0 4.0 4.0 4.0 4.0
1108447 4 7 10 82 5.0 5.0 5.0 8.0 10.0 10.0 10.0 10.0 10.0 10.0 10.0 8.0 8.0 7.0 5.0 5.0 5.0 3.0 4.0 3.0 4.0 4.0 2.0 4.0
1108447 4 7 11 82 4.0 7.0 8.0 8.0 8.0 8.0 9.0 8.0 8.0 7.0 5.0 5.0 6.0 7.0 4.0 4.0 3.0 3.0 2.0 2.0 1.0 0.0 0.0 0.0
1108447 4 7 12 82 0.0 0.0 0.0 0.0 0.0 0.0 2.0 1.0 1.0 2.0 4.0 5.0 2.0 6.0 7.0 4.0 2.0 2.0 1.0 2.0 2.0 2.0 4.0 4.0
1108447 4 7 13 82 2.0 3.0 2.0 3.0 2.0 3.0 4.0 5.0 6.0 6.0 6.0 7.0 7.0 4.0 3.0 2.0 1.0 1.0 1.0 1.0 1.0 0.0 0.0 0.0
1108447 4 7 14 82 0.0 0.0 0.0 1.0 1.0 1.0 1.0 5.0 6.0 7.0 8.0 8.0 8.0 9.0 10.0 10.0 10.0 10.0 7.0 7.0 7.0 8.0 6.0 5.0
