1108447 4 10 1 82 0.0 0.0 0.0 0.0 0.0 0.0 0.0 0.0 0.0 0.0 0.0 0.0 0.0 0.0 0.0 0.0 0.0 0.0 0.0 0.0 0.0 0.0 0.0 0.0
1108447 4 10 2 82 0.0 0.0 0.0 0.0 0.0 0.0 0.0 0.0 0.0 0.0 0.0 0.0 0.0 0.0 0.0 0.0 0.0 0.0 0.0 0.0 0.0 0.0 0.0 0.0
1108447 4 10 3 82 0.0 0.0 0.0 0.0 0.0 0.0 0.0 0.0 0.0 0.0 0.0 0.0 0.0 0.0 0.0 0.0 0.0 0.0 0.0 0.0 0.0 0.0 0.0 0.0
1108447 4 10 4 82 0.0 0.0 0.0 0.0 0.0 0.0 0.0 10.0 10.0 10.0 9.0 5.0 2.0 2.0 1.0 1.0 0.0 0.0 0.0 0.0 0.0 0.0 0.0 0.0
1108447 4 10 5 82 0.0 0.0 0.0 0.0 0.0 0.0 0.0 2.0 5.0 6.0 8.0 9.0 10.0 10.0 10.0 10.0 10.0 9.0 5.0 8.0 9.0 8.0 9.0 9.0
1108447 4 10 6 82 9.0 10.0 10.0 10.0 8.0 4.0 7.0 4.0 5.0 4.0 3.0 3.0 3.0 9.0 10.0 10.0 9.0 7.0 8.0 4.0 5.0 3.0 1.0 7.0
1108447 4 10 7 82 6.0 999.0 1.0 1.0 1.0 2.0 3.0 999.0 999.0 999.0 999.0 7.0 10.0 10.0 10.0 10.0 999.0 999.0 999.0 999.0 999.0 10.0 10.0 10.0
1108447 4 10 8 82 10.0 10.0 10.0 10.0 10.0 10.0 10.0 10.0 10.0 10.0 10.0 10.0 10.0 10.0 10.0 10.0 10.0 10.0 10.0 10.0 10.0 10.0 10.0 9.0
1108447 4 10 9 82 9.0 8.0 3.0 3.0 10.0 10.0 10.0 10.0 10.0 10.0 10.0 10.0 10.0 10.0 10.0 9.0 10.0 10.0 10.0 10.0 10.0 10.0 10.0 10.0
1108447 4 10 10 82 8.0 9.0 9.0 9.0 10.0 10.0 10.0 8.0 9.0 10.0 9.0 7.0 8.0 9.0 10.0 10.0 10.0 10.0 10.0 10.0 10.0 10.0 10.0 10.0
1108447 4 10 11 82 10.0 10.0 10.0 10.0 10.0 8.0 10.0 10.0 10.0 10.0 10.0 10.0 8.0 7.0 10.0 10.0 8.0 9.0 9.0 9.0 9.0 7.0 8.0 6.0
1108447 4 10 12 82 2.0 3.0 7.0 9.0 9.0 9.0 2.0 2.0 3.0 3.0 3.0 2.0 2.0 1.0 2.0 1.0 2.0 1.0 2.0 2.0 2.0 2.0 4.0 4.0
1108447 4 10 13 82 3.0 1.0 1.0 1.0 1.0 1.0 1.0 0.0 1.0 1.0 1.0 5.0 5.0 1.0 0.0 0.0 0.0 0.0 1.0 0.0 0.0 0.0 1.0 10.0
1108447 4 10 14 82 9.0 9.0 10.0 10.0 10.0 10.0 10.0 10.0 10.0 10.0 10.0 10.0 10.0 10.0 9.0 9.0 4.0 5.0 8.0 8.0 999.0 10.0 10.0 10.0
1108447 4 10 15 82 10.0 9.0 9.0 10.0 10.0 10.0 10.0 10.0 10.0 10.0 10.0 10.0 10.0 10.0 10.0 10.0 10.0 10.0 10.0 10.0 10.0 10.0 10.0 10.0
1108447 4 10 16 82 10.0 10.0 10.0 10.0 10.0 10.0 9.0 8.0 8.0 8.0 5.0 5.0 2.0 3.0 3.0 3.0 4.0 5.0 9.0 9.0 9.0 6.0 8.0 10.0
1108447 4 10 17 82 10.0 9.0 10.0 10.0 10.0 10.0 10.0 10.0 10.0 10.0 10.0 10.0 10.0 10.0 10.0 10.0 10.0 10.0 10.0 10.0 10.0 10.0 10.0 10.0
1108447 4 10 18 82 10.0 10.0 10.0 10.0 10.0 8.0 7.0 5.0 7.0 4.0 4.0 4.0 3.0 7.0 7.0 7.0 6.0 9.0 10.0 10.0 10.0 10.0 10.0 10.0
1108447 4 10 19 82 10.0 10.0 10.0 10.0 10.0 10.0 10.0 10.0 10.0 10.0 10.0 10.0 9.0 9.0 10.0 10.0 10.0 9.0 8.0 7.0 9.0 9.0 9.0 8.0
1108447 4 10 20 82 8.0 5.0 3.0 3.0 7.0 9.0 10.0 9.0 8.0 8.0 10.0 10.0 9.0 9.0 10.0 10.0 10.0 10.0 10.0 10.0 9.0 9.0 10.0 9.0
1108447 4 10 21 82 9.0 6.0 3.0 2.0 7.0 9.0 9.0 9.0 9.0 9.0 8.0 7.0 4.0 3.0 2.0 5.0 7.0 9.0 9.0 10.0 9.0 10.0 10.0 10.0
1108447 4 10 22 82 10.0 10.0 10.0 10.0 10.0 10.0 10.0 10.0 10.0 10.0 9.0 9.0 9.0 9.0 9.0 9.0 8.0 5.0 2.0 4.0 2.0 1.0 1.0 1.0
1108447 4 10 23 82 0.0 1.0 1.0 1.0 1.0 8.0 7.0 7.0 4.0 7.0 8.0 8.0 7.0 5.0 3.0 3.0 5.0 5.0 4.0 4.0 7.0 10.0 8.0 5.0
1108447 4 10 24 82 4.0 10.0 8.0 8.0 4.0 4.0 6.0 7.0 9.0 10.0 10.0 6.0 8.0 8.0 6.0 7.0 7.0 9.0 10.0 10.0 10.0 10.0 10.0 10.0
1108447 4 10 25 82 10.0 10.0 10.0 10.0 10.0 10.0 10.0 10.0 10.0 10.0 10.0 10.0 10.0 10.0 10.0 10.0 10.0 10.0 10.0 10.0 10.0 10.0 10.0 10.0
1108447 4 10 26 82 10.0 10.0 10.0 10.0 10.0 10.0 10.0 10.0 8.0 7.0 7.0 6.0 5.0 4.0 4.0 3.0 3.0 2.0 1.0 1.0 1.0 1.0 0.0 0.0
1108447 4 10 27 82 0.0 0.0 0.0 0.0 0.0 1.0 1.0 3.0 2.0 1.0 0.0 1.0 1.0 1.0 1.0 1.0 0.0 1.0 1.0 0.0 0.0 1.0 0.0 0.0
1108447 4 10 28 82 2.0 6.0 8.0 10.0 10.0 10.0 10.0 10.0 10.0 10.0 10.0 10.0 10.0 10.0 10.0 10.0 10.0 9.0 10.0 10.0 10.0 10.0 10.0 10.0
1108447 4 10 29 82 10.0 10.0 8.0 10.0 10.0 8.0 9.0 10.0 10.0 10.0 10.0 10.0 10.0 10.0 9.0 10.0 10.0 10.0 10.0 10.0 10.0 10.0 10.0 9.0
1108447 4 10 30 82 4.0 6.0 8.0 6.0 7.0 5.0 6.0 4.0 3.0 2.0 3.0 2.0 2.0 1.0 3.0 2.0 2.0 4.0 5.0 4.0 3.0 3.0 5.0 4.0
1108447 4 10 31 82 9.0 5.0 3.0 2.0 0.0 0.0 1.0 1.0 1.0 1.0 1.0 1.0 2.0 3.0 6.0 7.0 10.0 10.0 10.0 10.0 10.0 10.0 10.0 9.0
1108447 4 11 1 82 9.0 10.0 10.0 10.0 10.0 10.0 10.0 10.0 10.0 10.0 10.0 10.0 10.0 10.0 10.0 10.0 10.0 10.0 10.0 10.0 10.0 10.0 10.0 10.0
1108447 4 11 2 82 10.0 10.0 10.0 10.0 10.0 10.0 10.0 10.0 10.0 10.0 10.0 8.0 6.0 4.0 4.0 3.0 4.0 4.0 4.0 7.0 7.0 3.0 6.0 5.0
1108447 4 11 3 82 4.0 2.0 4.0 6.0 7.0 5.0 5.0 2.0 2.0 7.0 2.0 4.0 4.0 3.0 3.0 3.0 3.0 3.0 3.0 2.0 2.0 1.0 2.0 5.0
1108447 4 11 4 82 7.0 3.0 4.0 5.0 4.0 3.0 2.0 3.0 3.0 7.0 9.0 9.0 8.0 7.0 7.0 4.0 3.0 3.0 5.0 5.0 3.0 8.0 10.0 8.0
1108447 4 11 5 82 10.0 10.0 10.0 10.0 10.0 10.0 9.0 9.0 8.0 8.0 9.0 9.0 9.0 9.0 10.0 10.0 10.0 10.0 10.0 10.0 10.0 10.0 10.0 10.0
1108447 4 11 6 82 10.0 10.0 10.0 10.0 10.0 10.0 10.0 10.0 10.0 10.0 10.0 10.0 10.0 10.0 10.0 10.0 10.0 10.0 10.0 10.0 10.0 10.0 10.0 10.0
1108447 4 11 7 82 10.0 10.0 10.0 10.0 10.0 10.0 10.0 10.0 10.0 10.0 10.0 10.0 10.0 9.0 9.0 9.0 9.0 10.0 10.0 10.0 10.0 10.0 10.0 10.0
1108447 4 11 8 82 10.0 10.0 9.0 7.0 9.0 9.0 7.0 8.0 9.0 9.0 8.0 8.0 5.0 7.0 5.0 5.0 4.0 4.0 3.0 10.0 8.0 10.0 10.0 10.0
1108447 4 11 9 82 10.0 10.0 10.0 10.0 10.0 10.0 10.0 10.0 10.0 10.0 10.0 10.0 10.0 8.0 7.0 7.0 6.0 10.0 10.0 10.0 10.0 10.0 10.0 10.0
1108447 4 11 10 82 10.0 10.0 3.0 8.0 4.0 2.0 1.0 2.0 4.0 4.0 8.0 3.0 7.0 4.0 3.0 3.0 2.0 1.0 1.0 1.0 1.0 1.0 1.0 2.0
1108447 4 11 11 82 5.0 5.0 6.0 5.0 10.0 10.0 10.0 9.0 9.0 6.0 7.0 8.0 6.0 4.0 3.0 4.0 4.0 7.0 4.0 2.0 2.0 6.0 9.0 10.0
1108447 4 11 12 82 10.0 10.0 10.0 10.0 10.0 10.0 10.0 10.0 10.0 10.0 9.0 9.0 8.0 9.0 10.0 10.0 10.0 10.0 10.0 10.0 10.0 10.0 10.0 10.0
1108447 4 11 13 82 10.0 10.0 10.0 10.0 10.0 10.0 10.0 10.0 10.0 10.0 10.0 10.0 10.0 10.0 10.0 10.0 10.0 10.0 10.0 10.0 10.0 10.0 10.0 10.0
1108447 4 11 14 82 10.0 10.0 10.0 10.0 10.0 10.0 10.0 10.0 10.0 10.0 10.0 10.0 10.0 10.0 10.0 10.0 10.0 10.0 10.0 10.0 10.0 10.0 10.0 10.0
1108447 4 11 15 82 10.0 10.0 10.0 10.0 10.0 10.0 10.0 10.0 10.0 9.0 9.0 2.0 2.0 2.0 2.0 2.0 2.0 1.0 4.0 7.0 7.0 7.0 2.0 1.0
1108447 4 11 16 82 8.0 5.0 6.0 7.0 8.0 9.0 9.0 10.0 6.0 8.0 9.0 10.0 10.0 10.0 7.0 2.0 2.0 3.0 2.0 2.0 3.0 5.0 7.0 7.0
1108447 4 11 17 82 4.0 999.0 3.0 1.0 1.0 0.0 0.0 4.0 4.0 7.0 3.0 4.0 4.0 5.0 9.0 10.0 10.0 10.0 10.0 10.0 10.0 10.0 10.0 10.0
1108447 4 11 18 82 10.0 10.0 7.0 7.0 9.0 10.0 10.0 10.0 10.0 10.0 9.0 10.0 10.0 10.0 9.0 8.0 7.0 2.0 1.0 4.0 4.0 1.0 1.0 1.0
1108447 4 11 19 82 2.0 2.0 2.0 3.0 5.0 8.0 10.0 9.0 8.0 8.0 6.0 7.0 9.0 9.0 3.0 2.0 3.0 4.0 3.0 4.0 3.0 8.0 9.0 5.0
1108447 4 11 20 82 10.0 7.0 7.0 5.0 5.0 5.0 7.0 5.0 5.0 8.0 8.0 6.0 9.0 8.0 9.0 8.0 10.0 8.0 8.0 4.0 1.0 2.0 3.0 3.0
1108447 4 11 21 82 3.0 3.0 1.0 7.0 10.0 10.0 10.0 10.0 10.0 10.0 10.0 10.0 10.0 10.0 10.0 10.0 10.0 10.0 10.0 10.0 10.0 10.0 10.0 10.0
1108447 4 11 22 82 10.0 10.0 10.0 10.0 10.0 10.0 10.0 10.0 10.0 10.0 10.0 10.0 10.0 10.0 10.0 10.0 10.0 10.0 10.0 10.0 10.0 10.0 10.0 10.0
1108447 4 11 23 82 10.0 10.0 10.0 9.0 10.0 10.0 10.0 10.0 10.0 10.0 10.0 10.0 10.0 10.0 10.0 10.0 10.0 10.0 10.0 10.0 10.0 10.0 10.0 10.0
1108447 4 11 24 82 10.0 10.0 10.0 10.0 10.0 10.0 10.0 10.0 10.0 10.0 10.0 10.0 10.0 10.0 10.0 10.0 10.0 10.0 10.0 10.0 10.0 10.0 10.0 10.0
1108447 4 11 25 82 8.0 5.0 4.0 3.0 7.0 7.0 6.0 8.0 8.0 8.0 9.0 7.0 4.0 3.0 3.0 9.0 10.0 9.0 9.0 4.0 3.0 2.0 1.0 1.0
1108447 4 11 26 82 1.0 1.0 3.0 4.0 8.0 7.0 8.0 9.0 8.0 7.0 10.0 10.0 10.0 10.0 10.0 10.0 10.0 10.0 10.0 10.0 10.0 10.0 10.0 9.0
1108447 4 11 27 82 9.0 9.0 10.0 9.0 2.0 2.0 2.0 2.0 4.0 2.0 3.0 3.0 3.0 2.0 1.0 1.0 1.0 1.0 0.0 0.0 0.0 1.0 6.0 6.0
1108447 4 11 28 82 5.0 3.0 1.0 2.0 1.0 1.0 1.0 1.0 2.0 3.0 2.0 2.0 3.0 5.0 5.0 5.0 5.0 6.0 4.0 2.0 3.0 2.0 6.0 6.0
1108447 4 11 29 82 8.0 8.0 9.0 10.0 10.0 10.0 10.0 9.0 9.0 10.0 10.0 10.0 10.0 10.0 10.0 10.0 10.0 10.0 10.0 10.0 10.0 10.0 10.0 10.0
1108447 4 11 30 82 10.0 10.0 10.0 10.0 10.0 10.0 10.0 9.0 10.0 8.0 9.0 9.0 10.0 10.0 10.0 10.0 10.0 10.0 10.0 10.0 10.0 10.0 10.0 9.0
1108447 4 12 1 82 9.0 7.0 5.0 5.0 4.0 3.0 3.0 4.0 6.0 7.0 9.0 9.0 9.0 9.0 9.0 9.0 10.0 10.0 10.0 10.0 10.0 10.0 10.0 10.0
1108447 4 12 2 82 10.0 10.0 10.0 10.0 10.0 10.0 10.0 10.0 10.0 10.0 10.0 10.0 10.0 10.0 10.0 10.0 10.0 10.0 10.0 10.0 10.0 10.0 10.0 10.0
1108447 4 12 3 82 10.0 10.0 10.0 10.0 10.0 10.0 10.0 10.0 10.0 8.0 10.0 10.0 10.0 10.0 10.0 10.0 10.0 10.0 10.0 10.0 10.0 10.0 10.0 10.0
1108447 4 12 4 82 10.0 10.0 10.0 10.0 10.0 10.0 10.0 10.0 10.0 10.0 10.0 10.0 10.0 10.0 10.0 10.0 10.0 10.0 10.0 10.0 10.0 10.0 10.0 10.0
1108447 4 12 5 82 10.0 10.0 7.0 6.0 3.0 7.0 8.0 4.0 2.0 3.0 5.0 5.0 3.0 7.0 7.0 7.0 4.0 3.0 2.0 6.0 6.0 9.0 10.0 8.0
1108447 4 12 6 82 9.0 10.0 9.0 9.0 10.0 10.0 10.0 10.0 10.0 10.0 10.0 10.0 10.0 10.0 10.0 10.0 10.0 10.0 9.0 10.0 10.0 10.0 10.0 10.0
1108447 4 12 7 82 10.0 10.0 10.0 10.0 10.0 10.0 10.0 10.0 10.0 10.0 10.0 10.0 10.0 10.0 10.0 10.0 10.0 10.0 10.0 10.0 10.0 10.0 10.0 10.0
1108447 4 12 8 82 10.0 10.0 10.0 10.0 10.0 10.0 10.0 10.0 10.0 10.0 9.0 10.0 9.0 9.0 9.0 6.0 7.0 5.0 7.0 9.0 10.0 9.0 9.0 6.0
1108447 4 12 9 82 10.0 7.0 9.0 3.0 8.0 10.0 9.0 10.0 9.0 9.0 10.0 10.0 10.0 10.0 10.0 10.0 10.0 10.0 10.0 10.0 10.0 10.0 10.0 10.0
1108447 4 12 10 82 10.0 10.0 10.0 10.0 10.0 10.0 10.0 10.0 10.0 10.0 10.0 10.0 10.0 10.0 10.0 10.0 10.0 10.0 10.0 10.0 10.0 10.0 10.0 10.0
1108447 4 12 11 82 10.0 10.0 4.0 2.0 1.0 1.0 1.0 1.0 2.0 2.0 1.0 2.0 2.0 2.0 2.0 2.0 2.0 1.0 1.0 1.0 1.0 1.0 1.0 1.0
1108447 4 12 12 82 1.0 2.0 2.0 2.0 1.0 1.0 1.0 1.0 2.0 4.0 5.0 6.0 7.0 8.0 10.0 10.0 9.0 6.0 7.0 8.0 8.0 9.0 8.0 9.0
1108447 4 12 13 82 9.0 9.0 9.0 9.0 8.0 9.0 8.0 10.0 10.0 10.0 10.0 10.0 10.0 10.0 10.0 10.0 10.0 10.0 9.0 10.0 10.0 10.0 9.0 8.0
1108447 4 12 14 82 10.0 10.0 10.0 10.0 10.0 10.0 10.0 10.0 10.0 10.0 10.0 10.0 10.0 10.0 9.0 10.0 10.0 10.0 8.0 9.0 9.0 9.0 9.0 9.0
1108447 4 12 15 82 9.0 10.0 9.0 9.0 9.0 10.0 10.0 6.0 3.0 3.0 10.0 10.0 10.0 10.0 10.0 10.0 10.0 10.0 10.0 10.0 10.0 10.0 6.0 4.0
1108447 4 12 16 82 3.0 3.0 2.0 1.0 1.0 1.0 1.0 1.0 2.0 6.0 8.0 9.0 10.0 10.0 10.0 10.0 10.0 10.0 10.0 10.0 10.0 4.0 2.0 2.0
1108447 4 12 17 82 5.0 8.0 8.0 7.0 10.0 4.0 10.0 10.0 7.0 4.0 4.0 3.0 5.0 9.0 9.0 10.0 10.0 10.0 10.0 10.0 10.0 10.0 10.0 10.0
1108447 4 12 18 82 10.0 10.0 10.0 10.0 10.0 999.0 10.0 10.0 10.0 10.0 10.0 10.0 10.0 10.0 10.0 9.0 6.0 7.0 9.0 10.0 9.0 8.0 7.0 9.0
1108447 4 12 19 82 10.0 10.0 10.0 10.0 10.0 8.0 10.0 3.0 4.0 4.0 4.0 1.0 2.0 1.0 1.0 1.0 2.0 1.0 1.0 4.0 4.0 2.0 2.0 2.0
1108447 4 12 20 82 1.0 1.0 2.0 2.0 1.0 1.0 1.0 3.0 7.0 7.0 7.0 8.0 8.0 3.0 3.0 3.0 3.0 2.0 8.0 8.0 7.0 7.0 8.0 8.0
1108447 4 12 21 82 10.0 10.0 10.0 10.0 10.0 10.0 10.0 8.0 10.0 10.0 10.0 10.0 9.0 9.0 10.0 9.0 8.0 9.0 10.0 10.0 10.0 10.0 8.0 8.0
1108447 4 12 22 82 8.0 10.0 9.0 10.0 10.0 10.0 10.0 10.0 10.0 10.0 10.0 4.0 2.0 2.0 3.0 4.0 4.0 4.0 5.0 5.0 5.0 4.0 4.0 4.0
1108447 4 12 23 82 5.0 4.0 4.0 3.0 4.0 5.0 3.0 2.0 4.0 7.0 7.0 9.0 9.0 8.0 7.0 8.0 4.0 7.0 7.0 6.0 4.0 8.0 6.0 7.0
1108447 4 12 24 82 7.0 6.0 7.0 10.0 10.0 10.0 10.0 10.0 10.0 10.0 10.0 10.0 10.0 10.0 10.0 10.0 10.0 10.0 8.0 8.0 10.0 10.0 10.0 10.0
1108447 4 12 25 82 10.0 10.0 10.0 10.0 10.0 10.0 10.0 10.0 10.0 10.0 10.0 10.0 10.0 10.0 10.0 10.0 10.0 10.0 10.0 10.0 10.0 10.0 9.0 10.0
1108447 4 12 26 82 10.0 10.0 10.0 8.0 10.0 10.0 10.0 8.0 7.0 10.0 10.0 10.0 9.0 9.0 9.0 9.0 9.0 9.0 10.0 10.0 10.0 10.0 6.0 8.0
1108447 4 12 27 82 3.0 2.0 2.0 2.0 4.0 1.0 2.0 2.0 1.0 1.0 1.0 0.0 0.0 1.0 0.0 0.0 0.0 0.0 0.0 0.0 0.0 0.0 0.0 0.0
1108447 4 12 28 82 6.0 0.0 0.0 0.0 7.0 6.0 6.0 5.0 9.0 9.0 7.0 7.0 2.0 1.0 1.0 1.0 3.0 5.0 5.0 2.0 2.0 6.0 8.0 5.0
1108447 4 12 29 82 8.0 9.0 9.0 10.0 10.0 10.0 10.0 10.0 10.0 10.0 10.0 10.0 10.0 10.0 10.0 10.0 10.0 10.0 10.0 10.0 10.0 10.0 10.0 10.0
1108447 4 12 30 82 10.0 10.0 10.0 10.0 10.0 10.0 10.0 10.0 10.0 10.0 10.0 10.0 10.0 10.0 10.0 10.0 10.0 10.0 10.0 10.0 10.0 10.0 10.0 10.0
1108447 4 12 31 82 10.0 10.0 10.0 10.0 10.0 10.0 7.0 6.0 10.0 7.0 2.0 5.0 3.0 3.0 4.0 2.0 2.0 3.0 3.0 3.0 7.0 5.0 7.0 7.0
1108447 5 1 1 82 9.0 9.0 9.0 10.0 10.0 10.0 10.0 10.0 10.0 10.0 10.0 10.0 10.0 5.0 3.0 4.0 6.0 7.0 9.0 9.0 8.0 8.0 9.0 9.0
1108447 5 1 2 82 8.0 4.0 4.0 3.0 2.0 2.0 0.0 0.0 1.0 1.0 1.0 1.0 0.0 0.0 0.0 0.0 0.0 0.0 0.0 0.0 0.0 0.0 0.0 0.0
1108447 5 1 3 82 0.0 0.0 0.0 0.0 0.0 0.0 0.0 0.0 1.0 1.0 1.0 1.0 1.0 1.0 1.0 1.0 1.0 1.0 0.0 0.0 0.0 0.0 0.0 0.0
1108447 5 1 4 82 0.0 0.0 0.0 0.0 0.0 0.0 0.0 0.0 0.0 1.0 1.0 1.0 1.0 0.0 0.0 0.0 0.0 0.0 1.0 0.0 0.0 0.0 0.0 0.0
1108447 5 1 5 82 0.0 0.0 0.0 0.0 0.0 0.0 0.0 0.0 1.0 1.0 1.0 1.0 1.0 1.0 1.0 4.0 5.0 4.0 3.0 1.0 1.0 1.0 1.0 1.0
1108447 5 1 6 82 4.0 6.0 3.0 6.0 9.0 10.0 10.0 10.0 10.0 10.0 10.0 10.0 10.0 10.0 10.0 10.0 10.0 10.0 10.0 10.0 10.0 10.0 10.0 10.0
1108447 5 1 7 82 10.0 10.0 10.0 10.0 10.0 10.0 10.0 10.0 10.0 10.0 10.0 10.0 10.0 10.0 10.0 10.0 10.0 10.0 10.0 10.0 10.0 10.0 10.0 10.0
1108447 5 1 8 82 10.0 10.0 10.0 10.0 10.0 10.0 10.0 10.0 10.0 10.0 10.0 10.0 10.0 10.0 10.0 10.0 10.0 10.0 10.0 10.0 9.0 4.0 4.0 1.0
1108447 5 1 9 82 1.0 1.0 2.0 1.0 1.0 1.0 1.0 1.0 2.0 3.0 4.0 5.0 7.0 8.0 9.0 9.0 9.0 9.0 9.0 9.0 9.0 10.0 8.0 9.0
1108447 5 1 10 82 9.0 9.0 9.0 10.0 8.0 7.0 9.0 9.0 9.0 9.0 9.0 9.0 5.0 2.0 2.0 1.0 1.0 1.0 2.0 1.0 1.0 1.0 1.0 1.0
1108447 5 1 11 82 0.0 0.0 0.0 0.0 0.0 1.0 7.0 9.0 9.0 9.0 9.0 9.0 9.0 10.0 10.0 10.0 10.0 9.0 10.0 10.0 10.0 10.0 2.0 2.0
1108447 5 1 12 82 2.0 2.0 4.0 3.0 3.0 4.0 4.0 9.0 8.0 8.0 7.0 7.0 7.0 5.0 4.0 4.0 6.0 6.0 6.0 5.0 8.0 7.0 6.0 8.0
1108447 5 1 13 82 6.0 3.0 6.0 5.0 5.0 3.0 5.0 6.0 4.0 5.0 6.0 6.0 6.0 6.0 6.0 6.0 6.0 4.0 3.0 1.0 0.0 0.0 0.0 0.0
1108447 5 1 14 82 0.0 0.0 0.0 0.0 0.0 0.0 0.0 1.0 1.0 1.0 1.0 1.0 1.0 2.0 2.0 1.0 1.0 1.0 1.0 0.0 0.0 0.0 0.0 0.0
1108447 5 1 15 82 0.0 0.0 0.0 0.0 0.0 0.0 0.0 0.0 2.0 3.0 6.0 8.0 10.0 10.0 10.0 10.0 10.0 10.0 10.0 10.0 10.0 10.0 10.0 10.0
1108447 5 1 16 82 10.0 10.0 10.0 10.0 10.0 10.0 10.0 10.0 10.0 10.0 10.0 10.0 10.0 10.0 10.0 10.0 10.0 10.0 10.0 10.0 10.0 10.0 10.0 10.0
1108447 5 1 17 82 10.0 10.0 10.0 10.0 10.0 10.0 10.0 10.0 10.0 10.0 10.0 10.0 10.0 10.0 10.0 10.0 10.0 10.0 10.0 10.0 10.0 10.0 10.0 10.0
1108447 5 1 18 82 10.0 10.0 10.0 10.0 10.0 10.0 10.0 10.0 10.0 10.0 10.0 10.0 10.0 10.0 10.0 10.0 10.0 10.0 10.0 10.0 10.0 10.0 10.0 10.0
1108447 5 1 19 82 10.0 10.0 10.0 10.0 10.0 10.0 10.0 10.0 10.0 10.0 10.0 10.0 10.0 10.0 10.0 10.0 10.0 10.0 10.0 10.0 10.0 10.0 10.0 10.0
1108447 5 1 20 82 10.0 10.0 10.0 10.0 10.0 10.0 10.0 10.0 10.0 10.0 10.0 10.0 10.0 10.0 10.0 10.0 10.0 9.0 8.0 9.0 9.0 10.0 9.0 10.0
1108447 5 1 21 82 10.0 10.0 10.0 10.0 10.0 10.0 10.0 10.0 10.0 10.0 10.0 10.0 10.0 10.0 9.0 9.0 9.0 9.0 9.0 10.0 10.0 10.0 10.0 10.0
1108447 5 1 22 82 10.0 10.0 10.0 10.0 10.0 10.0 10.0 10.0 10.0 10.0 10.0 10.0 10.0 10.0 10.0 10.0 10.0 999.0 10.0 10.0 10.0 10.0 10.0 10.0
1108447 5 1 23 82 10.0 10.0 10.0 10.0 10.0 10.0 10.0 10.0 10.0 10.0 10.0 10.0 10.0 10.0 10.0 10.0 10.0 10.0 10.0 10.0 10.0 10.0 10.0 10.0
1108447 5 1 24 82 10.0 10.0 10.0 10.0 10.0 10.0 10.0 9.0 9.0 9.0 10.0 10.0 10.0 10.0 10.0 10.0 10.0 10.0 10.0 10.0 10.0 10.0 7.0 4.0
1108447 5 1 25 82 3.0 2.0 6.0 2.0 2.0 7.0 3.0 4.0 8.0 9.0 9.0 9.0 8.0 5.0 8.0 8.0 6.0 8.0 8.0 8.0 8.0 8.0 7.0 6.0
1108447 5 1 26 82 6.0 7.0 9.0 9.0 9.0 5.0 6.0 6.0 8.0 8.0 9.0 9.0 9.0 10.0 10.0 10.0 10.0 10.0 10.0 10.0 10.0 10.0 10.0 7.0
1108447 5 1 27 82 7.0 8.0 7.0 7.0 7.0 7.0 9.0 10.0 10.0 10.0 10.0 10.0 10.0 10.0 10.0 10.0 10.0 10.0 10.0 10.0 4.0 4.0 4.0 5.0
1108447 5 1 28 82 5.0 5.0 4.0 4.0 5.0 5.0 3.0 2.0 2.0 2.0 5.0 9.0 9.0 8.0 10.0 8.0 10.0 10.0 10.0 10.0 10.0 10.0 10.0 10.0
1108447 5 1 29 82 10.0 10.0 10.0 10.0 10.0 10.0 10.0 10.0 10.0 10.0 10.0 10.0 10.0 10.0 10.0 10.0 10.0 10.0 10.0 10.0 10.0 10.0 10.0 10.0
1108447 5 1 30 82 10.0 10.0 10.0 10.0 10.0 10.0 10.0 10.0 10.0 10.0 10.0 10.0 10.0 10.0 10.0 10.0 10.0 10.0 10.0 10.0 10.0 10.0 10.0 10.0
1108447 5 1 31 82 10.0 10.0 10.0 10.0 10.0 9.0 10.0 10.0 5.0 8.0 9.0 7.0 5.0 5.0 4.0 4.0 5.0 5.0 9.0 9.0 9.0 10.0 10.0 10.0
1108447 5 2 1 82 10.0 3.0 8.0 9.0 10.0 10.0 10.0 9.0 9.0 10.0 7.0 8.0 8.0 3.0 5.0 9.0 9.0 9.0 10.0 10.0 10.0 10.0 10.0 10.0
1108447 5 2 2 82 10.0 10.0 10.0 9.0 10.0 10.0 10.0 8.0 10.0 9.0 9.0 10.0 10.0 10.0 6.0 6.0 6.0 5.0 3.0 7.0 5.0 5.0 6.0 7.0
1108447 5 2 3 82 8.0 7.0 5.0 7.0 8.0 9.0 9.0 7.0 7.0 8.0 9.0 10.0 10.0 10.0 10.0 10.0 10.0 10.0 10.0 10.0 10.0 10.0 10.0 10.0
1108447 5 2 4 82 10.0 10.0 10.0 10.0 10.0 10.0 10.0 10.0 10.0 10.0 10.0 10.0 8.0 10.0 10.0 9.0 3.0 2.0 3.0 5.0 3.0 6.0 7.0 7.0
1108447 5 2 5 82 7.0 8.0 8.0 7.0 3.0 2.0 1.0 2.0 2.0 2.0 2.0 3.0 6.0 2.0 2.0 3.0 6.0 8.0 7.0 10.0 10.0 10.0 10.0 10.0
1108447 5 2 6 82 10.0 10.0 10.0 10.0 10.0 10.0 10.0 10.0 10.0 10.0 10.0 10.0 10.0 10.0 10.0 10.0 10.0 9.0 9.0 10.0 10.0 8.0 4.0 4.0
1108447 5 2 7 82 4.0 3.0 1.0 1.0 1.0 1.0 1.0 3.0 5.0 5.0 2.0 2.0 6.0 4.0 2.0 2.0 2.0 2.0 1.0 1.0 1.0 1.0 1.0 1.0
1108447 5 2 8 82 2.0 2.0 1.0 1.0 1.0 1.0 1.0 1.0 1.0 2.0 1.0 2.0 1.0 1.0 1.0 1.0 1.0 2.0 1.0 1.0 1.0 2.0 3.0 4.0
1108447 5 2 9 82 8.0 1.0 1.0 4.0 3.0 4.0 6.0 8.0 5.0 7.0 4.0 3.0 2.0 2.0 2.0 1.0 1.0 2.0 2.0 2.0 1.0 1.0 1.0 1.0
1108447 5 2 10 82 1.0 1.0 1.0 1.0 1.0 1.0 1.0 2.0 3.0 7.0 7.0 8.0 7.0 4.0 4.0 8.0 8.0 7.0 7.0 4.0 4.0 2.0 4.0 6.0
1108447 5 2 11 82 6.0 2.0 1.0 1.0 1.0 1.0 1.0 1.0 2.0 1.0 1.0 0.0 0.0 0.0 1.0 3.0 1.0 5.0 5.0 4.0 3.0 4.0 4.0 8.0
1108447 5 2 12 82 9.0 10.0 10.0 10.0 10.0 10.0 10.0 10.0 10.0 9.0 10.0 8.0 8.0 8.0 7.0 7.0 6.0 5.0 4.0 4.0 2.0 1.0 3.0 3.0
1108447 5 2 13 82 3.0 3.0 6.0 8.0 8.0 8.0 2.0 2.0 2.0 2.0 1.0 4.0 5.0 5.0 5.0 6.0 7.0 4.0 5.0 3.0 2.0 2.0 3.0 2.0
1108447 5 2 14 82 2.0 6.0 9.0 7.0 6.0 2.0 1.0 2.0 3.0 4.0 5.0 3.0 3.0 3.0 4.0 3.0 2.0 2.0 1.0 1.0 1.0 1.0 0.0 0.0
1108447 5 2 15 82 0.0 0.0 0.0 0.0 0.0 0.0 8.0 8.0 3.0 7.0 3.0 2.0 1.0 1.0 0.0 0.0 0.0 0.0 0.0 0.0 0.0 0.0 999.0 999.0
1108447 5 2 16 82 999.0 999.0 999.0 999.0 0.0 0.0 0.0 1.0 0.0 0.0 0.0 1.0 0.0 0.0 1.0 0.0 0.0 0.0 0.0 1.0 0.0 0.0 0.0 0.0
1108447 5 2 17 82 0.0 0.0 0.0 0.0 0.0 0.0 0.0 0.0 0.0 0.0 0.0 0.0 0.0 0.0 0.0 0.0 1.0 0.0 1.0 1.0 1.0 2.0 2.0 2.0
1108447 5 2 18 82 2.0 1.0 1.0 0.0 0.0 0.0 1.0 2.0 3.0 3.0 4.0 1.0 1.0 1.0 0.0 0.0 0.0 0.0 0.0 0.0 0.0 0.0 0.0 0.0
1108447 5 2 19 82 0.0 0.0 0.0 0.0 0.0 1.0 1.0 1.0 1.0 1.0 4.0 0.0 1.0 1.0 1.0 2.0 1.0 1.0 1.0 1.0 0.0 0.0 0.0 0.0
1108447 5 2 20 82 0.0 0.0 0.0 0.0 0.0 0.0 0.0 0.0 0.0 0.0 0.0 0.0 0.0 0.0 1.0 1.0 0.0 0.0 0.0 0.0 0.0 1.0 0.0 0.0
1108447 5 2 21 82 1.0 1.0 1.0 1.0 1.0 0.0 0.0 0.0 0.0 0.0 0.0 0.0 0.0 0.0 999.0 999.0 1.0 1.0 1.0 1.0 1.0 2.0 3.0 3.0
1108447 5 2 22 82 3.0 3.0 1.0 1.0 1.0 1.0 1.0 2.0 1.0 1.0 5.0 2.0 1.0 2.0 4.0 3.0 4.0 2.0 1.0 1.0 1.0 1.0 0.0 0.0
1108447 5 2 23 82 0.0 0.0 0.0 0.0 0.0 1.0 1.0 1.0 1.0 0.0 0.0 0.0 0.0 0.0 0.0 0.0 0.0 0.0 0.0 0.0 1.0 2.0 1.0 1.0
1108447 5 2 24 82 1.0 0.0 0.0 0.0 0.0 0.0 0.0 0.0 0.0 0.0 0.0 0.0 0.0 0.0 0.0 0.0 0.0 0.0 1.0 1.0 0.0 0.0 0.0 1.0
1108447 5 2 25 82 4.0 6.0 8.0 7.0 9.0 10.0 9.0 8.0 5.0 7.0 9.0 10.0 9.0 7.0 3.0 3.0 4.0 5.0 4.0 3.0 2.0 2.0 2.0 2.0
1108447 5 2 26 82 2.0 2.0 1.0 2.0 2.0 2.0 4.0 6.0 10.0 10.0 10.0 10.0 10.0 10.0 9.0 10.0 10.0 10.0 10.0 10.0 10.0 10.0 10.0 10.0
1108447 5 2 27 82 10.0 10.0 10.0 10.0 8.0 8.0 10.0 10.0 7.0 8.0 10.0 9.0 8.0 7.0 7.0 2.0 2.0 3.0 9.0 5.0 10.0 4.0 10.0 5.0
1108447 5 2 28 82 1.0 4.0 4.0 10.0 10.0 10.0 8.0 9.0 10.0 10.0 10.0 10.0 10.0 10.0 10.0 10.0 9.0 9.0 5.0 10.0 9.0 10.0 10.0 10.0
1108447 5 3 1 82 10.0 10.0 10.0 10.0 10.0 10.0 10.0 10.0 10.0 10.0 10.0 10.0 10.0 9.0 5.0 10.0 10.0 10.0 7.0 4.0 5.0 8.0 9.0 10.0
1108447 5 3 2 82 10.0 2.0 8.0 4.0 3.0 9.0 10.0 8.0 8.0 10.0 10.0 10.0 10.0 10.0 10.0 9.0 10.0 10.0 999.0 999.0 999.0 999.0 999.0 999.0
1108447 5 3 3 82 9.0 9.0 6.0 6.0 3.0 1.0 1.0 3.0 4.0 2.0 3.0 4.0 4.0 4.0 5.0 5.0 4.0 4.0 3.0 2.0 1.0 0.0 1.0 2.0
1108447 5 3 4 82 2.0 2.0 1.0 1.0 2.0 1.0 8.0 10.0 10.0 8.0 9.0 10.0 10.0 10.0 9.0 10.0 9.0 10.0 5.0 2.0 1.0 4.0 2.0 2.0
1108447 5 3 5 82 3.0 7.0 7.0 8.0 6.0 2.0 4.0 9.0 9.0 10.0 10.0 10.0 10.0 10.0 9.0 9.0 10.0 10.0 10.0 8.0 4.0 2.0 3.0 3.0
1108447 5 3 6 82 4.0 4.0 2.0 2.0 2.0 2.0 5.0 7.0 7.0 4.0 9.0 10.0 10.0 10.0 10.0 10.0 10.0 10.0 10.0 10.0 10.0 10.0 10.0 10.0
1108447 5 3 7 82 10.0 10.0 10.0 10.0 10.0 10.0 7.0 6.0 5.0 1.0 2.0 3.0 5.0 6.0 3.0 7.0 5.0 4.0 3.0 4.0 3.0 3.0 2.0 3.0
1108447 5 3 8 82 5.0 7.0 4.0 7.0 9.0 9.0 9.0 10.0 10.0 10.0 10.0 10.0 10.0 10.0 10.0 10.0 10.0 8.0 9.0 9.0 10.0 10.0 10.0 10.0
1108447 5 3 9 82 10.0 10.0 10.0 10.0 10.0 10.0 10.0 10.0 10.0 9.0 9.0 5.0 3.0 2.0 1.0 2.0 2.0 2.0 1.0 1.0 1.0 1.0 0.0 0.0
1108447 5 3 10 82 0.0 2.0 2.0 2.0 10.0 4.0 3.0 3.0 4.0 2.0 2.0 2.0 2.0 4.0 2.0 2.0 3.0 4.0 3.0 5.0 4.0 4.0 4.0 5.0
1108447 5 3 11 82 5.0 5.0 2.0 2.0 4.0 8.0 10.0 9.0 10.0 10.0 10.0 10.0 10.0 10.0 9.0 4.0 7.0 4.0 2.0 5.0 4.0 10.0 10.0 9.0
1108447 5 3 12 82 10.0 9.0 4.0 2.0 2.0 2.0 1.0 2.0 5.0 4.0 2.0 1.0 1.0 1.0 1.0 1.0 0.0 0.0 0.0 0.0 0.0 0.0 0.0 0.0
1108447 5 3 13 82 0.0 0.0 0.0 0.0 0.0 0.0 0.0 0.0 0.0 0.0 0.0 0.0 0.0 0.0 0.0 0.0 1.0 1.0 1.0 1.0 1.0 0.0 0.0 1.0
1108447 5 3 14 82 0.0 1.0 1.0 2.0 2.0 3.0 7.0 7.0 7.0 7.0 4.0 3.0 2.0 4.0 2.0 1.0 2.0 2.0 1.0 0.0 0.0 0.0 0.0 7.0
1108447 5 3 15 82 9.0 9.0 8.0 2.0 2.0 3.0 7.0 8.0 9.0 9.0 9.0 9.0 9.0 7.0 5.0 3.0 2.0 2.0 2.0 2.0 2.0 4.0 4.0 7.0
1108447 5 3 16 82 9.0 9.0 10.0 10.0 10.0 10.0 10.0 10.0 10.0 10.0 10.0 10.0 10.0 8.0 7.0 8.0 8.0 4.0 2.0 2.0 7.0 2.0 9.0 9.0
1108447 5 3 17 82 9.0 8.0 9.0 9.0 9.0 8.0 6.0 6.0 7.0 10.0 10.0 10.0 7.0 9.0 6.0 6.0 9.0 8.0 9.0 8.0 9.0 8.0 7.0 5.0
1108447 5 3 18 82 5.0 9.0 9.0 10.0 10.0 10.0 10.0 9.0 10.0 10.0 10.0 10.0 10.0 10.0 10.0 10.0 9.0 9.0 7.0 2.0 10.0 10.0 10.0 10.0
1108447 5 3 19 82 10.0 10.0 10.0 10.0 10.0 10.0 10.0 10.0 10.0 10.0 9.0 8.0 10.0 10.0 10.0 10.0 10.0 10.0 10.0 10.0 10.0 10.0 10.0 10.0
1108447 5 3 20 82 10.0 10.0 10.0 10.0 10.0 10.0 10.0 10.0 10.0 10.0 10.0 10.0 10.0 10.0 10.0 10.0 10.0 10.0 9.0 8.0 9.0 7.0 7.0 2.0
1108447 5 3 21 82 2.0 6.0 2.0 9.0 10.0 10.0 10.0 6.0 3.0 3.0 6.0 6.0 7.0 3.0 4.0 7.0 9.0 4.0 2.0 4.0 2.0 3.0 3.0 2.0
1108447 5 3 22 82 1.0 1.0 0.0 0.0 0.0 0.0 0.0 0.0 0.0 1.0 1.0 1.0 1.0 1.0 1.0 1.0 1.0 1.0 0.0 1.0 1.0 1.0 1.0 1.0
1108447 5 3 23 82 1.0 1.0 1.0 1.0 0.0 0.0 1.0 0.0 0.0 0.0 0.0 1.0 1.0 1.0 1.0 1.0 1.0 2.0 2.0 3.0 2.0 2.0 2.0 2.0
1108447 5 3 24 82 3.0 4.0 5.0 7.0 8.0 8.0 8.0 5.0 9.0 9.0 9.0 8.0 7.0 3.0 4.0 3.0 3.0 3.0 2.0 2.0 2.0 2.0 1.0 1.0
1108447 5 3 25 82 1.0 1.0 4.0 8.0 9.0 9.0 8.0 10.0 9.0 9.0 9.0 7.0 6.0 5.0 5.0 8.0 9.0 10.0 10.0 10.0 10.0 10.0 10.0 10.0
1108447 5 3 26 82 10.0 10.0 10.0 10.0 10.0 10.0 10.0 10.0 10.0 10.0 10.0 10.0 7.0 4.0 8.0 8.0 9.0 7.0 5.0 9.0 10.0 9.0 8.0 10.0
1108447 5 3 27 82 10.0 10.0 10.0 10.0 10.0 10.0 10.0 10.0 9.0 10.0 10.0 10.0 10.0 10.0 9.0 8.0 8.0 8.0 9.0 10.0 9.0 8.0 5.0 10.0
1108447 5 3 28 82 10.0 7.0 10.0 10.0 9.0 10.0 10.0 10.0 10.0 9.0 9.0 7.0 7.0 5.0 7.0 7.0 9.0 8.0 9.0 8.0 10.0 10.0 10.0 10.0
1108447 5 3 29 82 10.0 10.0 10.0 10.0 10.0 10.0 10.0 10.0 10.0 10.0 10.0 10.0 9.0 5.0 5.0 5.0 7.0 5.0 6.0 9.0 7.0 3.0 2.0 1.0
1108447 5 3 30 82 4.0 4.0 5.0 6.0 8.0 4.0 1.0 4.0 3.0 2.0 1.0 1.0 1.0 1.0 2.0 4.0 4.0 4.0 6.0 10.0 4.0 7.0 9.0 8.0
1108447 5 3 31 82 9.0 10.0 8.0 10.0 10.0 10.0 10.0 10.0 10.0 10.0 10.0 10.0 10.0 10.0 10.0 10.0 10.0 10.0 10.0 10.0 10.0 10.0 10.0 10.0
1108447 5 4 1 82 10.0 10.0 10.0 10.0 10.0 9.0 2.0 5.0 5.0 7.0 7.0 7.0 6.0 8.0 8.0 9.0 10.0 9.0 5.0 1.0 7.0 2.0 2.0 3.0
1108447 5 4 2 82 8.0 8.0 8.0 9.0 9.0 10.0 10.0 10.0 10.0 10.0 10.0 10.0 10.0 10.0 10.0 10.0 10.0 10.0 999.0 10.0 10.0 10.0 10.0 10.0
1108447 5 4 3 82 10.0 10.0 10.0 10.0 10.0 10.0 10.0 10.0 10.0 10.0 10.0 10.0 10.0 10.0 8.0 9.0 8.0 6.0 7.0 4.0 4.0 2.0 4.0 3.0
1108447 5 4 4 82 1.0 6.0 2.0 2.0 7.0 5.0 7.0 5.0 4.0 5.0 4.0 3.0 3.0 3.0 4.0 5.0 6.0 3.0 3.0 2.0 7.0 5.0 5.0 8.0
1108447 5 4 5 82 8.0 10.0 8.0 8.0 8.0 10.0 10.0 10.0 10.0 10.0 10.0 10.0 10.0 10.0 10.0 10.0 10.0 10.0 10.0 10.0 10.0 10.0 10.0 10.0
