1108447 0 1 1 78 87.825 87.509 87.596 86.842 87.719 88.246 88.526 88.965 88.912 87.965 86.842 85.07 82.86 80.93 80.93 81.93 83.316 85.421 86.491 86.105 85.965 87.228 86.772 86.561
1108447 0 1 2 78 86.351 86.632 87.333 87.807 88.386 88.211 86.825 85.947 85.263 84.684 84.842 82.579 80.596 79.298 78.719 79.123 81.351 83.684 84.123 85.684 86.035 86.667 86.807 86.772
1108447 0 1 3 78 86.86 87.193 87.263 87.579 87.737 86.737 87.789 88.088 88.561 86.982 85.298 84.123 81.246 80.088 79.982 79.579 82.404 83.93 84.93 86.158 85.596 84.614 85.702 86.421
1108447 0 1 4 78 87.544 87.544 87.105 87.211 87.649 87.123 87.298 86.825 87.439 87.018 85.211 81.807 80.667 79.667 79.807 79.807 80.263 82.246 82.035 82.684 83.526 83.684 83.491 84.947
1108447 0 1 5 78 86.316 86.772 86.649 86.649 86.474 86.193 86.667 85.825 86.053 84.526 83.93 81.667 78.772 76.895 76.386 77.368 78.93 80.421 81.053 82.07 83.228 84.246 84.912 85.193
1108447 0 1 6 78 85.246 85.719 85.772 86.175 85.877 87.316 87.649 86.737 87.211 87.719 85.789 83.982 82.474 81.158 80.965 82.193 83.474 85.491 87.842 88.754 89.193 90.368 90.298 90.456
1108447 0 1 7 78 90.895 90.211 89.614 89.386 89.491 89.561 90.07 89.088 89.579 88.93 87.702 86.456 84.456 83.123 82.193 82.772 83.474 84.386 85.737 86.509 86.842 87.061 87.333 88
1108447 0 1 8 78 90.035 89.719 89.86 89.421 88.93 89.316 88.807 88.246 88.789 88.228 87.404 84.439 83.035 81.93 81.825 82.474 83.158 85.281 85.526 85.719 86.246 87.088 87.263 87.526
1108447 0 1 9 78 87.789 88.281 87.93 87.947 88.263 87.298 86.439 86.368 87.246 86.825 87.088 84.263 82.123 81.246 80.105 80.158 81.439 83.14 83.456 83.789 83.544 84.123 83.93 85.474
1108447 0 1 10 78 86.088 85.789 86.211 86.649 87.088 87.912 88.667 88.982 88.544 87.877 86.421 84.123 82.421 82.07 81.088 81.544 82.474 84.421 85.211 86.088 86.088 87.088 87.386 87.649
1108447 0 1 11 78 87.737 88.474 88.035 87.544 87.825 87.07 86.947 86.667 86.649 86.246 85.211 83.491 81.018 80.596 80 80.667 83.281 84.596 86.737 87.246 87.982 88.719 88.947 88.789
1108447 0 1 12 78 89.895 90.684 90.544 91 91.175 90.754 89.544 89.719 89.596 89.368 88.035 85.614 83.561 81.93 81.579 81 83 84.684 85.035 85.825 86.509 87.211 87.719 88.842
1108447 0 1 13 78 89.754 89.474 90.298 90.175 90.368 89.86 89.281 89.351 89.719 88.912 87.193 85.439 85.193 84.053 83.684 83.018 84.649 86.456 88.316 88.491 89.193 89.526 88.789 90.316
1108447 0 1 14 78 90.982 90.649 91.526 91.667 91.614 91.228 91.263 90.825 90.789 90.105 90.14 87.246 86.421 85.281 84.246 83.737 84.193 84.789 86.509 86.895 87.579 87.649 88.351 88.404
1108447 0 1 15 78 88.86 88.772 89.947 89.263 88.895 89.158 88.93 88.719 88.561 87.947 86.211 83.807 82.825 81.982 81.491 81.754 81.947 84.632 85.333 86 86.088 87.737 86.912 87.719
1108447 0 1 16 78 87.579 88.474 88.561 88 89.123 89.298 89.035 89.211 89.316 88.789 88.368 86.544 85.193 84.684 84 84.877 85.719 86.035 87.632 87.877 88.333 88.228 89.035 89.772
1108447 0 1 17 78 89.211 88.526 89.368 88.474 88.105 88.439 88.596 88.386 89.035 88.596 87.123 85.105 83.158 81.982 82.228 83.614 84.684 85.544 86.667 86.807 87.456 88.684 87.772 88.596
1108447 0 1 18 78 88.298 88.211 88.491 87.912 88.526 89.351 88.754 88.368 88.807 87.719 86.667 84.263 82.018 81.228 80.649 81.07 82.754 83.789 85.772 86.807 87.088 87.579 87.632 88.509
1108447 0 1 19 78 88.246 88.702 88.298 88.351 88.632 88.825 88.965 89.035 89.86 88.614 86.632 84.596 82.93 82.333 82.579 82.93 83.93 85.491 86.316 87.07 87.702 88.912 88.965 88.93
1108447 0 1 20 78 88.632 89.018 88.737 89.053 88.561 88.667 88.807 88.158 88.772 87.509 86.228 83.053 81.053 78.509 77.684 79.368 80.544 81.702 83.509 84.614 85.877 87.035 86.632 86.93
1108447 0 1 21 78 87.825 88.088 87.614 88.351 88.702 88.649 88.825 88.579 88.702 88.825 86.877 85.404 83.772 82.491 81.474 81.912 82.965 84.912 86.228 87.456 88.018 89.053 89.825 90.14
1108447 0 1 22 78 89.895 90.228 89.772 90.018 90.491 90.754 91.175 90.526 90.351 89.807 89.123 87.439 85.667 84.596 84.053 83.579 85.702 87.333 88.632 88.702 89.965 90.211 90.263 89.877
1108447 0 1 23 78 89.482 89.825 89.789 89.965 90.491 89.877 89.316 89.772 89.246 88.965 87.105 85.965 84.772 84.088 83.561 82.789 84.404 85.333 85.649 86.491 87 86.702 86.579 87.14
1108447 0 1 24 78 88.07 88.421 88.649 89.281 89.386 88.93 88.737 88.333 87.825 86.947 85.07 83.281 81.596 80.719 81.895 81.474 83.421 84.456 85.474 85.333 85.737 86.702 87.158 87.096
1108447 0 1 25 78 87.456 87.737 87.842 88.158 86.86 87.123 86.421 85.614 85.807 85.246 82.193 79.965 78.561 77.789 78.193 78.702 80.088 83.07 84.298 84.175 85.596 85.982 85.86 86.596
1108447 0 1 26 78 86.772 86.333 85.93 85.947 86.105 85.228 86.14 86.842 86.123 84.263 82.404 78.877 77.263 76.456 75.754 77.491 78.316 80.491 82.807 83.404 83.965 84.614 83.877 85.088
1108447 0 1 27 78 85.754 86.386 85.772 85.526 86.053 86.439 86.211 86.491 86.561 86.316 84.211 82.684 80.491 79.368 79.702 80.035 80.228 82 84.193 85 85.719 86 85.07 86.526
1108447 0 1 28 78 87.421 87.509 87.474 87.912 87.807 87.702 86.982 87.123 86.368 86.263 83.105 80.211 78.93 77.754 76.246 76.737 78.544 80.368 81.035 82.491 84.737 85.158 84.93 85.702
1108447 0 1 29 78 85.386 85.07 85.456 85.596 85.298 85.491 86.263 86.246 85.947 85.561 83.877 81.579 79.737 79.123 78.614 80.053 80.228 82.982 84.281 84.526 85.035 85.421 85.579 86.456
1108447 0 1 30 78 86.158 86.298 86.965 87.667 87.807 88.193 88.088 87.947 88.702 87.368 85.842 83 80.544 78.579 78.474 78.263 79.632 81.404 83.351 84.439 84.526 85.088 85.667 85.684
1108447 0 1 31 78 85.719 86.386 86.509 87 87.649 87.281 87.526 87.842 87.596 86.158 84.281 81.526 81.018 79.211 77.579 77.719 79.263 81.895 84.316 85.404 87.105 86.772 86.579 86.386
1108447 0 2 32 78 87.316 87.368 87.544 87.526 87.105 87.456 87.333 87.754 88.123 86.877 84.316 81.491 79.333 78.754 77.895 78.772 78.544 81.912 83.544 84.211 85.123 85.544 86.649 86.947
1108447 0 2 33 78 86.684 86.772 86.474 87.807 88.158 87.561 87.07 87.947 87.509 86.596 82.982 80.842 78.421 79.193 79.158 80.228 81.404 82.456 84.105 83.965 84.825 85.246 85.912 86.895
1108447 0 2 34 78 87.509 87.579 88.228 87.632 88.211 88.649 88.93 88.351 88.456 87.667 84.982 81.947 79.772 77.491 76.965 78.07 79.632 81.614 81.982 84.316 85.035 85.86 86.053 86.754
1108447 0 2 35 78 87.895 88.491 88.684 88.298 88.632 88.754 89.246 87.088 88.596 87.439 85.123 81.298 79.07 78.667 79.456 78.596 80.211 82.404 84.333 84.702 86.228 86.07 86.684 87.088
1108447 0 2 36 78 87.228 87.772 88.281 88.579 88.404 88.807 89.14 88.386 87.544 86.456 82.912 78.561 77.07 75.579 75.105 74.772 77.789 80.281 82.281 84.789 85.14 85.14 86.07 85.298
1108447 0 2 37 78 86.526 87.263 87.702 88.053 88.035 87.93 88.491 88.035 88.737 87.702 84.158 82.474 80.702 80.649 80.175 80.912 82.228 84.807 86.789 87.965 88.333 88.088 88.211 88.632
1108447 0 2 38 78 88.544 88.754 89.386 89.667 90 89.667 90.105 89.105 89.421 86.86 84.228 80.649 77.702 76.825 76.877 78 79.193 81.649 83.526 84.737 85.14 85.368 85.596 85.842
1108447 0 2 39 78 86.807 86.246 87.263 87.807 88.649 87.947 87.702 87.474 87.316 86.088 84.614 81.228 79.895 78.596 77.386 76.772 76.667 80.123 83.14 83.86 85.649 85.807 86.912 86.982
1108447 0 2 40 78 87.667 88.386 89.684 90.158 90.105 89.561 90.298 89.632 89.211 87.947 84.684 81.456 78.158 77.649 76.421 77.351 78.07 80.947 83.456 85.14 85.561 86.333 86.211 87.263
1108447 0 2 41 78 88.123 89.193 88.684 89.228 89.193 89.053 89.228 88.105 87.649 85.158 82.298 79.719 77.211 75.702 76.088 76.649 78.667 81.544 84.316 84.649 86.474 86.667 87.842 88.596
1108447 0 2 42 78 89.368 89.491 90.175 89.754 89.842 89.649 90.246 90.316 90 87.298 83.754 80.123 78.14 77.614 77.211 78.386 78.439 81 82.667 84.912 85.263 86.088 86.439 86.351
1108447 0 2 43 78 86.509 87.228 87.561 87.456 87.965 87.965 87.789 86.053 86.298 85.614 82.439 79.93 78.965 77.895 77 76.579 76.789 78.86 80.842 81.158 82.526 83.386 84.421 85.228
1108447 0 2 44 78 84.667 85.439 85.456 84.877 85.825 86.158 86.561 86.053 84.842 83.702 80.035 77.386 75.825 73.982 72.263 74.596 75.667 76.789 78.035 80.526 81.702 82.316 82.474 83.316
1108447 0 2 45 78 84.351 83.825 85.298 84.982 85.228 84.807 85.491 84.702 84.596 83.035 79.93 76.632 76.386 76.018 75.246 77 77.719 78.719 79.789 81.281 81.807 83.368 83.579 84.193
1108447 0 2 46 78 84.842 85.614 85.667 86.105 85.947 87.579 87.386 85.263 84.544 82.982 81.105 76.965 75.474 74.702 75.579 75.175 75.193 77.754 80.912 81.281 82.491 82.93 83.825 84.211
1108447 0 2 47 78 84.456 85.298 86.404 87.07 86.93 86.825 87.193 87.351 87.298 84.667 80.193 76.667 74.842 74.035 74.474 75.035 75.386 77.947 80.368 82.105 82.561 83.018 83.421 84.123
1108447 0 2 48 78 84.368 85.246 85.632 85.351 86.474 86.351 86.404 86.825 86.105 84.211 81.877 77.965 75.579 75.456 75.982 76.088 75.456 78.947 82.421 83.298 84.175 84.667 85.719 85.877
1108447 0 2 49 78 86.228 86.789 87.632 87.684 88.246 88.368 88.07 88.351 87.772 85.772 82.667 80.491 79.035 78.053 77.386 76.509 77.07 81.035 83.474 84.614 85.684 85.386 86.333 85.825
1108447 0 2 50 78 86.807 87 87.088 87.895 88.754 88.404 88.912 88.614 87.825 85.456 81.246 76.877 75.404 74.632 74.228 74.088 74.842 77.246 81.061 81.263 81.509 82.719 83.421 84.07
1108447 0 2 51 78 83.632 83.07 84.316 84.579 84.93 85.14 86.351 87.456 85.842 83.07 79.404 75.982 75.544 74.982 74.877 73.737 73.947 76.368 79.263 81.982 82.544 83.211 83.123 84.175
1108447 0 2 52 78 85.491 85.965 87 87.614 88.053 87.684 87.737 87.632 86.895 84.632 81.351 78.667 77.491 76.912 76.579 76.228 76.947 79.912 82.632 84.544 85 86.561 86.561 86.684
1108447 0 2 53 78 86.825 86.912 86.105 86.86 87.368 88 87.912 87.386 87.561 85.684 80.719 76.737 75.509 74.737 73.877 73.825 76.053 79.035 82.035 83.772 85.737 87.158 87.509 87.105
1108447 0 2 54 78 87.667 87.281 87.211 87.298 88.316 89.684 88.702 87.614 86.877 83.947 80.316 76.789 75 74.544 73.754 74.14 74.614 76.421 79.105 81.474 81.86 82.965 83.825 84.57
1108447 0 2 55 78 84.526 84.632 85.509 85.14 85.474 85.947 84.877 86.035 85.561 82.439 78.737 74.982 73.737 73.088 72.632 72.965 73.14 76.07 78.491 79.947 79.965 80.947 81.263 82.474
1108447 0 2 56 78 83.421 83.825 83.439 83.86 83.947 84.316 85.526 84.509 84.158 81.158 76.772 73.333 73.351 71.93 71.018 71.053 71.228 74 77 79.035 79.368 81.614 82.579 83.702
1108447 0 2 57 78 84.193 85.649 85.702 85.789 85.86 86.596 86.281 86.035 85.579 82.702 79.86 77.211 75.561 74.561 75.263 74.825 76.947 78.351 81.14 81.842 81.719 83.754 83.474 84.404
1108447 0 2 58 78 85.456 85.561 85.64 85.789 86.474 87.263 86.509 86.368 84.491 81.018 77.93 73.561 72.228 72.193 72.175 72.105 71.86 73.07 76.281 78.298 79.86 81.281 81.965 82.088
1108447 0 2 59 78 82.93 83.667 84.035 84.509 84.877 86.211 87.158 86.456 85.842 82.175 78.439 75.754 74.228 74.456 72.439 70.842 71.544 73.351 76.263 79.561 81.702 81.544 82.316 83.404
1108447 0 3 60 78 83.333 82.386 82.737 84.07 85.035 85.526 84.123 84.57 83.447 80.009 76.658 74.561 73.193 72.605 73.175 72.404 72.772 74.825 79.368 81.368 81.596 82.246 81.123 81.719
1108447 0 3 61 78 82.035 82.439 83.088 83.842 84.632 84.982 85.368 83.877 82.018 78.561 74.298 71.684 71.035 71.702 71.544 70 70.211 74.018 76.474 77.825 80.035 82.158 82.018 82.14
1108447 0 3 62 78 83.018 83.211 83.982 84.088 83.272 83.789 84.158 84.105 82.93 78.175 75.491 74 73.737 73.263 72.667 72.789 73 75.474 78.544 79.158 80.982 82.246 83.123 83.93
1108447 0 3 63 78 84.211 84.105 84.509 85.07 84.772 86.281 86.737 86.614 84.596 81 77.316 75.614 74.596 74.053 71.93 72.351 72.491 74.649 78.386 80.702 82.86 84.035 85.193 85.667
1108447 0 3 64 78 85.649 87.105 87.474 87.333 87.175 87.456 86.93 86.579 85.123 82.351 78.667 77.351 75.404 74.333 72.333 72.702 72.895 75.158 77.965 80.298 82.175 83.439 83.842 83.982
1108447 0 3 65 78 84.474 84.895 85.596 86.368 87.351 87.368 87.439 87.193 84.877 80.982 77.07 74.772 73.596 72.263 72.491 72.93 73.018 75.491 79.088 79.035 80.421 81.246 81.175 82.123
1108447 0 3 66 78 83.491 84.105 84.684 85.667 85.491 86.474 86.386 85.86 84.684 79.965 76.053 72.421 71.14 71.246 69.193 69.421 70.351 72.825 75.825 79.228 80.211 81.351 82.298 83.281
1108447 0 3 67 78 83.982 84.719 84.719 85.93 86.544 86.316 86.386 86.982 85.825 82.544 80.684 79.211 77.474 76.456 74.842 74.474 75.719 79.07 83 84.211 85.175 86.228 85.947 85.632
1108447 0 3 68 78 87.123 87.158 87.807 88.439 89.281 89.404 89.649 89.053 88 83.895 80.211 78.298 76.228 74.333 73.667 72.421 73.877 74.965 77.491 81 82.807 83.298 83.123 83.474
1108447 0 3 69 78 84.088 84.544 85.018 85.123 85.228 86.386 87 86.509 84.491 80.316 76.263 74.105 72.702 71.421 70.316 70.649 71.316 73.474 76.596 79.579 80.491 81.526 83.053 83.421
1108447 0 3 70 78 84.088 85.439 86.158 85.982 86.965 86.175 86.246 86.333 84.895 80.509 78.509 75.596 74.614 72.544 71.93 71.053 71.702 72.702 77.105 79.018 80.175 79.544 80.333 81.298
1108447 0 3 71 78 81.298 83.228 82.123 82.719 83.158 84.456 84.596 85.596 83.088 79.561 76.105 75.123 73.667 72.93 72.333 71.456 71.579 72.526 75.737 77.684 79.175 81.158 82.07 82.947
1108447 0 3 72 78 83.754 85 84.561 85.404 85.333 86.211 86.877 86.579 85.544 80.053 76.509 73.526 71.667 70.123 68.614 68.667 68.386 70.386 74.702 77.895 80.088 81.596 81.614 83.649
1108447 0 3 73 78 84.807 85.368 86.105 86.544 86.193 86.316 86.632 85.842 84.491 80.789 77.316 75.632 73.596 73.386 72.123 70.895 71.263 73.649 77.316 79.649 82.351 83.175 84.421 85.246
1108447 0 3 74 78 85.281 85.842 86.263 86.123 86.404 87.088 87.333 87.614 86.123 82.86 80.018 77.737 77.754 75.614 75.193 74.526 73.088 74.772 77.123 79.965 81.895 83.632 85.123 84.702
1108447 0 3 75 78 83.965 84.807 85.702 86.14 85.947 86.579 86.123 85.579 82.684 78.07 74.789 73.193 72.211 70.386 69.789 68.579 68.544 70.93 74.333 75.982 78.807 79.175 80.632 82.088
1108447 0 3 76 78 82.842 83.982 84.105 85.281 85.947 85.825 86 86.474 84.018 80.509 78.14 74.684 73.614 72.211 71.158 71.175 72.368 73.561 76.228 78.667 80.737 82.175 83.228 83.912
1108447 0 3 77 78 83.614 84.386 84.596 85.561 86.246 86.842 86.895 86.526 84.86 81.667 78.018 76.123 76.123 74.123 72.86 71.789 71.965 73.509 76.684 79.842 80.684 81.86 82.842 83.579
1108447 0 3 78 78 85.088 86.316 86.035 87.211 86.404 85.982 87.596 86.772 83.123 78.053 75.421 73.526 73.439 72.316 70 69.105 68.684 71.439 74.965 77.404 78.684 80.947 81.789 81.684
1108447 0 3 79 78 83.035 83.439 83.596 84.702 84.544 84.614 85.386 85.193 82 77.596 75.895 72.526 71.123 69.649 67.298 65.386 66.246 67.421 72.053 73.842 75.842 77.947 78.895 81.351
1108447 0 3 80 78 82.14 83.404 84.737 85.193 85.509 86.351 86.667 85.912 83.263 78.807 77.211 75.351 74.561 73.737 73.596 72.649 72.825 73.509 77.088 79.491 80.386 82.351 83.456 84.281
1108447 0 3 81 78 83.912 84.965 86.053 86.368 86.807 87.561 88.246 87.298 84.702 79.982 76.281 73.351 71.754 70.088 70.982 69.772 68.877 70.667 74.07 75.877 78.14 79.895 81.825 82.789
1108447 0 3 82 78 84.105 83.895 84.439 85.421 86 86 86.544 85.579 83.702 78.614 76.596 75.211 74.018 71.982 71.246 69.895 69.702 72.105 73.789 75.719 77.842 78.175 78.842 80.667
1108447 0 3 83 78 81.228 82.386 84.439 84.474 85.614 85.281 84.281 83.316 81.561 75.132 71.456 70.07 67.439 67.018 65.246 64.105 65.351 67.561 70.053 73.123 74.491 76.298 78.088 79.333
1108447 0 3 84 78 80.719 82.14 83.789 83.596 84.263 83.175 83.772 83.211 80.877 74.596 72.614 69.421 67.737 66.895 65.825 64.912 64.526 65.105 69.632 73.439 74.579 76.877 77.421 77.614
1108447 0 3 85 78 79.526 80.754 81.561 83.193 83.053 84.123 84.842 84.561 80.526 75.281 73.211 71.439 69.439 68.754 67.316 68.088 66.456 68.737 71.702 75.333 77.14 78.281 78.281 79.667
1108447 0 3 86 78 81.263 82.702 82.825 83.754 83.895 84.649 85.14 85.246 80.86 76.351 74.035 71.895 71.737 70.754 69.737 69.123 69.158 69.982 73.404 76.544 78.368 79.053 79.93 81.579
1108447 0 3 87 78 81.754 81.842 82.737 83.526 83.825 85.368 85.667 85.088 80.649 76.298 73.842 73.579 72.281 69.702 68.509 66.895 66.895 68.737 71.193 73.912 76.561 78.421 79.246 80.772
1108447 0 3 88 78 82.719 83.614 84.228 84.86 85.561 85.895 85.982 85.246 81.158 76.877 74.982 73.965 74.439 71.807 70.07 67.491 67.807 70.491 74.211 77.07 78.649 80.754 81.298 81.211
1108447 0 3 89 78 82.684 83.544 83.561 84.105 84.491 85.158 85.07 84.175 81.053 77.579 75.561 74.246 72.614 69.93 68.544 68.684 67.789 70.789 73.316 75.789 78.211 80.018 79.544 80.211
1108447 0 3 90 78 80.912 82.895 83.193 84.105 84.947 86.123 86.842 86.193 82.316 77.684 74.702 74 72 71.088 68.614 67.281 67.088 69.754 72.404 76.07 78.754 79.491 81.404 81.246
1108447 0 4 91 78 82.053 84.018 83.825 84.281 84.895 86.14 85.719 84.316 81.351 78.491 76.14 74.14 73.228 71.491 70.474 70.211 69.649 71.368 73.667 76.579 78.158 79.982 82.281 83.544
1108447 0 4 92 78 84.246 85.737 86.754 87.614 87.719 87.474 87.596 86.175 82.035 77.737 74.368 73.246 71.86 70.263 68.649 66.316 67.053 67.368 70.86 74.667 77.175 78.737 80.579 82.07
1108447 0 4 93 78 81.877 83.018 84.404 84.982 85.561 85.368 85.632 84.316 80.561 77.07 75.175 74.526 73.474 70.211 66.912 66.404 67.316 69.316 71.544 73.947 77.175 77.474 79.105 81.404
1108447 0 4 94 78 81.263 83.368 84.474 85.684 85.649 86.404 87.123 85.719 81.561 77.895 76.158 74.491 73.105 71.035 67.842 69 68.246 70.07 72.947 76.123 77.509 80.807 82.07 82.211
1108447 0 4 95 78 83.596 84.228 84.939 85.018 85.667 86.526 86.877 85.702 82.491 78.456 74.772 74.228 73.491 72.351 70.667 69.491 68.351 70.018 72.386 76.298 78.07 79.386 80.193 81.211
1108447 0 4 96 78 81.877 82.07 83.772 84.719 85.772 86.07 85.667 84.333 80.702 77.579 75.351 73.298 71.667 70.105 68.246 67.263 66.175 67.281 69.614 73.456 76.07 78.316 79.895 78.965
1108447 0 4 97 78 80.544 82.368 82.298 83.105 83.421 85.018 85.035 84.649 79.702 75.035 72.088 69.982 69.474 67.246 65 63.702 62.386 63.333 67.14 71.228 75.07 77.737 78.877 79.965
1108447 0 4 98 78 81.035 82.351 83.491 84.316 85.719 86.053 86.175 84.719 80.404 77.404 75.561 74.982 71.789 69.474 67.912 66.895 66.035 68.035 69.912 74.018 76.211 78.175 79.105 81.211
1108447 0 4 99 78 83.228 83.877 84.368 85.596 85.807 86.754 85.912 85.07 81.842 77.246 74.596 72.491 69.93 67.807 65.14 63.649 63.982 65.702 68.947 72.316 74.526 76.807 78.509 79.509
1108447 0 4 100 78 80.895 82.93 84.14 84.965 85.158 85.368 85.93 83.526 79.105 74.123 73.211 71.649 69.333 67.737 66.912 65.614 67.105 69.842 73.579 76.421 77.333 79.912 81.316 82.175
1108447 0 4 101 78 82.088 82.895 83.404 83.246 84.456 85 85.035 82.842 78.053 73.86 71.702 72.93 70.386 68.351 66.421 65 64.579 66.386 68.807 73.333 75.158 76.93 77.965 78.86
1108447 0 4 102 78 80.298 81.526 83.175 83.421 84.018 85.965 85.053 83.596 79.982 77.053 74.702 72.754 70.719 69.351 68.649 66.509 65.228 67.316 70 72.491 75.86 77 77.509 79.193
1108447 0 4 103 78 80.193 81.404 82 82.605 82.965 83.526 83.649 82.228 78.298 74.807 73.263 72.351 69.719 66.737 64.123 64.018 65.474 67.175 68.86 73.368 75.368 76.632 77.825 78.667
1108447 0 4 104 78 79.825 79.895 81.772 83.14 82.298 82.649 82.702 81 76.754 74.368 72 70.474 68.895 67.877 68.105 66.596 67.035 68.982 70.632 75 77.14 78.93 79.088 80.754
1108447 0 4 105 78 81.263 81.579 82.298 82.333 83.754 84 84.702 83.123 80.158 77.509 75.228 74.684 73.228 72.175 70.281 69.158 68.439 70.895 72.386 74.053 77.491 80.053 79.807 79.737
1108447 0 4 106 78 80.211 80.561 81.912 82.456 83.14 83.93 84.193 82.93 77.842 74.561 73.579 71.404 70.807 69.088 66.842 66.544 66.053 66.281 70.351 73.491 75.035 76.772 80.368 80.737
1108447 0 4 107 78 82.123 83.474 84.246 84.947 86.281 86.965 87.07 84.211 79.632 75.175 73.035 69.86 67.491 66.281 63.158 61.263 61.439 63.719 67.368 70.526 73.982 76.526 78.035 80.333
1108447 0 4 108 78 81.737 82.053 82.86 83.789 84.579 84.895 84.509 82.333 78.298 75.526 72.544 71.088 68.93 65.825 63.86 63.439 63.035 63.982 67.333 72.298 75.298 77.07 77.912 79
1108447 0 4 109 78 80.965 81.544 83.228 83.456 83.368 84.614 84.702 83.526 79.368 76.404 74.386 73.105 71.702 69.86 68.246 66.351 65.772 66.737 68.404 73.386 76.737 78.421 79.649 81.614
1108447 0 4 110 78 82.579 83.316 85.123 85.404 86.509 86.526 86.386 83.684 78.842 76.439 74.596 73.14 69.509 66.491 66.228 65.912 66.158 67.281 70.509 74.474 76.912 79.316 79.754 81.333
1108447 0 4 111 78 83.263 84.018 84.956 85.702 85.509 86.614 85.737 81.404 77.018 73.439 72.053 70.509 67.526 64.561 63.105 62.719 62.667 63.228 66.649 72.281 75.509 76.649 78.316 80.167
1108447 0 4 112 78 81.965 82 82.965 83.526 83.789 84.386 84.316 82.509 79.333 76.105 74.421 72.86 70.737 68.175 66.439 65.316 65.439 66.088 68.789 73.035 75.456 78.947 80.772 82.123
1108447 0 4 113 78 82.772 84 84.368 85.07 85.667 86.298 84.658 82.368 78.544 75.596 72.807 70.386 67.86 64.947 64.474 64.079 63.053 64.526 67.561 69.614 72.439 74.123 77.316 78.491
1108447 0 4 114 78 78.965 79.579 80.088 81.088 81.158 81.333 81.632 78.421 76.175 73.123 70.579 68.789 68.105 65.982 64.649 63.877 62.772 64.368 67 70.14 72.947 74.509 75.333 76.86
1108447 0 4 115 78 78.702 79.754 81.877 83.175 83.14 84.211 83.105 80.351 76.86 74.404 72.474 69.561 67.439 65.105 63.193 62.246 61.895 62.193 64.018 68.544 71.772 75.596 76.825 79.14
1108447 0 4 116 78 79.842 80.158 81.263 82.579 83.895 84.561 83.509 80.123 76.491 73.596 72.632 70.07 69.175 67.228 64.561 62.825 63.246 64.965 66.982 71.491 74.649 76.228 77.667 79.053
1108447 0 4 117 78 80.596 82.123 82.368 83.754 85 85.298 84.789 82.632 77.158 74.684 74.912 73.035 70.772 69.316 65.947 65.263 63.789 65.456 65.614 68.754 72.053 73.965 74.175 76.246
1108447 0 4 118 78 76.947 78.684 80.702 81.263 82.193 83.877 82.719 79.368 75.474 71.789 70.526 70.14 68.947 66.316 63.789 63.807 63.807 63.351 65.965 69.456 73.193 75.789 76.93 78.298
1108447 0 4 119 78 79.456 81.175 82.053 82.754 83.491 83.877 82.719 78.491 74.544 72 70.965 70.702 69.175 65.316 63.351 63.088 62 61.912 65.474 70.404 73.211 75.544 76.982 77.825
1108447 0 4 120 78 78.789 80.368 81.158 81.158 81.877 82.474 80.877 77.86 73.105 71.298 69.561 68.509 67.263 64.14 61.316 59.281 58.351 59.088 62.912 67.193 70.649 73.702 74.982 76.86
1108447 0 5 121 78 79.316 80.561 80.825 81.965 82.754 83.579 82.211 79.158 75.754 73.737 72.614 70.404 67.333 63.544 62.351 61.421 60.439 61.561 64.298 68.316 71.772 75.404 77.298 78.754
1108447 0 5 122 78 79.772 82.158 82.14 83.667 84.667 85 84.211 82.684 78.368 75.298 72.772 71.404 67.649 64.316 62.982 63.088 62.754 63.842 65.825 68.868 73.219 76.596 78.675 79.93
1108447 0 5 123 78 82.351 82.877 82.965 85.053 85.368 85.351 84.825 81.702 78.316 75.123 72.193 71.333 68.596 66.035 64.86 63.737 63.123 64.509 66.035 71.561 74.526 76.561 78.14 79.965
1108447 0 5 124 78 81.702 82.053 83.491 84.439 85.737 85.386 83.982 80.982 77.421 74.877 73.211 70.877 68.175 66.193 64.035 61.281 61.912 63.404 65.842 70.596 74.281 76.404 78.754 80.912
1108447 0 5 125 78 81.632 82.07 83.263 84.193 84.474 85.649 83.86 80.842 77.07 74.035 73.789 70.386 68.982 66.895 65.228 63.825 63.404 64.088 67.14 71.456 73.86 77.018 78.807 79.368
1108447 0 5 126 78 81.772 83.281 84.07 84.912 85.947 87.088 85.263 82 78.333 77.649 75.614 73.912 71.947 69.596 65.421 63.895 62.386 62.825 65.07 68.947 73.175 76.193 78.421 80.333
1108447 0 5 127 78 82.596 82.298 82.982 84.088 85.123 85.333 83.825 80.754 77.316 74.246 73.018 71.684 70.526 67.404 64.789 63.368 62.526 62.386 64.982 68.86 73.439 77.211 78.789 80.368
1108447 0 5 128 78 82 82.93 83.947 84.246 83.895 85.421 83.491 79.912 76.596 74.754 73.895 71.895 69.982 68.351 64.807 62.614 62.93 62.86 64.825 68.561 71.439 73.491 75.281 77.737
1108447 0 5 129 78 79.193 80.912 82.491 83.298 84.789 84.965 83.912 79.825 76.877 74.86 73.842 71.456 70.018 67.368 65.667 63.754 62.842 62.421 64.211 67.789 72.386 76.035 78.123 80.053
1108447 0 5 130 78 81.263 82.316 83.895 83.93 84.632 85.439 83.825 81.246 76.982 74.737 72.982 70.114 67.649 65.807 64.421 62.474 61.912 61.754 63.281 67.509 71.772 75.614 78.07 78.228
1108447 0 5 131 78 80.404 81.491 82.351 84.263 84.228 86.018 84.316 82.228 79.193 76.842 75 73.211 71.439 68.035 65.807 64.772 63.386 62.737 64.474 68.596 71.965 75.509 78.386 79.193
1108447 0 5 132 78 80.316 81.123 82.491 82.912 83.895 84.579 82.877 79.053 74.456 72.509 70.105 68.421 65.526 63.263 61.474 60.737 59.772 59.842 61.789 66.825 71.807 75.404 77.105 79.105
1108447 0 5 133 78 79.491 81.912 82.807 82.614 83.421 83.684 82.544 79.263 75.842 73.123 70.526 69.333 66.789 64.667 63.421 62.298 61.596 64.263 65.947 70.316 74.491 77.316 78.772 80.123
1108447 0 5 134 78 80.474 81.561 83.684 85.175 85.386 86 84.246 79.93 76.088 73.772 73.018 70.491 68.018 66.596 65.211 63.632 62.667 64.439 67.404 71.193 73.912 77.702 78.035 80.456
1108447 0 5 135 78 81.351 81.93 82.763 83.877 83.825 84.982 82.368 79.649 76.614 74.333 72.509 70.491 68.421 65.982 64.386 62.211 61.596 62.035 62.772 66.667 72.474 74.807 77.421 78.053
1108447 0 5 136 78 79.912 81.544 83.772 84 84.947 84.93 82.439 78.14 74.737 72.386 71.456 70.105 67.93 66.579 63.281 61.789 60.772 61.018 63.596 67.228 73.351 75.86 77.018 78.684
1108447 0 5 137 78 81.175 83.228 83.298 84.018 84.93 85.474 83.93 79 76.737 73.632 72.368 70.684 68.825 67.088 64.456 62.912 61.86 62.088 64.053 68.965 73.649 75.404 77.088 78.316
1108447 0 5 138 78 78.386 81.211 82 83.526 84.351 85 83.351 78.702 75.912 74.404 72.105 70.474 67.754 64.474 64.035 59.842 59.561 61 63.175 66.211 70.246 74 75.93 77.509
1108447 0 5 139 78 80.14 80.895 82.368 83.386 83.649 84.123 82.368 78.509 74.965 72.772 70.807 68.895 68.07 65.281 62.386 61.351 60.088 61.667 64.877 68.404 72.632 75.509 76.912 78.105
1108447 0 5 140 78 80.281 82.614 82.974 84.474 84.754 83.912 82.316 79.807 76.298 74.965 73.86 71.246 68.895 67.579 65.684 63.93 63.404 64.228 66.298 68.228 72.421 76.105 78.474 79.404
1108447 0 5 141 78 80.123 81.228 81.649 82.298 83.649 83.281 81.702 78.158 75.14 73.596 70.982 67.544 65.561 63.509 61.351 59.825 60.351 61.018 62.491 67.333 71.877 75.088 77.684 79.193
1108447 0 5 142 78 80.632 81.596 82.86 83.614 84.877 85.035 82.228 79.842 75.754 73.895 71.579 69.754 67.175 66.07 64.193 62.842 62.368 62.439 65.421 68.07 73.263 76.316 78.053 80.947
1108447 0 5 143 78 82.877 83.123 84.158 83.877 84.912 84.526 82.702 79.175 75.737 74.526 72.947 71.825 68.912 68.14 65.912 64.684 64.825 65.93 66.93 71.263 75.667 77.351 78.579 80.351
1108447 0 5 144 78 82.14 83.965 84.298 85.544 85.807 86.175 83.702 79.93 76.877 75.211 74.316 71.965 69.035 67.035 65.298 64.614 63.596 63.754 65.333 68.93 73.614 77.579 79.105 80.86
1108447 0 5 145 78 83.105 83.789 84.018 85.474 86.421 86.596 83.912 79.789 75.421 72.474 70.877 68.649 65.632 63.667 62.491 61.228 60.123 60.263 62.246 65.316 71.193 73.877 76.842 79.368
1108447 0 5 146 78 81.193 82.386 83.579 84.053 84.018 83.895 81.772 78.474 75.105 73.281 72.018 70.088 67.14 65.456 64.825 63.333 62.807 63.526 64.561 67.316 72.316 75.667 79.491 80.544
1108447 0 5 147 78 81.947 82.579 82.632 83.684 83.807 85.035 82.947 79.298 76.088 74.544 72.263 71.263 69.684 66.754 65.123 63.281 65.088 65.386 66.456 71.281 74.368 77.123 79.246 80.474
1108447 0 5 148 78 82.719 82.719 84.491 85.211 85.105 85.404 83.421 81.053 76.07 75.14 73.246 71.158 69.035 66.263 64.86 63.386 61.947 62.912 65.509 67.509 72 75.754 76.842 79.93
1108447 0 5 149 78 82.772 83.965 84.246 85.684 86.316 85.719 82.333 79.298 76.07 74.719 73.298 70.316 68.035 65.14 63.333 62.667 62.228 62.175 63.386 67.456 72.439 75.333 77.667 80.175
1108447 0 5 150 78 82.649 83.07 83.246 84.754 85.193 84.912 81.684 78.772 76.263 73.561 71.684 69.93 67.842 64.719 62.509 61.754 61.456 62.035 65.123 68.175 71.123 74.754 76.842 78.877
1108447 0 5 151 78 80.649 82.14 83.07 84.246 84.965 84.877 83.14 79.263 76.404 73.825 72.123 69.965 67.474 64.421 63.298 62.14 62.263 62.263 65.298 68.105 71.561 75.193 76.228 79.544
1108447 0 6 152 78 80.316 81.333 83.088 84.175 84.684 84.895 82.088 77.842 74.298 72.053 71.193 69.316 67.298 64.07 61.772 61.579 61.351 62.877 65.175 67.491 71.737 75.614 78.509 80.649
1108447 0 6 153 78 81.07 82.912 83.526 84.421 85.281 85.351 82.772 79.877 77.298 75.123 73.316 71.456 68.719 67 65.386 64.316 63.947 64.035 66.667 70.07 73.088 75 77.667 79.246
1108447 0 6 154 78 80.526 81.86 83.088 83.614 85.316 84.474 82.07 78.316 74.702 73.298 71.018 69.772 67.982 65.158 63.667 62.105 61.544 61.439 63.825 66.544 70.684 75.246 77.719 79.07
1108447 0 6 155 78 79.825 82.07 82.719 83.035 84.316 84.421 82.421 80.667 78.07 75.895 75 73.246 70.825 69.368 67.263 66.14 66.193 66.982 68.912 71.789 74.807 77.509 79.368 80.684
1108447 0 6 156 78 83.018 83.228 83.93 84.807 85.053 85.14 82.263 78.877 76.298 73.298 71.912 69.439 66.965 65.035 63.456 63.316 63.246 63 65.316 68.175 71.088 74.263 78.544 80.632
1108447 0 6 157 78 80.684 81.439 82.842 84.035 84.86 83.842 81.667 78.421 75.404 73.07 71.263 70.211 68.684 65.947 64.702 63.86 63.105 63.561 65.825 68.877 73.14 75.825 78.544 79.93
1108447 0 6 158 78 81.088 82.877 84.211 85.035 85.842 86.263 84.035 80.912 78.123 76.561 74.175 73.035 71.018 67.719 66.07 64.333 63.351 62.298 64.298 67.561 71.825 75.93 77.246 79.702
1108447 0 6 159 78 82.123 83.018 84.193 85.316 85.158 84.439 82.702 79.684 77.702 74.842 73.509 72.211 68.86 67.895 65.263 64.351 63.263 64.316 65.491 68.456 71.474 74.877 78.228 80.404
1108447 0 6 160 78 81.123 83.088 83.947 85.368 85.228 85.404 82.754 80.263 76.772 74.14 71.965 70.789 69.456 67.07 64.754 64.088 62.825 62.421 64.228 66.877 70.912 74.316 76.175 78.632
1108447 0 6 161 78 80.667 82.351 82.877 84.509 85.632 85.825 82.912 79.263 75.789 74.421 72.333 69.807 68.158 66 65.105 65.737 64.579 64.14 66.684 68.667 72.211 75.368 77.439 78.596
1108447 0 6 162 78 80.474 82.105 82.579 85.368 86.667 85.842 83.175 80.193 77.614 75.807 73.246 71.298 69.088 66.965 64.877 63.754 64.193 65.105 66.702 69.93 73.386 75.421 77.368 80.579
1108447 0 6 163 78 81.596 81.789 83.895 84.439 85.439 85.246 83.175 80.807 77.719 74.877 72.982 70.825 69 67.456 64.965 63.772 63.439 64.07 65.281 67.912 71.544 76.053 78.298 80.579
1108447 0 6 164 78 81.544 82.211 83.982 84.965 85.702 84.93 83.228 80.439 76.246 73.544 71.035 68.912 66.86 64.509 62.982 61.14 60.544 61.474 63.667 65.789 71.965 74.789 77.123 79.211
1108447 0 6 165 78 81 82.175 83.965 84.509 84.684 85.088 82.07 80.035 76.474 74.439 73.211 71.491 69.263 67.07 65.035 63.526 63.123 63.018 64.526 67.281 71.018 75.93 78.298 80.789
1108447 0 6 166 78 81.667 82.105 84.246 84.412 85.667 84.632 82.491 78.947 74.561 71.842 69.439 66.526 65.228 64.175 61.649 60.632 59.719 60.947 62.789 65.544 70.719 75.491 78.719 80.561
1108447 0 6 167 78 81.93 84.088 83.982 85.263 84.719 83.825 82.07 78.754 75.947 73.789 72.298 70.193 69.982 66.614 65.07 64.351 63.632 64.579 66.07 68.228 71.675 74.754 77.544 79.228
1108447 0 6 168 78 80.982 82.684 83.579 84.175 85.246 85.702 82.965 80.175 76.789 74.368 72.263 70.158 68.351 66.702 65.211 62.93 62.193 62.123 64.07 66.228 70.281 75.596 77.596 80.544
1108447 0 6 169 78 81.86 82.93 83.947 84.667 85.719 86.211 83.807 80.298 77.105 74.526 72.632 69.842 66.93 65.421 63.263 61.965 61.754 62.509 62.93 65.895 69.772 73.807 76.474 78.298
1108447 0 6 170 78 80.632 82.509 83.263 82.93 85.018 83.825 80.842 77.351 74.579 72.93 70.825 68.491 65.404 62.175 60.93 59.93 59.86 60.368 61.035 64.439 69.544 74.228 76.175 78.246
1108447 0 6 171 78 79.614 80.895 82.351 83.456 84.737 83.842 80.772 78.105 75.614 72.965 70.93 68.526 66.702 65.421 63.281 61.912 61.93 62.246 63.667 67.842 70.596 74.544 77.368 80.386
1108447 0 6 172 78 82.175 83.158 84.614 85.439 86.263 85.175 82.333 79.281 76.474 73.702 70.912 69.07 68.123 66.07 63.912 62.965 61.439 62.088 64.474 67.298 71.123 74.105 77.754 80.667
1108447 0 6 173 78 81.561 82.667 84.333 84.702 85.456 85.684 81.772 78.632 75.088 72.351 70.158 67.158 64.228 62.035 59.947 59.228 58.491 59.544 60.912 64 68.912 72.439 75.193 77.263
1108447 0 6 174 78 79.211 81.386 83 83.754 84.368 84.263 82.719 79 75.316 72.772 71.719 70.123 66.684 64.895 63.702 62.368 61.193 61.719 62.105 65.211 68.947 73.544 76.509 79.035
1108447 0 6 175 78 80.825 81.439 82.596 83.632 84.123 84.035 81.649 78.614 75.807 74.035 71.895 69.965 67.667 64.93 62.93 62.105 61.053 61.158 62.509 66.211 69.491 73.035 76.228 79.298
1108447 0 6 176 78 81.088 81.807 82.912 83.789 85.737 85.456 82.281 78.754 74.86 73.596 72.123 68.754 66.965 64.807 62.684 61.561 61.509 61.561 63.439 66.263 69.982 73.123 75.211 78.719
1108447 0 6 177 78 79.93 82.14 83.491 84.895 85.456 85.596 83.123 79.491 75.596 73.14 71.684 68.825 68.193 65.333 64.404 63.684 64.158 64.158 65.474 69.333 73.105 76.263 78.561 81.351
1108447 0 6 178 78 82.789 84.316 85.211 86.579 87.298 86.632 84.684 82.246 78.842 76.421 74.105 71.439 69.123 67.035 65.877 64 63.281 64.14 66.281 68.14 72.421 75.263 77.737 79.193
1108447 0 6 179 78 79.982 81.772 84.088 84.579 85.561 86.053 82.632 78.579 75.579 72.895 70.596 68.789 66.877 64.368 62.702 61.93 61.298 62.561 64.772 67.719 70.789 74.14 77.105 78.982
1108447 0 6 180 78 81.737 81.754 83.316 84.123 84.807 84.596 82.544 79.702 76.702 73.175 71.719 68.719 68.439 66.175 64.105 62.807 61.86 62.123 63.211 67.281 73.14 76.386 78.386 79.737
1108447 0 6 181 78 81.456 83.754 84.825 85.263 85.737 85.456 81.86 79.421 75.825 73.404 71.298 68.211 65.088 62.579 60.632 60.351 59.298 61.018 61.912 64.474 69.456 74.404 76.404 75.982
1108447 0 7 182 78 78.386 81.14 82.088 83.316 83.86 84.211 82.474 79.053 75.211 71.93 70.263 68.018 67.035 64.772 63.474 60.86 60.772 61.684 63.895 66.947 70.684 74.596 76.982 78.702
1108447 0 7 183 78 81.07 81.825 83.684 84.912 85.035 84.719 81.649 77.965 75.193 72.632 71.053 68.842 66.035 63.465 61.404 60.667 60.491 60.772 62.07 65.193 69.439 74.298 76.474 79.193
1108447 0 7 184 78 80.649 82.456 83.333 84.684 86.105 85.667 82.982 80 76.825 74.316 72.947 69.912 67.544 65.263 63.632 62.421 62.035 62.386 63.895 65.737 70.088 74.596 77.211 79.298
1108447 0 7 185 78 80.298 82.421 83.105 83.93 85.368 84.86 82.754 79.86 75.912 72.982 71.123 68.439 66.772 65.491 63.877 62.614 61.93 62.544 64.105 66.07 71.491 75.702 78.368 80.965
1108447 0 7 186 78 81.561 83.053 84.368 85.123 85.281 86.105 83.439 81.053 77.018 74.579 72.263 69.509 67.982 66.842 64.754 62.842 60.632 62.175 62.439 66.018 70.193 74.175 77.526 79.649
1108447 0 7 187 78 82.737 84.561 84.684 85.298 85.947 86.018 83.544 79.86 76.333 75.053 73.456 70.737 67.105 66.175 63.193 61.965 60.316 60.789 63.246 65.439 69.491 74.07 76.018 78.965
1108447 0 7 188 78 80.912 83.018 84.842 86.158 86.281 86.158 84.158 79.86 75.789 73.053 70.754 69.193 66.316 62.947 61.053 61.07 59.474 61.07 61.421 64.035 68.368 71.632 74.965 77.702
1108447 0 7 189 78 79.789 81.281 82.351 83.544 84.982 84.632 82.105 78.86 77.175 73.439 71.351 70.421 68.105 65.263 63.263 62.702 62.667 63.193 65.439 67.281 72.807 75.842 79.123 80.86
1108447 0 7 190 78 81.982 83.614 84.281 84.912 85.123 85.93 82.789 79 76.211 73.386 72.351 69.333 66.789 64.579 63.07 61.772 61.491 61.281 62.807 66.737 71.368 75.807 78.614 81.158
1108447 0 7 191 78 82.175 83.421 83.509 84.614 85.965 86 83.386 80.491 77.123 75.193 72.737 71.105 67.702 65.105 63.982 62.702 62.088 62.684 64.456 67.158 70.719 74.105 78.281 81.228
1108447 0 7 192 78 82.474 83.667 85.719 85.702 86.474 86.263 84.246 80.544 76.07 73.158 71.982 69.684 67.772 65.333 64.018 62.965 62.825 62.702 64.105 67.825 72.123 76.175 77.246 80.053
1108447 0 7 193 78 81.649 83.351 84.772 85.526 86.456 86.439 84.088 79.982 76.263 72.807 71.281 70.263 67.825 65.632 64.193 63.316 62.421 63.895 64.754 67.579 72.386 75.947 79.526 81.211
1108447 0 7 194 78 82.491 83.912 84.211 85.281 85.509 86.211 83.579 80.158 76.982 74.088 71.544 69.912 67.86 65.404 64.333 62.193 62.807 62.895 64.175 67.105 70.772 74.719 77.86 79.719
1108447 0 7 195 78 80.632 82.649 84.193 85.404 86.211 86.474 83.789 80.298 76.596 73.386 70.982 68.211 66.509 64.895 63.491 62.088 61.456 62.298 64.456 67.877 71.649 75.246 77.93 80.754
1108447 0 7 196 78 81.982 82.982 85.228 85.93 86.263 86.404 84.333 80.526 77.333 74.526 72.719 70.632 68.754 66.246 65.281 63.614 62.439 62.421 63.947 66.298 70.456 75.491 77.561 80.281
1108447 0 7 197 78 82.211 83.807 84.474 85.772 86.456 86.86 83.825 80.877 77 75.088 73.93 71.123 68.614 66.439 65.982 64.368 64.298 64 66.07 67.912 71.93 74.298 77.877 80.474
1108447 0 7 198 78 82.228 83.333 85.088 85.439 85.895 86.105 83.061 79.86 76.596 74.333 72.544 69.93 67.649 65.298 62.93 61.842 60.877 60.842 62.614 65.877 70.456 75.07 77.895 80.088
1108447 0 7 199 78 81.298 84.035 85.018 86.351 86.86 86.632 83.825 80.544 75.895 72.632 70.877 68.351 66.456 64.544 62.789 61.772 61.228 61.175 62.667 66.579 69.614 73.333 77.474 79.439
1108447 0 7 200 78 81.702 82.825 83.649 85.088 86.105 85.825 83.158 79.211 75.86 74.491 71.07 68.789 66.07 64.842 62.298 60.298 60.877 62.456 62.263 65.544 71.632 74.404 77.281 80.263
1108447 0 7 201 78 81.772 82.684 83 83.404 85.088 86.193 83 80.018 75.509 73.123 72.07 69.491 68.018 65.421 62.895 61.754 60.018 60.719 62.561 65.439 69.105 73.544 75.737 78.658
1108447 0 7 202 78 81.474 81.965 82.912 84.386 85.684 85.632 83.211 79.263 76.018 72.702 70.807 68.93 66.193 63.825 62.211 61.632 60.105 60.702 61.491 64.474 69.579 73.421 77.211 80.368
1108447 0 7 203 78 82.526 83.491 84.895 86.07 86.86 86.491 84.561 80.579 76.246 73.158 70.596 68.93 66.789 64.263 62.175 61.158 61.193 61.719 61.982 65.526 70.421 74.807 78.684 80.596
1108447 0 7 204 78 82.807 83.667 84.947 86 86.491 86.544 83.982 80.07 76.667 73.404 71.439 69.754 67.754 64.491 62.632 61.965 60.842 61.386 62.912 65.421 70.509 76.035 78.175 80.175
1108447 0 7 205 78 82.246 83.667 84.614 84.632 85.93 86.246 83.807 80.333 76.579 74.105 71.965 68.649 67.088 64.842 62.807 61.649 60.772 60.789 62.614 65.649 70.526 73.737 77.614 79.175
1108447 0 7 206 78 81.298 82.649 83.947 85.228 86.175 86.719 83.544 80.368 76.789 74.684 72.877 70.263 67.772 66.368 64.316 62.825 62.281 62.93 63.772 66.596 72.351 75.561 78.123 80.035
1108447 0 7 207 78 81.667 82.719 84.368 85.421 86.298 86.825 83.825 79.719 75.93 73.298 71.509 69.877 67.035 64.667 62.368 60.263 60.158 60.737 62.561 64.667 70.93 74.053 76.667 80.421
1108447 0 7 208 78 82.588 83.509 83.579 85.228 86.333 86.456 84.123 80.368 75.474 72.702 70.035 67.175 64.754 61.842 60.211 59.614 59.825 60.351 61.421 64.316 68.298 72.526 76.105 78.719
1108447 0 7 209 78 80.088 81.579 83.333 83.825 84.842 85.825 83.667 79.982 75.754 72.193 69.877 67.298 65.421 63.509 61.649 59.737 58.228 59.175 60.737 65.456 69.281 72.807 75.018 77.895
1108447 0 7 210 78 79.526 80.93 82.614 83.684 85.333 85.789 83.316 79.912 75.105 71.211 69.86 67.368 64.614 62.404 60.544 58.035 58.807 59.263 60.614 64.702 69.895 73.579 76.404 78.807
1108447 0 7 211 78 80.561 82.105 83.351 84.561 85.228 85.333 83.667 80.509 76.982 73.281 70.965 68.649 65.649 63.298 61.333 60.281 59.351 59.93 61.807 64.947 69.211 72.123 75.404 78.912
1108447 0 7 212 78 80.421 81.982 82.544 84.228 84.895 85.421 83.439 79.842 73.684 72.14 69.316 67.632 64.561 61.316 59.93 58.456 58.237 59.956 61.096 64.877 70.447 73.965 77.439 79.579
1108447 0 8 213 78 82.14 83.289 84.228 85.193 86.123 87.14 84.544 81 76.719 73.035 70.789 67.825 63.895 63.649 62.351 60.193 59.228 59.684 61.386 64.421 70.263 74.14 77.421 80.386
1108447 0 8 214 78 81.649 82.702 84.193 85.316 86.263 87.649 85.07 80.579 76.789 73.825 71.86 70.035 67.877 65.579 63.421 62.193 62.07 63.702 64.316 66.474 71.175 76.456 78.316 81.316
1108447 0 8 215 78 82.544 83.947 84.912 85.737 87.088 88.105 85.719 82.368 78.912 75.93 73.667 70.491 67.561 66.018 63.807 62.965 63.018 63.035 63.877 67.211 72.614 77.228 79.07 81.281
1108447 0 8 216 78 82.509 83.754 84.491 85.272 86.228 87.158 85.895 82.43 78.298 74.675 72.368 70.5 67.061 65.009 63.018 61.895 61.702 62.246 64.684 66.982 72.053 75 78.175 80.193
1108447 0 8 217 78 82.281 82.86 84.333 84.649 85.211 86.105 84.07 80.947 76.632 72.895 69.895 68.123 65.211 63.93 61.737 60.737 61.491 61.105 63.175 67.895 71.579 75.684 78.386 81
1108447 0 8 218 78 81.965 83.07 84.439 85.421 86.035 86.702 85.333 82 78.07 74.316 72 70.386 67.965 66.263 64.807 64.088 62.544 62.158 64.439 68.351 73.298 77.123 79.105 81.667
1108447 0 8 219 78 83.649 85.526 86 86.737 87.684 88.053 86.281 83.158 78.526 75.053 73.544 71.719 69.86 66.298 63.965 62.719 61.93 61.579 64.018 68.368 72.825 75.193 77.263 78.947
1108447 0 8 220 78 80.719 82.439 84.965 85.772 87 86.807 85 82.298 78.211 74.474 71.789 69.456 66.947 65 62.789 61.421 61.614 62.246 64.333 67.368 72.614 76.018 79.316 81.526
1108447 0 8 221 78 82.614 85.105 85.842 87.211 88 88.561 85.877 82.246 77.228 74.649 71.895 69.246 67.07 64.333 62.175 61.737 61.193 62.421 64.632 68.246 74.561 77.333 79.053 81.86
1108447 0 8 222 78 83.035 83.474 84.825 86.018 86.895 87.123 85.544 82.175 78.158 74.474 71.877 69.246 66.719 64.877 63.684 61.965 60.965 62.404 65.246 68.895 73.368 77.877 79.807 80.877
1108447 0 8 223 78 82.263 84.246 85.228 85.877 86.719 87.193 85.684 81.912 77.982 73.807 71.719 68.754 66.175 63.298 62.596 62.579 62.807 62.807 66.123 68.754 74.018 77.509 80.105 80.965
1108447 0 8 224 78 82.895 84.298 85.123 85.825 87.123 87.123 85.877 82.947 78.491 74.474 72.193 69.754 67.807 65.842 63.667 63 61.561 62.105 64.842 69.895 74.596 77.246 80.386 81.509
1108447 0 8 225 78 83.965 85.333 86.035 86.614 87.14 88.211 86.737 83.772 78.947 74.649 72.211 69.667 67.211 64.439 62.947 61.596 60.772 61.842 64.737 69.281 73.263 76.754 79.561 81.702
1108447 0 8 226 78 83.035 84.158 85.228 85.719 86.456 87.211 85.719 82.509 77.526 74.211 72.491 69.105 67.526 66.105 63.667 63.193 62.825 64.439 67.246 70.246 74.719 78.895 79.895 81.965
1108447 0 8 227 78 83.018 84.614 85.316 86.351 86.93 87.772 86.351 82.965 78.579 74.982 72.474 69.684 67.526 64.579 63.386 62.333 62.737 64.07 66.316 70.193 73.649 77.053 79.088 80.789
1108447 0 8 228 78 81.439 82.702 83.211 84.877 84.86 85.491 85.404 82.789 79.333 75.772 72.175 69.737 67.825 65.281 63.702 62.789 62.105 63.544 66.228 70.684 75.404 78.719 79.93 82.667
1108447 0 8 229 78 83.982 85.825 87.368 87.877 88.316 89.088 87.386 83.807 79.421 75.105 72.281 69.368 67.316 64.86 63.333 61.789 61.684 64.509 66.421 70.667 73.789 77.386 80.088 82.684
1108447 0 8 230 78 84.474 85.772 86.789 87.86 88.825 89.088 88.035 85.088 81.333 76.982 73.491 70.702 69.158 67.614 66.14 65.281 66.561 68.281 70 73.263 76.386 79.368 81.877 83.158
1108447 0 8 231 78 84.561 86.123 87.211 88.07 88.719 89.807 88.632 85.719 81.509 76.982 73.912 70.754 68.982 65.842 63.842 63.123 63.211 64.439 66.912 71.316 75.228 78.772 80.456 82.053
1108447 0 8 232 78 83.667 84.018 84.965 85.368 86.281 87.596 86.754 84.035 79.719 76.456 73.667 71.439 69.158 66.193 64.579 63.158 63.579 64.281 67.386 71.211 75.93 78.509 80.526 81.351
1108447 0 8 233 78 83.982 85.316 86.684 87.579 88.228 88.842 88.158 85.316 80.544 75.965 72.649 71.211 68.754 67.333 64.982 64.07 63.263 65.772 68.526 72.368 76.789 78.965 80.982 83.649
1108447 0 8 234 78 84.754 86.088 86.719 87.281 87.842 88.421 87.754 84.947 80.596 76.93 74.404 72.561 70.175 68.772 66.526 66.07 66.105 67.246 69.632 74.965 78.158 80.298 81.702 83.895
1108447 0 8 235 78 85.772 86.632 87.298 87.684 88.298 88.789 88.088 85.158 80.912 77 73.93 71.614 69.456 67.211 65.439 63.596 63.158 64.421 67.211 71.982 74.965 78.509 80.702 82.316
1108447 0 8 236 78 83.14 83.895 85.632 85.789 87.474 87.667 86.754 84.07 79.439 75.579 72.158 70.456 68.018 66.895 64.789 64.211 63.614 65.333 68.509 73.018 76.377 78.404 80.351 82.386
1108447 0 8 237 78 82.842 84.526 85.456 85.965 87.018 87.596 87.526 84.719 79.947 76.088 72.807 70.649 69.053 66.895 65.193 64.175 62.456 63.807 67 71.491 76 79.351 80.649 82.246
1108447 0 8 238 78 84.105 85.333 86.509 87.263 87.965 88.14 88.158 86.053 81.614 76.07 73.737 71.211 68.544 66.035 64.93 62.86 63.509 64.842 68.789 73.491 76.404 79.228 81 82.509
1108447 0 8 239 78 83.316 84.386 85.965 86.439 86.807 87.649 87.316 84.474 79.386 74.965 71.825 68.351 66.105 65 63.298 62.421 62.719 64.684 68.456 73.105 76.333 79.439 80.807 82.509
1108447 0 8 240 78 84.526 84.982 86.509 87.211 88.053 87.386 87.561 84.965 81.316 77.07 74.947 72.772 70.579 68.386 66.965 66.351 66.684 68.895 71.088 76.298 79.649 81.702 83.474 84.702
1108447 0 8 241 78 85.684 86.877 87.439 88.333 89.088 89.842 89.281 86.421 82.368 77.614 74.825 72.667 70.614 68.754 66.579 65.544 65.561 66.842 70.404 75.123 78.947 82.035 84.333 85.842
1108447 0 8 242 78 86.649 86.596 88.123 89.333 89.474 90.263 89.632 87.211 82.781 78.982 74.807 73.754 71.509 69.263 67.561 65.842 66.491 68.544 71.86 75.368 78.105 81.719 82.772 83.982
1108447 0 8 243 78 85.877 86.509 87.596 88 88.684 89.526 88.772 86.526 82.368 78.789 75.281 71.386 69.351 66.439 65 64.982 65.105 67.965 71.509 75.649 78.439 81.105 83.351 84.912
1108447 0 9 244 78 86.053 87.088 87.965 87.684 88.123 88.667 88.281 86.088 82.368 77.509 74.439 72.807 71 68.772 66.719 66.895 67.193 68.754 71.351 76.526 79.228 80.895 81.798 84.211
1108447 0 9 245 78 85.404 86.263 86.754 87.632 87.737 88.667 88.088 87.298 82.86 78.421 75.368 71.333 69 66.719 65.316 65.281 64.351 66.105 69.868 75.544 78.333 80.719 81.421 83.351
1108447 0 9 246 78 84.263 85.737 87 87.86 88.579 89.719 89.211 86.561 81.561 75.877 72.965 69.825 68.404 65.737 65.351 64.211 64.456 65.789 70.158 74.947 77.807 79.737 81.596 82.965
1108447 0 9 247 78 84.807 85.561 86.596 87.07 88 88.754 89.263 87.421 83.228 79.018 74.018 73.526 71.175 67.807 65.877 65.404 66 67.246 70.754 76.544 78.14 80.351 81.474 83.123
1108447 0 9 248 78 83.877 86.158 87.982 88.088 88.491 88.614 88.614 87.123 82.246 77.561 74.386 73.053 70.491 68.561 66.561 65.947 66.123 68.509 71.737 76.351 78.965 81.298 82.193 84.193
1108447 0 9 249 78 86.035 86.614 87.825 87.439 88.351 88.947 89.421 86.912 81.842 76.737 74.509 72.228 69.228 68 66.754 65.07 65.018 67.439 71.421 76.018 78.789 81.053 82.544 83.825
1108447 0 9 250 78 84.386 85.789 86.877 87.211 87.947 89.035 89.386 86.789 81.982 77.175 74.018 71.947 70.737 68.912 67.211 65.982 65.772 67.386 70.263 75.386 78.298 80.912 82.877 84.649
1108447 0 9 251 78 85.258 85.842 86.649 87.316 88.228 88.07 88.193 86.386 82.579 78.035 75.158 72.737 70.684 69.088 67.316 67.632 67.737 70.193 73.263 76.298 79.088 81.14 83.035 83.439
1108447 0 9 252 78 84.882 85.684 86.877 87.772 88.702 88.579 87.965 86.561 82.211 78.211 75.772 73.596 71.719 69.105 68.404 66.561 68.105 70.474 75.175 77.789 80.509 83.018 84.596 85.877
1108447 0 9 253 78 86.123 86.702 88.105 88.947 89.281 89.702 89.526 88.105 84.211 79.456 75.982 74.509 73.211 71.263 70.018 69.351 69.035 71.088 74.474 78.298 80.526 82.228 84.175 84.737
1108447 0 9 254 78 85.877 87.684 88.825 89.439 89.158 89.737 90.351 88.175 82.825 77.965 74.754 72.684 69.93 68.158 67.123 66.386 67.877 69.912 73.825 78.175 80.421 82.088 83.14 85.018
1108447 0 9 255 78 85.684 86.298 87.561 88.211 88.404 88.965 88.965 87.474 81.877 76.684 74.561 71.895 70.509 68.807 66.316 65.965 66.605 68.842 74.053 78.228 80.491 82.404 83.807 84.667
1108447 0 9 256 78 85.263 85.298 86.719 87.93 89.105 89.614 89.772 88.07 82.649 77.561 74.526 73.14 70.842 69.14 67.333 67.667 67.789 70.088 75 79.579 80.193 82.263 83.86 85.123
1108447 0 9 257 78 85.807 87.684 88.193 89.211 89.632 90.614 90.509 89.281 84.404 79.842 76.175 73.474 70.158 68.614 67.632 66.912 68.632 71.649 75.772 79.895 81.667 84.175 84.912 85.93
1108447 0 9 258 78 87.158 88.351 88.702 89.193 89.737 90.632 90.772 89.509 85.579 80.86 76.351 74.193 72.211 71.018 68.561 67.825 69.088 70.719 74.772 79.246 81.825 83.421 84.544 85.246
1108447 0 9 259 78 86.053 87.298 88.105 88.982 89.439 90.035 90.158 89.351 84.246 80.561 78.316 76.509 74.228 71.842 70.702 71.193 70.281 73.123 76.368 81.649 82.912 83.298 84.193 85.439
1108447 0 9 260 78 86.386 87.842 88.509 88.421 89.158 90.14 89.386 88.93 84.579 80.702 77.895 75.211 72.877 72.526 70.596 69.632 70.491 71.684 76.123 80.298 83.351 85.228 85.754 87.772
1108447 0 9 261 78 88.07 89.035 89.491 90.088 90.526 90.579 91.053 90 85.825 81.684 77.895 75.07 74.175 72.211 70.965 69.386 70.298 72.614 78.018 80.509 82.596 84.246 85.509 86.667
1108447 0 9 262 78 88.333 88.754 89.07 89.36 90.579 91.14 91.14 90.088 86.456 81.614 78.421 74.807 74.404 72.649 71.404 70.544 71.053 73.825 76.649 80.877 83.439 84.211 85.544 87.211
1108447 0 9 263 78 88.193 88.316 89.123 89.105 90.281 90.263 90.246 89.386 85.263 81.667 79.193 76.544 74.544 73.912 73.035 72.053 71.737 74.544 79.193 82.281 83.807 86.035 87.421 88.561
1108447 0 9 264 78 89.667 90.895 90.877 90.561 91.351 91.842 91.825 91.088 87.632 80.912 77.877 76.526 74.86 71.807 71.211 71.684 71.719 74.93 79.053 82.93 85.298 86.193 86.491 88.088
1108447 0 9 265 78 89.018 89.737 89.737 90.719 90.333 91.649 91.07 90.93 86.439 80.667 76.912 73.772 71.86 69.789 69.263 69.491 69.86 73.132 77.035 79.719 81.456 83.579 84.825 87.246
1108447 0 9 266 78 87.965 89.14 89.754 89.895 90.228 89.772 90.702 90 85.632 81.281 78.684 76.158 75.579 73.518 71.298 71.14 71.632 73.965 78.333 81.842 83.632 85.298 86.807 87.965
1108447 0 9 267 78 88.877 89.246 90.526 91.526 91.053 91.789 92.053 91.474 88.456 83.456 78.982 77.86 76.018 74.877 73.316 73.333 74 76.702 80.368 83.456 85.807 86.509 87.719 88.789
1108447 0 9 268 78 89.368 89.579 90.211 90.596 91.088 90.825 91.526 90.789 86 81.333 77.386 76.684 75.298 73.719 72.719 71.667 71.86 74.298 79.14 82.526 84.807 86.439 86.228 87.018
1108447 0 9 269 78 87.93 89.228 90.07 89.965 90 89.895 89.912 89.947 86.561 83 79.754 77.316 74.825 72.86 71.93 71.912 72.614 75.737 79.386 82.018 84.632 85.649 87.175 87.439
1108447 0 9 270 78 88.825 89.509 89.702 89.947 90.842 90.912 90.596 90.018 87.053 82.351 78.509 76.702 74.772 73.614 72.614 71.614 72.526 74.737 79.912 81.07 84.035 84.614 85.456 86.211
1108447 0 9 271 78 86.772 87.07 88.14 88.614 89.947 90.281 90.193 90.088 86.035 80.842 77.754 75.351 72.982 70.509 68.877 68.965 70.281 74.281 78.825 81.947 83.298 84.632 85.737 87.281
1108447 0 9 272 78 88.386 89 89.544 89.807 90.368 90.684 91.526 91 87.596 82.754 78.912 75.526 73.474 72.667 71.912 71.544 72.632 76.211 81.018 83.351 84.579 84.719 84.561 86.193
1108447 0 9 273 78 87.596 88.579 89.298 89.982 90.825 91.351 91.351 90.895 87.754 84.105 81.175 76.93 75.825 73.719 71.561 71.456 71.93 75.439 80.509 81.649 82.842 85.035 86.263 87.439
1108447 0 10 274 78 88.105 89.018 89.456 90.246 91.088 90.947 91.193 90.789 87.474 83.684 79.439 75.491 73.684 73.14 71.965 71.684 71.772 75.649 79.298 81.175 83.088 84.386 86.123 87.316
1108447 0 10 275 78 87.333 88.491 88.982 89.123 88.807 89.474 89.579 90.263 87.053 83.211 79.719 76.667 74.632 72.772 71.561 71.842 73.053 77.211 80.404 82.439 85.035 86.544 88.404 89.368
1108447 0 10 276 78 89.404 90.193 90.789 91.263 91.702 91.211 90.93 91.035 87.912 84.158 80.912 78.877 76.754 74.895 73.509 72.684 73.86 77.316 80.684 83.667 85.947 86.842 87.053 87.842
1108447 0 10 277 78 89.053 89.316 90.035 89.93 89.842 90.246 90.509 90.298 87.263 82.526 78.491 74.912 73.789 73.211 73.123 72.544 72.719 74.912 79.105 81.649 83.789 84.614 86.281 87.246
1108447 0 10 278 78 87.439 87.456 88.053 88.825 89.754 89.456 88.895 87.789 85.211 80.456 77.211 74.246 72.228 71.596 71.579 71.386 73.368 76.14 78.754 81.228 83.702 84.596 85.316 86.825
1108447 0 10 279 78 87.754 89.316 89.895 90.123 90.561 91.123 90.632 90.456 88.105 84.316 81.228 77.86 77.807 76.298 75.281 74.965 76.035 79.123 82.14 83.93 85.263 85.158 86.526 87.421
1108447 0 10 280 78 88.018 88.877 88.719 88.737 88.702 88.228 88.211 88.596 86.263 83.211 80.105 77.263 74.333 73.877 73.368 74.439 76.439 78.93 82.737 84.561 85.193 85.912 86.614 87.228
1108447 0 10 281 78 87.974 88.535 89.105 89.421 90.263 90.088 89.772 89.421 87.316 83.947 80.737 78.561 76.281 75 73.246 71.754 74.158 76.912 81.596 83.456 84.228 86.842 86.93 87.474
1108447 0 10 282 78 88.088 88.684 88.491 89.421 88.772 89.404 89.456 89.579 88.123 84.86 81.491 79.316 78.123 76.316 75.404 75.526 76.404 79.842 83.193 84.772 86.228 87.123 87.947 88.228
1108447 0 10 283 78 89.526 90 90.088 89.912 89.93 90.333 89.93 89.754 88.263 84.105 80.404 77.702 77.702 75.825 75.667 74.421 76.035 80.035 84.018 85.509 86.193 87.018 87.421 88.561
1108447 0 10 284 78 89.333 89.368 90.298 90.509 90.895 90.526 90.509 89.93 87.789 83.105 79.351 76.842 75.404 75.228 74.509 74.281 75.298 79.316 82.404 85.175 86.175 86.982 87.404 87.86
1108447 0 10 285 78 87.754 89.333 89.053 89.614 89.807 90.263 90.544 90.281 88.298 83.877 80.825 79 78.368 78.632 78.702 77.947 78.667 81.842 84.965 86.965 87.579 87.281 88.07 87.895
1108447 0 10 286 78 89.035 89.982 90.333 90.86 90.895 90.614 91.614 91.667 89.737 85.263 83.211 80.211 78.263 78.439 77.667 77.614 77.421 81.123 84.228 85.93 86.474 87.982 88.053 89.895
1108447 0 10 287 78 90.298 90.263 91.491 91.982 92.035 92.07 92.088 91.386 90.351 87.421 84.877 82.965 81.105 79.421 78.228 78.14 78.702 82.351 85.263 86.842 87.14 88.842 89.07 89.86
1108447 0 10 288 78 90.474 90.316 90.509 91.211 91.632 91.333 90.404 90.561 89.14 85.053 80.842 77.351 77.526 76.632 76.491 76.632 78.544 81.86 84.965 86.842 87.982 88.825 89.702 90.982
1108447 0 10 289 78 91.035 91.368 91.86 91.193 91.947 91.596 91.947 91.368 89.702 86.263 83.246 81.333 79.719 79.316 78.368 77.754 78 81.158 83.667 86.14 87.158 88.263 88.491 88.825
1108447 0 10 290 78 89.175 89.298 90.316 90.789 91.088 91.719 91.421 91.561 90.509 87.579 84.053 82.088 80.842 79.053 79.351 78.123 79.702 82.561 84.228 85.667 85.93 86.93 88.088 89.544
1108447 0 10 291 78 89.456 89.439 89.807 90.053 90.596 90.737 90.825 90.912 90.368 87.702 84.965 82.965 81.596 80.579 79.982 80.526 81.684 84.456 87.018 88.509 89.211 89.316 89.982 90.544
1108447 0 10 292 78 91.14 90.509 91.246 91.754 91.561 92.193 91.632 90.982 89.807 86.088 84.702 81.333 78.772 77.596 76.965 77.07 78.491 82.737 85.018 86.246 86.649 88.211 88.702 89.807
1108447 0 10 293 78 90.491 90.702 91.088 91.684 91.526 91.789 92.246 92.105 91.018 87.702 84.105 82.298 81.439 80.333 79.789 80.053 81.018 83.825 86.351 87.404 88.386 89.228 89.579 90.544
1108447 0 10 294 78 90.649 90.719 91.193 91.684 91.439 91.614 91.246 90.579 89.561 87.123 84.544 81.211 79.877 79.246 78.895 80.175 80.842 83.702 85.807 86.877 88.351 89.175 89.421 89.579
1108447 0 10 295 78 89.982 89.632 89.93 89.684 89.982 89.947 89.93 90.088 89.632 86.333 84.281 82.193 81.614 81 79.789 79.877 80.228 82.579 84.351 86.561 88.368 89.035 89.105 89.228
1108447 0 10 296 78 89.807 89.596 89.93 90.737 90.737 91.737 91.211 91.684 90.807 87.789 84.404 81.772 80.614 79.491 79.018 79.088 80.404 83.772 85.632 86.912 87.912 87.684 87.895 88.737
1108447 0 10 297 78 89.421 88.86 89.421 89.456 89.421 89.509 89.982 89.789 88.439 85.86 83.684 80.982 78.947 79.684 79.737 79.719 81.035 83.895 85.614 86.614 87.667 88.772 88.754 88.684
1108447 0 10 298 78 89.421 89.316 90.14 90.684 90.561 90.088 90.123 89.895 88.509 86.474 83.386 81.088 80 80.105 80.123 78.947 80.754 83.684 86.105 86.825 87 88.386 88.018 88.86
1108447 0 10 299 78 88.754 89.035 90 90.193 90.842 90.754 90.526 90.175 88.877 85.351 82.614 80.526 78.842 78.246 78.333 77.842 79.982 82.965 84.105 85.316 86.298 87.386 87.684 88.351
1108447 0 10 300 78 89.526 89.316 91.281 90.842 90.509 91.088 90.07 90.281 89.333 86.825 83.632 80.316 78.316 79.246 77.526 77.772 79.667 82.421 83.737 84.667 85.596 85.474 86.053 87.333
1108447 0 10 301 78 88.333 88.737 89.772 90.754 90.719 90.702 90.842 90.561 89.14 85.368 82.684 79.263 77.228 77.035 76.86 76.947 78.228 82.351 85.018 85.158 86.088 86.632 87.737 89.088
1108447 0 10 302 78 89.509 89.702 90.211 90.491 90.895 90.351 90.193 90.07 89.579 86.596 82.526 79.737 77.877 75.123 75.456 76.719 78.509 81.386 82.772 84.14 84.404 85.386 86.228 86.982
1108447 0 10 303 78 87.614 87.421 88.211 87.842 87.526 87.456 88.228 87.842 86.982 84.158 81.667 77.632 77.456 76.474 76.86 78.088 80.018 82.105 83.842 85.105 85.351 85.93 86.211 86.912
1108447 0 10 304 78 87.263 88.351 88.316 88.228 88.474 89.053 89.649 88.579 88.018 85.667 82.009 79.079 77.439 76.579 77.123 77.789 79.561 82.614 83.807 84.07 85.246 85.491 86.053 86.947
1108447 0 11 305 78 87.123 87.509 87.632 88.333 88.211 88.368 89.035 88.561 87.228 84.509 81.193 76.684 75.561 74.825 74.193 74.912 77.982 80.807 82.614 83.719 83.965 84.404 86.193 87.123
1108447 0 11 306 78 87.789 87.93 87.772 88.351 89.526 89.509 89.86 89.877 88.456 86.404 82.754 79.158 77.333 76.298 77 78.614 81.561 82.807 84.105 85.614 86.281 87.316 89.175 89.105
1108447 0 11 307 78 89.333 89.579 89.07 89.614 89.404 89.158 89.807 89.912 88.877 86.386 83.14 81.719 79.544 79.07 79.193 79.842 81.123 83.246 85.825 85.947 85.632 86.105 86.368 86.632
1108447 0 11 308 78 86.439 86.404 86.702 87.07 87.105 87.07 87.614 88.053 87.947 84.123 80.649 77.947 77.333 76.912 77.088 77.754 79.368 82.351 82.877 84.596 85.912 86.702 87.825 88.035
1108447 0 11 309 78 88.825 89.333 89.719 90.105 90.193 89.421 90.228 89.667 88.842 85.93 82.825 79.614 78.456 78.474 78.123 78.825 79.561 81.719 83.316 84.596 85.895 86.263 87.281 88.14
1108447 0 11 310 78 88.667 88.912 88.702 89.193 90.351 90.456 91.088 91.211 90.298 87.193 85.579 82.947 80.105 79.702 80.018 81.193 83.018 85.018 86.649 87.018 88.474 88.246 88.14 88.088
1108447 0 11 311 78 88.421 89.018 88.982 90.088 90.035 89.947 89.509 89.544 88.947 87.07 84.404 81.947 81.421 80.333 79.667 80.474 82.386 84.86 86.333 87.333 88.263 88.211 88.719 88.456
1108447 0 11 312 78 89.544 90.175 89.684 89.982 89.842 89.632 89.281 89.281 88.561 86.667 84.193 81.386 79.965 79.386 77.596 79.368 80.035 82.596 83.544 85 85.825 86.421 86.702 86.982
1108447 0 11 313 78 87.316 87.526 87.579 88.614 88.93 89.018 89.509 89.158 88.632 87.702 84.842 81.368 79.895 80.544 80.018 80.561 82.018 84.316 84.807 84.877 85.93 86.088 86.596 86.825
1108447 0 11 314 78 86.825 87.737 87.614 88.333 87.895 87.316 87.632 86.965 86.456 85.807 82.789 79.772 78.404 78.544 78.211 79.526 81.456 82.895 83.877 86.088 86.912 86.789 86.965 87.86
1108447 0 11 315 78 87.526 87.877 88.509 89.018 89.439 90.175 90.649 89.632 89.421 88.561 85.807 82.789 82.509 81.807 81.298 82.053 83.667 85.053 84.895 85.421 85.772 87.193 87.825 87.684
1108447 0 11 316 78 88.193 88.982 88.246 89.509 89.263 88.789 89.421 89 88.754 87.491 85.175 83.491 80.947 79.509 78.018 78.474 79.895 81.737 83.193 84.421 85.667 85.386 86.07 86.895
1108447 0 11 317 78 87.175 87.404 87.772 87.737 88.263 88.298 88.053 87.719 88.421 86.649 83.947 80.316 78.737 76.772 77.526 78.965 80.105 81.895 83.193 84.596 85.614 85.702 86.737 86.912
1108447 0 11 318 78 88 87.93 88.333 88.281 88.421 88.965 88.316 87.456 87.632 85.053 83.474 80.211 78.649 78.368 78.421 79.421 80.667 83.105 83.456 84.667 86.123 86.842 87.702 87.684
1108447 0 11 319 78 88.386 87.474 87.912 87.333 87.175 87.368 87.544 88.368 87.351 85.439 81.947 79.614 77.912 77.702 77.193 78.211 79.947 83.193 84.193 85.105 84.596 84.561 85.105 85.842
1108447 0 11 320 78 85.649 86.754 87.316 87.246 87.228 87.895 88.281 86.737 88.035 85.982 84.807 82.596 80.509 79.211 78.667 78.614 80.544 83.123 85.07 85.684 86.895 86.526 87.246 87.754
1108447 0 11 321 78 88.719 89.088 89.877 89.386 89.456 88.982 89.175 88.982 88.579 87.333 84.86 82.965 80.474 79.789 79.702 79.825 81.93 84.123 84.351 85.018 85.667 86.772 87.667 88.263
1108447 0 11 322 78 89.632 89.482 89.491 89.474 89.93 89.351 88.947 88.439 88.596 87.667 84.193 80.877 79.561 77.947 77.105 77.947 79.228 81.333 83.088 84.175 85.439 86.14 86.368 87.105
1108447 0 11 323 78 87.158 87.158 87.053 86.737 87.719 87.596 87.737 87.316 86.93 85.386 84.211 83.053 82.123 81.14 80.632 81.877 82.947 84.439 84.702 84.035 85.667 85.842 86.193 85.895
1108447 0 11 324 78 86.088 86.842 86.781 87.211 87.368 87.211 86.579 87.228 87.702 86.228 83.246 80.07 77.86 77.053 77.228 77.754 79.07 81.386 82.86 83.895 84.246 84.737 84.842 84.982
1108447 0 11 325 78 85.298 86.544 87.649 88.228 87.649 87.386 87.298 86.561 85.596 84.053 82.158 79.596 78.07 76.474 75.842 76.789 78.439 80.421 81.368 81.807 82.965 84.737 84.825 84.772
1108447 0 11 326 78 85.596 85.439 86.316 85.754 85.667 85.895 86.614 85.368 84.93 84.561 82.772 79.754 78.649 77.158 76.368 76.667 78.421 81.439 82.649 83.561 83.737 83.807 84.175 85.93
1108447 0 11 327 78 86.93 87.842 88.228 88.123 88.368 87.316 87.93 87.579 87 86.088 84.351 83.456 80.842 80.474 80.614 81.246 82.719 84.07 85.439 86.491 87.088 86.807 87.14 87.86
1108447 0 11 328 78 87.158 87.509 88.193 88.263 88.895 88.333 88.14 87.912 86.825 86.228 84.456 81.614 80.368 79.895 79.035 79.439 80.211 82.596 83.737 84.912 86.947 87.86 88.368 88.123
1108447 0 11 329 78 89.526 89.281 89.719 89.298 89.193 89.404 89.07 88.789 88.281 87.526 85.351 82.667 80.614 79.333 78.982 79.439 81.211 84.018 85.14 85.965 86.614 87.684 88.018 87.561
1108447 0 11 330 78 87.702 88.474 88.614 89 88.807 89.439 89.737 89.368 88.702 87.684 86 83.526 80.579 79.509 78.842 79.228 82.614 84.421 84.912 85.57 86.825 87.737 88.474 87.807
1108447 0 11 331 78 88.509 88.947 89.035 88.561 88.579 88.737 88.649 88.596 88.439 87.351 84.614 82.281 81.404 80.789 81.105 81.333 82.509 84.07 85.175 86.175 86.175 86.86 87.561 87.912
1108447 0 11 332 78 88.719 89.351 89.544 89.825 90.281 91 91 90.421 90.281 89.368 88.035 85.088 83.649 81.351 82.158 82.281 83.684 85.579 86.07 86.982 88.368 88.614 88.965 88.632
1108447 0 11 333 78 89.316 89.351 89.93 89.754 89.649 90.193 89.754 89.719 89.526 88.737 86.789 83.737 81.579 80.088 79.632 80.965 81.561 83.596 85.053 84.509 85.456 86.211 87.667 87.07
1108447 0 11 334 78 88.368 87.842 88.421 89.105 90 89.421 89.667 89.825 89.702 88.93 87.123 84.579 83.684 83.579 83.702 84.474 86.386 87.684 88.263 88.737 88.474 90 90.596 90.702
1108447 0 12 335 78 90.386 90.772 91.07 91.526 91.123 90.509 91 89.737 89.123 88.368 87.175 85.684 83.368 82.351 82.86 83.93 84.614 85.737 85.982 87.123 87.965 88.386 88.421 89.439
1108447 0 12 336 78 89.702 89.772 89.86 89.86 89.544 88.86 89.649 88.825 88.965 88.895 87.404 84.404 83.228 81.825 81.211 83.246 83.754 84.667 84.667 85.842 86.719 88.158 88 87.754
1108447 0 12 337 78 88.158 87.474 87.754 88.579 88.912 88.614 88.825 88.386 87.912 86.895 85.614 83.561 81.947 80.404 80.667 81.579 83.105 84.088 85.912 86.456 86.684 86.509 87.07 87.386
1108447 0 12 338 78 87.614 87.93 87.825 88.246 87.579 87.579 87.614 86.702 85.825 84.544 82.842 80.07 77.439 77 76.439 77.491 79.789 80.807 81.947 82.614 83.912 85.035 85.263 86.754
1108447 0 12 339 78 87.14 87.947 87.965 87.632 88.614 88.474 88 87.807 87.421 86.667 84.789 81.895 79.649 79.386 79.298 79.509 81.965 83.07 83.772 84.754 85.281 86.333 86.246 87.263
1108447 0 12 340 78 88.123 88.035 88.386 88.649 89.211 89.93 89.14 88.526 89.211 87.86 85.439 82.614 80.404 78.719 79.018 79.895 81.772 83.123 84.518 84.596 85.158 86.439 86.561 87.596
1108447 0 12 341 78 87.702 87.86 87.877 88.246 88.719 87.895 88.158 88.158 87.509 86.474 84.561 81.965 80.386 78.439 77.754 78.14 79.93 80.93 82.123 82.86 83.86 85.123 85.193 85.649
1108447 0 12 342 78 86.491 86.07 86.368 85.965 86.544 87.088 86.895 87.333 87.368 87 85.789 82.947 81.404 81.14 81.281 81.614 83.491 83.754 84.561 85.684 86.526 86.982 87.702 87.632
1108447 0 12 343 78 87.263 88.123 87.842 88.333 89.088 89.298 88.825 88.281 88.702 88.158 86.877 84.877 82.912 82.14 82.175 83.333 85 85.333 85.491 86.175 86.86 87.526 88.614 88.281
1108447 0 12 344 78 88.491 88.86 89.175 89.175 89.228 89.474 89 89.649 89.719 87.947 86.526 84.439 82.947 82.754 82.895 83.281 84.439 85.632 86.018 87.632 87.842 87.561 87.93 88.263
1108447 0 12 345 78 88.509 88.86 89.526 89.211 89.018 88.719 88.579 88.368 87.544 87.456 86.175 84.07 82.877 81 80.456 80.947 81.93 82.895 83.877 84.333 83.895 84.825 85.965 85.754
1108447 0 12 346 78 85.579 85.842 87.123 87.561 86.965 86.702 86.667 87.351 86.842 87.123 85.281 82.912 80.719 80.404 80.228 80.491 82.386 83.667 86.404 86.193 86.579 87.281 87.632 88.702
1108447 0 12 347 78 89.018 89.368 89.386 89.193 89.404 89.07 88.947 88.947 88.193 87.807 86.702 84.719 82.228 81.632 81.404 81.544 82.614 85.105 85.053 84.754 86.035 85.298 85.561 86.789
1108447 0 12 348 78 86.298 86.474 86.088 87.421 87.211 86.947 87.088 86.333 86.544 86.509 85.825 83.842 83.895 83.158 82.789 83.491 84.316 85.018 85.579 85.877 86.491 87.368 87.754 88.421
1108447 0 12 349 78 88.281 88.702 89.439 89.86 89.667 89.895 89.667 90.053 89.404 89.035 87.421 84.333 82.982 81.614 81.754 82.228 83.368 85.035 85.439 85.316 85.912 86.14 86.228 87.561
1108447 0 12 350 78 87.526 87.456 87.912 87.754 88.649 88.211 88.649 88.018 87.842 87.035 85.825 82.193 81.509 80.579 79.912 80.737 82.368 83.307 84.316 84.439 85.351 86.158 86.965 86.544
1108447 0 12 351 78 86.737 87.807 88.105 87.86 88.211 88.211 88.474 87.246 87.246 87 86.298 83.807 81.07 80.351 80.175 81.193 81.421 83.825 83.596 83.842 84.825 85.667 87 87.368
1108447 0 12 352 78 87.526 87.789 87.789 88.825 87.842 87.965 87.807 87.474 87.719 87.07 86.86 84.439 82.404 81.807 81.316 81.684 82.246 83.842 85.14 84.947 85.509 85.018 85.404 85.982
1108447 0 12 353 78 86.035 86.895 87.14 87.035 86.895 86.825 86.561 85.982 86.158 85.07 84.368 83.544 81.404 81.088 80.105 81.14 82.351 83.474 84.228 84.211 84.842 84.123 84.246 84.614
1108447 0 12 354 78 83.649 83.667 83.719 84.088 84.263 85.175 85.632 86.018 85.807 85.386 84.053 82.298 81.368 80.035 79.825 80.614 81.649 82.561 83.632 83.684 84.263 84.333 84.719 86.281
1108447 0 12 355 78 86.018 86.807 87.772 86.667 86.667 87.14 87.947 88.211 87.965 87.368 85.632 83.386 82.035 80.561 79.684 80.421 81.544 83.754 84.316 84.965 85.07 86.228 86.842 87.439
1108447 0 12 356 78 88.158 87.544 88.14 88.825 89.316 89.404 90.018 89.86 89.333 88.632 87.404 84.772 83.211 81.982 82.035 82.246 84.053 84.088 85.298 85.719 86.596 87.719 87.93 88.719
1108447 0 12 357 78 88.456 88.702 89 88.789 89.684 89.175 89.228 89.368 89.368 89.649 88.053 85.93 84.158 83.719 83.825 84.614 86.474 87.175 87.298 88.088 88.632 89.053 88.719 88.877
1108447 0 12 358 78 88.158 88.456 89.404 89.105 89.421 89.561 89.228 89.614 89.07 87.86 86.789 85.035 83.281 81.877 82.947 83.947 84.912 86.544 86.351 86.351 87.018 87.772 88.158 88.474
1108447 0 12 359 78 88.588 89.123 89.263 89.07 88.772 89.263 88.947 89.404 89.93 89.088 88.053 86.158 84.333 84.702 84.86 85.877 87.667 89.298 89.526 89.754 89.807 91.088 91.333 90.456
1108447 0 12 360 78 90.579 90.772 91.123 91.825 91.211 91.14 91.526 92.053 92.14 91.789 90.614 88.105 86.404 85.421 84.579 85.228 86.842 87.982 88.509 89.368 89.491 90.228 90.544 90.018
1108447 0 12 361 78 90.018 90.509 90.088 90.368 90.351 90.842 90.719 90.263 90.228 89.561 89.246 86.895 84.579 84.351 83.684 82.965 84.719 85.298 86.772 87.579 88.263 89.333 89.895 90
1108447 0 12 362 78 89.632 89.737 90.193 89.895 89.632 89.404 89.737 89.088 89.281 88.263 86.825 84.614 83.509 81.877 80.798 81.158 82.105 84.246 84.719 85.702 87.193 87.702 87.526 88.158
1108447 0 12 363 78 88.491 88.667 89.018 88.509 88.947 89.702 90.035 89.105 89.281 89.281 88.175 86.211 84.456 83.86 83.158 83.684 84.737 85.737 87.053 88.07 88.351 88.474 89.439 90.333
1108447 0 12 364 78 90.544 91 90.877 89.912 90.649 89.982 89.86 90.14 89.93 89.86 89.667 87.772 86.018 84.123 84.053 84.702 86.246 87.053 88.228 88.842 88.947 89.298 89.667 90.228
1108447 0 12 365 78 90.719 90.667 89.947 90.088 89.719 89.649 89.579 89.561 89 88.772 86.965 84.474 82.947 80.667 81.246 81.93 83.737 84.281 85.579 86.404 86.351 86.719 87.123 87.439
1108447 0 12 366 78 88.14 87.684 88.298 87.491 88.123 88.439 88.474 88.596 88.754 87.474 86.368 84.789 82.877 80.632 80.316 81.737 83.246 84.982 86.667 86.316 85.947 87.333 87.053 86.456
