1108447 0 1 1 78 24.263 24.386 23.421 23.456 21.772 20.228 18.561 19.053 18.281 22.07 27.754 36.807 42.789 46.053 46.333 45.386 41.509 35.561 32.842 30.684 29.193 26.386 25.877 25.877
1108447 0 1 2 78 25.088 24.053 23.018 22.421 21.579 21.351 22.947 22.632 21.982 24.842 29 36.193 41.211 43.596 45.14 44.158 39.14 34.649 30.509 27.193 24.018 21.246 20.982 21.158
1108447 0 1 3 78 20.035 18.421 16.667 15.053 15.07 15.684 14.737 13.93 13.158 17.456 24.772 32.316 37.632 40.053 40.842 40.088 36.579 31.965 29.684 25.07 24.491 24.649 21.596 19.982
1108447 0 1 4 78 17.947 18.211 17.404 16.368 14.877 14.737 15.053 14.842 14.842 17.175 25.193 32.263 36.456 39.667 41.281 40.912 38.807 32.281 30.456 27.018 23.579 22.439 20.895 17.807
1108447 0 1 5 78 15.842 12.702 11.509 11.263 11.491 10.702 10.965 10.912 11.105 15.649 22.105 30.912 37.509 41.596 42.947 41.737 37.754 31.351 28.158 26.719 22.754 20.298 18.474 15.544
1108447 0 1 6 78 15.316 13.772 13.667 13.719 14 13.333 13.614 13.561 13.877 16.667 22.123 29.842 36.596 38.509 40.158 39.158 34.825 28.912 26.719 26.07 22.702 20.877 21.316 20.789
1108447 0 1 7 78 17.439 17.333 17.404 17.754 17.596 15.526 16.053 16.947 17.421 21.404 28.596 34.175 41.719 45.632 47.035 46.088 43.947 40.105 37.754 34.474 34.035 33.754 33.298 32.14
1108447 0 1 8 78 29.947 28.754 27.211 27.702 27.649 26.246 27.211 28.316 28.596 31.053 35.912 42.018 46.474 48.842 50.263 48.211 46 41.263 39.877 38.649 35.825 33.825 31.123 30.684
1108447 0 1 9 78 29.316 27.684 28.368 28.386 27.912 28.702 29.211 29.772 29.14 30.298 34.895 42.368 46.544 49.439 50.07 48.333 45.789 41 39.246 37.123 35.614 33.895 32.789 29.86
1108447 0 1 10 78 29.123 27.947 27.053 27.684 26.351 24.86 23.368 22.456 21.93 24.544 30.158 37.684 42.754 45.175 46.298 45.93 42.754 37.825 36.228 32.298 30.368 28.596 26.491 25.105
1108447 0 1 11 78 23.368 20.719 21.368 20.772 20.947 21.439 20.614 21.14 21.404 24.842 30.877 38.544 43.86 46.456 47.456 47.526 42.982 38.368 34.93 32.579 30.509 27.509 27.526 25.982
1108447 0 1 12 78 23.982 23.281 23.053 21.737 22.895 23.561 23.877 24.982 25.088 26.386 31.632 38.474 43.579 49.035 48.702 49.246 45.93 41.351 39.877 36.772 36.123 35.789 33.719 30.719
1108447 0 1 13 78 29.702 29.228 29.228 29.228 27.947 28.632 28.965 29.14 27.614 31.158 36.702 43.754 46.649 48.982 50.719 51.193 48.737 41.912 38.07 37.789 36.702 35.825 36.316 33.561
1108447 0 1 14 78 31.947 31.842 29.86 29.158 28.526 28.281 28.561 29.298 29.298 33.684 38.596 45.825 50.421 53.456 55.018 53.912 51.053 46.088 43.018 41.105 38.684 36.596 34.947 34.263
1108447 0 1 15 78 33.351 32.561 30.649 30.158 30.368 29.123 29.035 28.561 28.649 32.175 37.456 44.825 49.544 52.912 54.193 52.965 51.298 44.965 42.368 39.632 37.789 34.211 34.316 33.07
1108447 0 1 16 78 31.982 29.123 28.439 28.789 25.281 25.807 25.965 25.561 27.316 29.807 34.825 41.877 46.175 48.754 50.404 49.947 48.263 43.649 40.544 39.982 36.404 35.86 34.333 32.07
1108447 0 1 17 78 30.281 29.491 28.526 28 28.526 27.018 25.86 26.386 24.719 28.316 35.491 42.368 49.263 52.035 52.281 50.982 48.544 43.263 40.544 38.982 36 32.509 32.596 29.649
1108447 0 1 18 78 29.158 29.386 29.035 28.526 28.193 27 26.561 27.316 27.193 30.807 35.895 43.772 49.667 52.772 55.86 54.211 51.737 45.509 42.456 38.947 36.86 34 33.053 32.158
1108447 0 1 19 78 30.684 29.105 29.491 29.298 29.175 27.246 26.702 26.544 26.807 30.579 37.614 45.421 50.86 52.561 53.544 53.421 50.105 46.421 43.263 40.228 37.544 35.263 33.614 32.842
1108447 0 1 20 78 31.86 29.105 28.947 27 27.596 26.088 27.053 27.965 27.298 31.684 37.14 46.316 51.737 56.211 58.386 56.404 52.193 46.825 42.579 40.544 38.561 35.596 35.544 33.982
1108447 0 1 21 78 32.614 31.596 31.737 29.211 27.404 26.439 25.333 25.596 25.702 27.614 35.246 42.561 46.86 50.877 52.737 51.263 48.579 42.263 37.667 35.737 33.07 31.386 29.877 27.912
1108447 0 1 22 78 27.246 26.596 26.877 25.298 24.333 23.368 22.193 23.895 23.982 27.404 31.895 39.509 44.684 47.614 48.702 49.158 46.947 41.158 38.14 37.351 34.895 34.105 34.158 33.86
1108447 0 1 23 78 33.439 32.579 31.105 31.193 29.912 30.649 29.877 29.86 31.263 33.474 38.93 44.842 48.228 50.526 51.825 51.789 49.193 44.474 42.632 40.088 37.14 36.088 35.123 33.807
1108447 0 1 24 78 30.351 28.298 27.982 25.965 25.386 25.228 25.175 24.789 24.789 28.158 34.842 42.509 47.193 49.947 51.386 51.175 47.421 41.965 38.965 37.719 35.105 32.421 30.842 29.368
1108447 0 1 25 78 28.404 27.421 26.684 23.842 24.404 23.895 23.386 23.316 23 28.088 36.982 43.719 48.772 51.175 51.965 51.982 48.281 40.175 36.158 33.667 30.807 29.175 27.456 26.526
1108447 0 1 26 78 24.526 24.246 23 21.386 19.702 20.316 20.368 18.632 18.772 24.544 32.246 39.667 45.386 49 51.053 49.474 47.667 41.316 36.702 33.544 31.228 28.86 28.14 26.053
1108447 0 1 27 78 26.877 25.965 25.825 24.86 23.456 22.842 22.439 21.421 21.175 25.404 32.868 39.807 44.789 48.982 49.772 49.333 47.561 42.053 37.789 35.333 31.895 30.246 29.912 27.158
1108447 0 1 28 78 24.947 24.912 23.105 23.193 22.632 22.737 22.719 23.035 23.298 27.825 35.509 43 48.351 51.947 54.877 54.298 51.351 45.386 41.333 38.14 35.368 33.404 31.754 30.596
1108447 0 1 29 78 29.474 28.667 28.368 27.667 25.491 26.298 25.386 26.772 26.175 30.193 36.509 43.316 47.684 49.667 51.175 50.772 49.14 41.789 37.228 35.509 33.544 31.772 31.842 30.158
1108447 0 1 30 78 29.737 28.86 27.14 25.491 23.105 22.509 21.175 21.614 22.754 28.895 37.018 45.509 50.351 54.263 55.316 55.07 52.386 47.246 43.614 40.175 36.702 35.421 33.526 32.86
1108447 0 1 31 78 32.404 31.053 30.035 29.281 27.579 27.789 28.281 27.86 28.86 34.807 42.088 50.316 53.509 58.526 60.807 60.719 57.667 48.737 43.526 39.509 37.298 36.298 35.123 34.211
1108447 0 2 32 78 31.614 28.702 29.211 27.667 25.842 24.018 24.509 23.667 24.772 30.088 40.579 49.386 55.404 58.263 60.298 59.14 55.807 48.421 44.333 41.754 37.018 34.877 32.667 30.579
1108447 0 2 33 78 27.702 26.123 26.684 24.281 23.842 24.193 24.421 23.947 25.807 31.667 41.579 48.772 53.123 55.509 57.719 57.105 54.947 50.053 46.123 43.614 41.456 38.719 38.298 36
1108447 0 2 34 78 33.877 31.404 29.614 29.982 28.807 27.175 26.947 27.123 27.298 33.456 42.649 51.298 57.281 61.789 63.982 62.228 59.737 52.509 49.737 44.719 42.491 39.754 36.491 35.842
1108447 0 2 35 78 32.158 31.667 30.86 30.158 28.86 28.614 27.333 30.281 28.632 35.509 45.281 55.088 60.491 62.14 63.404 64.351 61.807 55.281 50.211 47.982 43.333 40.491 36.982 34.246
1108447 0 2 36 78 33.509 30.351 29.825 27.614 27.035 24.439 23.404 22.754 25.175 32.719 44.246 54.439 59.544 64.246 66.246 65.333 62.228 54.544 49.316 45.298 43.509 41.877 40.368 39.947
1108447 0 2 37 78 37.035 35.544 34.526 34.246 33 33.035 31.474 32.86 32.14 39.456 49.07 56.404 60.807 63.228 64.825 63.982 62.386 56.018 51.14 48.789 46.281 45.561 42.895 42.439
1108447 0 2 38 78 39.07 38.228 34.754 32.175 29.316 27.789 25.86 26.298 25.754 37.754 48.386 58 64 67.851 68.368 67.228 64.07 56.649 50.912 47.719 45.456 42.614 40.316 37.316
1108447 0 2 39 78 34.456 35.228 32.053 30.105 27.561 26.965 27.912 27.509 28.772 35.912 44.649 53.491 58.719 62.982 64.544 65.211 63.351 54.877 48.614 47.421 45.368 42.895 39.018 36.649
1108447 0 2 40 78 33.86 31.439 29.789 28.579 27.789 27.667 25.842 26.632 26.895 34.158 45.263 53.86 59.807 63.018 65.351 64.965 62.544 55.807 48.772 44.825 41.561 39.596 38.877 35.632
1108447 0 2 41 78 33.333 31.123 29.895 27.789 27.158 26.333 26.561 27.719 30.035 39.158 48.614 58.246 63.947 66.737 67.667 66.088 63.684 56.561 50.281 47 44.912 41.474 37.509 35.053
1108447 0 2 42 78 33.386 32.14 30.333 30.281 27.404 29.246 28.421 28.509 27.596 37.93 49.86 58.702 63.684 66.053 67.614 67.158 66.246 58.579 53.105 48.772 45.895 43.702 41.123 39.877
1108447 0 2 43 78 39.175 38.439 36.386 36.096 35.456 34.772 34.789 35.456 36.491 44.193 53.544 61.825 65.667 69 71.842 72.596 71.105 64.877 58.193 55.018 52.07 49.737 47.368 44.86
1108447 0 2 44 78 43.947 41.579 41.789 39.877 38.474 36.965 34.544 34.526 37.825 44.649 54.93 62.719 68.211 70.333 73 69.702 67.789 61.868 55.421 50.632 47.035 43.982 41.351 40.211
1108447 0 2 45 78 37.193 36.982 34.947 33.842 32.386 31.737 30.737 30.86 31.509 41.632 50.368 58.333 61.281 64.93 66.298 65.825 63.579 58.228 52.842 50.07 47.719 44.404 42.386 40.158
1108447 0 2 46 78 37.807 35.439 33.982 32.14 32.088 29.754 30.228 31.351 33.825 42.579 50.333 59.667 64.351 67.737 68.123 68.035 68.281 62.14 55.86 51.439 49.351 47.035 44.684 41.193
1108447 0 2 47 78 40.737 38.561 35.965 35.018 33.246 31.684 29.439 28.86 31.667 42.228 54.035 62.351 67.965 70.281 70.368 70.228 68.825 62.526 56.175 52.439 48.368 46.596 43.947 41.614
1108447 0 2 48 78 38.596 34.86 34.263 31.246 29.719 30.754 29.614 29.614 32.702 43.105 51.404 61.246 68.158 70.386 71.018 70.596 68.842 62.105 54.439 52.404 49.772 47.754 45.737 43.404
1108447 0 2 49 78 41.14 38.947 36.368 34.965 33.386 33 33.333 33.246 36.737 45.842 54.246 61.544 66.895 69.509 72.509 72.632 70.456 64.333 56.947 53.895 50.298 49.123 47.596 45.14
1108447 0 2 50 78 42.772 40.614 40.965 38.877 37.368 37.035 34.982 35.333 37.474 46.333 58.491 67.035 72.719 74.789 75.807 76.404 74.035 68.246 59.114 55.877 53 49.719 46.123 45.281
1108447 0 2 51 78 44.772 42.491 39.912 38.368 36.544 35.07 34.456 33.93 37.93 49.088 59 65.965 70.263 73.86 74.632 75.807 74.316 68.807 61.333 55.123 51.754 47.474 46.07 42.947
1108447 0 2 52 78 41.404 38.632 35.07 33.421 32.316 31.649 30 30.825 33.772 45.386 55.877 64.561 69.456 72.158 73.825 73.404 71.474 65.947 58.544 53.684 51.526 47.772 45.912 44.667
1108447 0 2 53 78 42.316 40.105 41.228 38.614 37.509 35.596 34.158 35.298 38.263 47.702 59.123 68.456 72.649 76.246 79.298 79.421 75.333 69.702 62.316 57.421 53.246 49.421 47.368 45.263
1108447 0 2 54 78 42.386 40.228 38.561 35.982 34.018 31.614 32.509 31.754 36.491 49.123 59.491 66.456 71.158 72.807 75.351 73.93 72.298 66.193 59.579 55.263 53.351 50.684 48.088 45.719
1108447 0 2 55 78 44.123 41.211 39.316 38.018 35.509 33 33.754 32 36.175 48.421 57.439 66.421 70.386 72.737 74.193 74 72.088 65.895 57.07 54.456 52.877 48.754 46.404 43.596
1108447 0 2 56 78 39.912 38.789 37.298 36.105 33.842 31.912 30.298 30.772 34.351 47.667 56.421 64.86 68.632 71.579 73.088 73.579 71.386 65.632 58.14 53.053 48.86 44.947 43.86 40.702
1108447 0 2 57 78 38.737 34.105 34.088 32.018 29.404 27.702 27.912 28.298 33.123 45.596 54.737 61.246 67.456 68.053 70.561 70.316 68.632 64.088 55.684 51.07 47.789 44.333 42.158 39.07
1108447 0 2 58 78 35.105 33.895 31.877 30.018 29.07 27 26.965 27.035 33.228 48.018 56.526 66.035 71.684 74.053 74.491 75.719 74.579 68.246 59.877 55.965 53.263 50.281 47.561 44.491
1108447 0 2 59 78 43.07 41.123 40.246 40.474 37.807 35.491 34.088 35.561 40.684 52.281 61.123 67.333 71.667 72.754 75.035 77.561 74.439 70.14 62.947 56.281 50.351 48.544 45.632 43.211
1108447 0 3 60 78 38.702 37.105 34.053 30.719 29.053 28.509 28.825 28.412 34.211 45.447 55.474 64.289 70.009 71.912 73.982 73.07 71.649 66.035 57.649 52.754 50.614 46.088 45.561 43.193
1108447 0 3 61 78 40.193 36.667 35.754 34.14 32.912 32.14 31.596 32.386 39.316 49.789 58.509 66.07 70.456 72.93 74.211 75.649 73.456 66.509 57.421 54.368 50.842 45.404 43.684 42.561
1108447 0 3 62 78 38.509 36.351 32.842 31.719 31.158 29.07 27.509 26.825 33.737 48.298 55.895 62.491 66.105 69.281 70.439 70.246 70.07 65.649 56.544 51.649 47.14 44.263 41.526 37.737
1108447 0 3 63 78 34.789 34.474 32.404 30.474 29.368 28.105 26.509 27.421 34.439 44.842 54.105 60.474 64.772 67.316 70.825 72.246 70.737 66.596 59.298 54.789 51.281 47.895 43.474 41.211
1108447 0 3 64 78 38.807 35.947 33.193 31.158 29.825 28.614 29 29.544 36.035 47.368 56.018 63.246 67.404 72.298 75.579 75.579 74.316 68.14 60.649 56.877 53.491 49.088 45.719 43.789
1108447 0 3 65 78 40.702 39.754 37.649 36.526 33.596 33.281 32.298 33.333 41.807 53.579 63.193 70.947 74.667 78.298 80.105 79.947 79.158 73.316 64.386 61.175 57.158 54.877 52.035 48.667
1108447 0 3 66 78 44.614 42.579 40 37.333 36.526 34.035 32.526 32.211 40.509 54.018 63.351 70.474 76.053 78.509 81.263 81.719 79.368 73.702 65.667 58.211 54.298 51.789 49.719 47
1108447 0 3 67 78 45.018 41.789 41.491 38.281 37.14 36.316 35.474 36.895 43.123 52.912 60.281 68.491 73.263 77.439 79.737 81.737 79.175 73.421 64.632 59.509 58.351 54.86 53.018 51.544
1108447 0 3 68 78 47.228 44.211 44.667 42.684 41.877 40.035 38.053 39.544 46.544 60.86 69.474 75.596 80.772 84.807 86.649 88.789 85.684 81.088 72.579 65.632 62.368 59.526 56.439 54.649
1108447 0 3 69 78 50.404 48.526 46.088 45.351 45.333 42.351 41.421 41.947 49.895 62.737 72.228 76.632 80.912 83.333 86.807 87.404 86.93 81.491 73.105 66.439 64.509 61.509 56.825 53.316
1108447 0 3 70 78 50.895 47.86 46.316 44.632 42.895 43.579 42.702 43.965 52.421 64.877 73.088 78.947 83.754 87.386 89.333 89.596 88.772 85.07 75.719 70.842 65.684 61.982 59.719 55.965
1108447 0 3 71 78 54.035 49.439 48.298 45.789 43.246 40.544 40.228 39.263 49.439 60.14 68.316 73.596 78.737 82.053 84.561 85.772 84.439 81.035 73.14 67.298 61.316 56.702 53.912 49.842
1108447 0 3 72 78 46.298 43.947 42.333 40 40.14 38.298 38.211 39.93 48.316 61.509 70.246 77.93 81.86 86.333 88.614 88.439 87.491 81.807 72.719 66.912 63.368 60 57.474 53.526
1108447 0 3 73 78 49.211 48.351 45.947 44.632 44.456 42.544 41.053 42.456 50.404 61.684 69.123 75.263 80.035 82.86 85.93 86.912 84.965 80.912 72.316 67.105 62.404 59.596 56.526 55.158
1108447 0 3 74 78 53.211 49.684 48.386 48.333 47.053 44.842 45.07 46.561 54.123 62.632 68.825 75.825 78.298 81.509 82.982 83.737 83.947 80.07 73.895 68.439 64.07 61.526 58.86 57.105
1108447 0 3 75 78 56.14 52.737 50.895 48.93 47.474 46.93 45.912 47.877 57.105 68.965 76.088 80.561 84.351 86.947 88.07 88.895 88.193 82.509 74.544 68.895 63.263 59.877 55.684 52.579
1108447 0 3 76 78 48.228 45.316 43.526 41.789 40.211 41.246 40.211 44.035 54 64.86 72.193 78.956 84.228 86.982 89.386 89.404 87.596 84.193 77.193 71.684 66.211 62.965 60.754 57.544
1108447 0 3 77 78 54.86 53.053 51.439 50.018 49.456 47.614 47.912 47.965 57.965 68.947 76.474 82.175 84.737 88.842 91.439 93.263 91.895 87.789 79.737 73.07 69.175 64.298 60.895 57.421
1108447 0 3 78 78 55.018 50.526 49.316 47.526 47.684 47.123 43.509 46.035 58.316 69.825 76.491 82.579 86.982 89.719 92.825 93.509 92.895 87.772 79.544 72.351 70.175 65.333 62.596 60.14
1108447 0 3 79 78 57.842 55.526 53.491 50.912 50.982 47.386 45.807 47.509 59.561 70.211 76.877 83.105 87.368 91.825 94.737 97.281 95.158 88.965 79.667 73.228 69.947 65.316 62.351 57.684
1108447 0 3 80 78 54.947 51.456 48.281 46.316 47.281 45.474 44.649 47.281 57.193 67.649 73.912 80.456 84.561 87.088 88.807 90.158 89.684 86.544 78.877 72.316 69.175 64.947 61.439 57.456
1108447 0 3 81 78 56.596 52.298 49.123 47.211 47.088 43.105 40.456 43.965 56.86 71.228 79.842 86.789 89.982 92.754 95.754 97.368 97 92.421 85.07 78.404 74.175 70.298 66.088 63.281
1108447 0 3 82 78 60.509 59.123 57.684 55.614 53.702 50.105 49.614 53.105 62.895 73 79.386 85.439 90.368 93.772 95.035 96.421 96.544 90.14 84.193 77.702 72.93 69.667 66.982 61.351
1108447 0 3 83 78 57.351 54.07 50.386 48.965 47.789 45.386 45.439 48.684 63.018 74.746 81.456 87.105 92.649 95.351 96.368 97.421 95.614 90.246 83.07 76.175 71.877 67.807 64 59.509
1108447 0 3 84 78 55.456 52.404 48.193 46.228 44.158 44.053 43.333 47.702 60.053 72.877 79.526 86.228 90.789 93.351 96.719 98.789 96.772 93.14 84.842 76.298 72.211 68.579 65.667 62.579
1108447 0 3 85 78 58.333 56.544 52.456 48.842 48.035 45.754 42.684 46 60.246 71.614 78.491 85.018 89.404 92.632 93.702 94.368 93.579 90.053 83.614 75.754 72.456 67.93 65.596 61.368
1108447 0 3 86 78 57.088 53.491 51.561 49.053 47.789 44.982 43.561 47.719 60.982 71.526 78.211 82.86 85.193 88.228 90.421 91.842 90 87.175 80.105 72.965 68.842 64.509 62.158 57.684
1108447 0 3 87 78 55.86 52.596 50.228 48.526 45.123 42.158 42.158 47.07 62.386 72.86 79.842 84.544 88.877 92.333 95.684 97.228 96.439 91.632 85.175 78.456 73.912 68.754 65.614 62.193
1108447 0 3 88 78 57.14 54.491 52.281 49.982 47.316 45.281 44.018 48.561 63.596 74.912 79.684 86.93 90.246 94.614 97.456 99.456 99.123 94.298 87.702 80.439 75.93 71.877 68.877 65.772
1108447 0 3 89 78 61.263 60.175 56.93 56.228 54.316 52.596 50.456 56.579 67.719 77.246 84.123 88.982 93.842 101.02 101.89 102.98 102.61 97.474 90.596 82.667 78.035 74.632 71.825 67.877
1108447 0 3 90 78 65.105 60.737 57.825 55.053 53.456 50.947 48.14 54.439 67.456 77.667 83.86 89.228 94.754 97.86 100.95 104.3 101.91 97.421 90.947 82.632 77.298 73.632 69.895 66.421
1108447 0 4 91 78 63.649 60.368 58.474 55.439 53.579 50.702 50.07 56.86 67.561 76.123 81.526 87.614 90.614 93.93 97 98.123 97.579 93.14 87.561 79.491 76.035 71.211 66.053 61.895
1108447 0 4 92 78 58.491 54.737 52.965 50.263 48.526 46.912 46.86 54.263 66.368 77.07 83.719 88.316 93.088 96.807 99.86 103.25 102.67 98.491 90.544 83.07 76.895 72.175 67.193 63.509
1108447 0 4 93 78 60.649 59.053 55.316 54.702 53.105 51.07 50.754 57.544 69.86 80.14 85.754 90.947 94.544 100.58 104.88 106.7 104.09 101.05 94.632 86.158 80.456 76.07 72.228 67.842
1108447 0 4 94 78 64.456 61.789 59.263 55.912 54.737 52.175 51.316 57.404 72.93 82.93 88.947 93.632 97.719 102.12 107.25 107.05 106.74 102.56 96.737 88.228 85.456 80.281 76.263 73.158
1108447 0 4 95 78 70.579 66.877 65.263 62.789 60.456 59.158 58.825 65.281 76.614 85.667 92.807 97.579 100.61 103.07 106.65 108.53 108.18 103.63 98.333 88.789 84.281 80.684 77.386 72.281
1108447 0 4 96 78 71.193 66.86 62.439 60.263 56.737 55.737 54.333 63.158 76.07 85.684 92.07 97.667 101.65 105.95 108.35 109.81 111.11 107.58 99.877 90.632 84.842 80.754 75.404 71.947
1108447 0 4 97 78 67.842 62.982 60.702 58.175 53.737 52.316 52.596 59.86 76.158 87.07 94.316 100.28 103.54 107.3 112.04 113.32 113.7 110.33 102.93 92.754 85.825 80.491 76.158 72.965
1108447 0 4 98 78 68.158 65.614 61.368 59.053 57.491 57.105 57.439 66.719 79.193 86.965 93.404 98.228 103.25 108.19 109.82 112.12 110.91 106.96 100.79 91.368 86.351 81.351 78.474 73.456
1108447 0 4 99 78 69.246 65.842 63.947 61.561 61.368 59.86 60.561 67.772 78.281 87.947 92.965 99.842 104.74 108.54 112.74 113.33 111.65 109.21 101.02 91.526 86.316 81.86 78.509 73.561
1108447 0 4 100 78 68.754 64.579 62.035 61.088 60.246 59.404 59.175 68.526 80.965 90.193 94.579 99.456 104 107.82 110.75 112.65 109.72 105.09 98.86 90.965 87.333 82.053 77.789 74.14
1108447 0 4 101 78 71.088 68.298 65.947 63.789 62.351 59.404 59.404 68.351 80.86 91.544 97.018 100.88 105.44 108.88 112.11 113.19 113.63 108.58 101.58 92.807 87.807 83.246 79.842 76.14
1108447 0 4 102 78 69.404 66.439 64.123 61.07 60.456 56.912 59.596 67.158 77.596 85.456 91.772 97.947 102.89 104.74 107.6 109.7 110.21 106.44 100.96 93.298 87.86 84.088 81.456 77
1108447 0 4 103 78 73.298 70.07 67.246 64.693 63.877 62.439 62.965 71.386 81.193 89.702 94.158 98.281 103.7 109.67 112.96 113.18 111.84 109.12 103.05 92.351 87.105 83.368 78.667 74.877
1108447 0 4 104 78 69.667 69.07 64.895 62.053 61.281 60.579 63.544 71.491 82.035 90.14 95.737 101.35 106.18 110.44 110.51 112.77 110.65 106.11 100.84 92.982 88.281 83.456 80.105 75.632
1108447 0 4 105 78 74.105 71.895 69.754 68.351 65.544 64.596 65.596 73.579 83.333 90.702 95.263 101.77 105.04 108.19 111.67 113.26 112.44 109.4 105 97.789 92.123 85.772 82.105 78.86
1108447 0 4 106 78 76.404 73.632 71.158 69.509 67.719 66.053 67.439 74.596 86.386 93.491 98.316 103.89 106.7 109.65 113.04 114.91 114.3 110.93 103.81 96.228 91.737 87.825 82.667 78.702
1108447 0 4 107 78 74.035 70.421 68.474 65.632 63.947 62.211 62.754 74 84.807 94.351 100.79 107.7 112.02 115.21 120.53 122.67 120.67 115.32 108.07 98.877 93.526 87.404 83.439 78.456
1108447 0 4 108 78 73.737 70.421 66.035 64.596 63.667 62.667 64.86 75.088 86 93.667 99.211 105.19 109.63 114.35 117.37 117.82 116.51 113.61 107.02 97.281 90.842 86.474 81.246 77.719
1108447 0 4 109 78 74.193 71.632 68 66.754 64.456 63.719 65.474 73.895 83.93 91.772 96.825 102.21 106.33 110.19 113.68 115.79 116.65 113.72 108.46 98.596 92.298 87.789 83.491 78.947
1108447 0 4 110 78 75.737 74.368 69.877 67.193 66.053 63.632 66.246 77.544 89.912 96.667 102.53 109.93 115.68 119.04 120.95 121.32 121.18 117.49 111.67 102.93 97.105 92.456 88.474 84.088
1108447 0 4 111 78 79.193 75.895 73.114 69.982 68.807 67.193 70.632 82.158 92.754 101.02 107 112.95 118.84 122.6 125.96 126.12 124.79 122.6 117.28 106.89 100.14 95.596 91.667 85.561
1108447 0 4 112 78 79.737 76.947 73.825 72.404 69.965 68.474 71.404 82.386 91.877 99 104.95 110.67 115.88 120.33 122.91 124.39 123.61 119.96 113.68 104.19 98.193 92.456 89.175 82.509
1108447 0 4 113 78 79.947 77.684 74.526 71.439 70.947 67.982 73.193 83.333 92.386 101.21 107.53 113.58 118.67 123.44 125.65 125.09 125.93 122.42 116.49 109.07 101.51 97.035 90.491 85.579
1108447 0 4 114 78 81.123 77.333 74.684 71.702 70.018 66.842 70.807 82.737 92.702 99.807 105.54 110.98 113.96 118.95 121.91 122.54 122.63 117.67 112.84 104.95 97.877 93.228 89.842 85.07
1108447 0 4 115 78 80.175 78.737 74.579 71.632 70.07 69.053 73.14 82.316 92.298 99.561 104.81 112.63 117.09 121.25 124.63 125.63 124.7 122.89 117.37 108.26 101.18 94.158 90.544 84.719
1108447 0 4 116 78 81.386 79.579 76.474 74.246 70.316 68.509 73.368 84.439 95.158 101.93 107.51 114.88 118.81 123.96 128.12 130.91 128.16 125.35 118.4 108.65 101.79 97.175 92.947 89.544
1108447 0 4 117 78 85.456 82.333 79 76.947 74.93 73.439 76.772 87.316 99.193 106.61 110.98 116.18 121.33 126.42 130.88 132.04 132.72 129.91 124.89 116.6 108.37 102.32 100.25 93.982
1108447 0 4 118 78 90.193 85.281 80.93 78 75.035 71.316 77.772 92.439 103.33 110.98 116.56 121.84 123.81 129.32 134.51 134.18 134.37 132.21 126.68 117.33 108.54 102.63 97.614 91.351
1108447 0 4 119 78 87.421 83.14 80.509 77.333 74.895 73.246 81 93.088 104.21 112.23 117.75 122.77 127.04 132.6 137.09 137.61 137.02 133.72 128.44 118.44 110.75 104.67 99.105 94.491
1108447 0 4 120 78 90.105 85.632 81.474 79.456 77.737 75.789 82.719 95.947 107.28 113.89 119.72 124.93 130.07 134.65 137.72 140.47 140 136.56 129.6 118.79 111.4 104.02 99.596 93.614
1108447 0 5 121 78 88.526 85 80.386 78.316 76.018 76.035 82.439 94.193 102.81 109 113.82 119.54 124.51 130.75 135.09 137.02 137.37 134.44 128.42 119.26 112.25 106.42 101.56 96.702
1108447 0 5 122 78 93.439 89.947 88.368 85.14 81.982 80.579 85.895 94.404 103.09 110.86 115.39 121.14 128.23 133.6 137.63 137.07 137.88 133.95 127.77 119.7 111.58 104.84 99.86 95.535
1108447 0 5 123 78 90.035 88.351 87.526 83.404 82.632 82.228 86.421 95.123 102.42 109.35 116.3 119.96 125.82 130.7 133.56 135.7 133.96 130.32 125.23 116.21 107.89 103.47 100.04 94.737
1108447 0 5 124 78 89.175 85.456 82.561 78.404 76.14 75.982 82.316 94.228 103.68 111.75 116.84 123.11 128.33 133.32 137.46 140.95 139.37 136.32 131.89 122.11 113.07 108.19 103.12 98.421
1108447 0 5 125 78 94.456 91.632 87.246 85.439 82.754 81.667 89.947 100.14 109.98 117.16 120.37 127.67 131 134.89 137.6 139.18 138.54 135.96 129.91 121.68 114.35 108.37 103.93 99.982
1108447 0 5 126 78 94.018 88.754 85.947 83.053 80.421 79.579 87.807 99.158 108.14 113.28 119.3 125.14 130.61 135.82 141.91 143.56 144.37 141.96 135.82 127.26 118.93 111.82 105.68 99.912
1108447 0 5 127 78 93.491 90.965 88.105 86.474 83.982 83.842 90.474 100.04 108.75 117.51 123.16 128.04 134.95 139.67 144.44 145.11 146.11 144.96 138.51 129.3 119.53 111.4 107.04 101.68
1108447 0 5 128 78 96.053 90.649 88.404 85.544 84.368 81.544 90.07 102.3 111.37 117.32 122.12 128.4 133.98 138.42 144.47 145.75 146 142.39 137.91 130.12 120.07 114.74 110.39 104.12
1108447 0 5 129 78 99.947 95.526 90.982 87.456 84.947 85.193 91.807 102.75 111.77 117.16 122.81 128.67 133.81 139.37 142.12 144.14 145.23 142.44 138.21 130.54 121.49 114.51 109.05 103.04
1108447 0 5 130 78 97.456 95.158 92.421 89.491 87.158 86.263 93.965 102.77 111.7 117.79 123.4 130.32 137.28 140.11 142.67 144.84 146.84 144.61 140.84 131.3 122.51 114.53 109.07 106.28
1108447 0 5 131 78 101.35 97.018 93.509 91.632 88.649 86.474 94.316 103.91 112.05 118.04 123.53 128.46 133.56 139.12 142.98 144.49 145.96 143.95 139.68 132.26 122.67 115.81 109.54 104.91
1108447 0 5 132 78 100.39 96.07 92.579 88.807 87.228 86.404 94.263 105.39 115.02 121.07 125.75 132.21 138.21 142.05 145.84 148.82 149.54 146.84 142.39 134.23 122.96 116.11 111.33 104.56
1108447 0 5 133 78 100.63 96.07 92.754 91.474 89.544 89.018 96.825 108.26 116.68 124.46 129.74 134.28 140.3 145.44 147.51 149.18 148.51 144.67 139.54 131 121.98 114.82 111.23 106.04
1108447 0 5 134 78 101.95 99.807 92.842 90.263 88.877 87.579 96.614 108.23 117.39 124.23 129.05 134.91 139.47 143.12 147.72 150.12 149.6 146.68 140.56 132.77 123.53 117.07 112.89 107.39
1108447 0 5 135 78 103.95 101.14 96.263 94.439 92.281 91.281 100.67 111.12 119.56 127 131.54 137.56 143.4 150.19 152.53 155.39 155.25 153.09 147.91 139.75 127.95 122.16 117.05 112.81
1108447 0 5 136 78 106.19 101.54 97.702 94.088 91.456 91.561 101.56 113.77 122.44 130.67 136.33 142.91 148.95 153.07 158.72 161.56 160.67 156.44 150.56 142.02 130.09 123.82 119.02 112.63
1108447 0 5 137 78 106.63 102.32 99.912 97.772 94.807 94 102.54 115.7 123.53 130.58 135.58 141.6 146.72 152.21 156.33 157.21 157.84 154.6 150.11 140.79 130.3 125.63 120.81 114.95
1108447 0 5 138 78 111.33 105.88 102.89 99.105 96.439 96.491 106.09 118.04 126.6 132.77 139.44 144.79 152.37 157.95 160.32 165.49 165.14 161.37 155.58 147.49 137.14 128.93 123.23 116.44
1108447 0 5 139 78 111.63 106.25 102.89 100.47 98.702 98.07 107.49 118.82 128.58 134.91 139.75 146.16 151.58 156.95 161.39 163.23 164.26 160.39 153.63 146.33 137.04 129.68 124.72 119.91
1108447 0 5 140 78 113.7 109.95 105.79 104.95 102.18 102.86 110.42 119.33 127.16 133.09 137.49 144.16 149.53 154.56 157.79 159.46 160.7 159.3 153.46 146.32 135.07 126.75 121.11 117.02
1108447 0 5 141 78 112.81 107.98 105.56 102.6 99.175 100.23 108.04 116.7 124.74 130.58 136.56 143.79 149.82 154.44 158.84 160.35 159.23 155.63 152.79 143.61 133.63 125.72 120.53 115.86
1108447 0 5 142 78 111.37 107.44 103.47 99.07 97.105 96.895 108.77 118.21 126.21 132.54 138.53 144.81 149.77 153.67 158.54 158.96 159.47 156.96 152.14 145.23 134.23 127.7 122.86 115.91
1108447 0 5 143 78 110.09 106.68 102.4 102.09 99.561 101.07 109.18 119.68 127.21 133.16 138.11 143.53 149.72 153.68 158.79 159.14 159.54 156.4 153.05 145.02 134.56 129.96 124.56 119.91
1108447 0 5 144 78 114.67 109.51 107.44 104.32 101.25 100.72 111.89 121.49 130 135.68 141.28 147.42 153.11 156.89 161.58 162.37 162.91 161.11 156.67 148.93 137.61 130 125.4 119.89
1108447 0 5 145 78 114.14 110.86 107.05 103.63 101.42 101.3 112.19 122.89 131.88 139.93 145.49 150.98 157.86 161.72 166.65 167.74 169.6 166.14 160.28 153.42 139.93 133.61 127.25 122.02
1108447 0 5 146 78 116.7 112.42 107.72 104.49 103.65 105.05 114.47 123.79 131.54 138.23 143.42 150.16 156.35 160.89 163.82 164.75 165.14 161.11 158.37 150.74 140.09 132 124.68 121.02
1108447 0 5 147 78 116.53 113.63 110.51 107.46 106.75 105.7 113.74 122.58 130.05 136.7 141.44 147.65 152.28 158.74 162.37 163.67 162.23 159.61 155.14 146.33 137.51 131.75 125.98 121.77
1108447 0 5 148 78 116.12 113.23 109.04 107.02 105.19 105.67 114.82 124.67 133.65 138.91 143.54 149.95 156.04 162.21 166.11 168.46 168.74 165.32 160.44 153.91 143.12 136.32 131 122.84
1108447 0 5 149 78 116.91 113.6 111.33 108.39 106.86 108.65 118.28 128.42 136.84 142.14 147.42 154.58 159.54 165.79 169.33 171.7 173.26 169.91 165.58 155.93 144.18 137.44 131.47 123.77
1108447 0 5 150 78 118.81 115.05 112.4 108.93 107.4 108.26 118.4 126.67 133.11 140.21 146.89 152.33 157.47 164.14 167.63 169.35 168.04 166.09 159.95 153.05 144.35 136.23 130.74 125.65
1108447 0 5 151 78 121.7 116.05 113.14 108.77 107.02 108.97 117.89 127.84 136.6 143.3 149.11 154.91 160.49 166.51 170.47 172.58 172.35 171.61 165.89 159.39 149.26 141.72 137.7 130.47
1108447 0 6 152 78 127.21 121.7 117.89 114.18 112 112.89 122.95 134.54 143.54 149.77 153.65 159.19 165.11 171.12 175.07 177.02 176.33 172.16 167.28 161.46 151.61 143.16 137.21 132.39
1108447 0 6 153 78 128.25 123.12 119.37 115.84 113.39 115.37 124.63 133.49 140.54 146.04 151.49 158.68 164.19 167.96 170.32 171.91 171.51 169.44 164.47 157.67 149.4 142.74 136.63 131.33
1108447 0 6 154 78 127.72 123.56 118.96 117.63 113.67 116.28 125.6 135.47 144.72 149.72 157.81 161.77 167.09 172.39 176.89 178.96 179.19 176.63 171.14 164.93 154.4 144.37 138.09 134.33
1108447 0 6 155 78 129.44 124.4 121.53 119.67 116.42 117.98 127.11 134.56 141.35 147.42 150.95 156.18 163.05 166.33 170.12 172.77 173.54 170.6 164.96 158.23 149.86 143.95 138.54 134.12
1108447 0 6 156 78 128.4 124.75 121.91 120.21 117.54 118.75 127.72 137.11 143.63 150.98 155.32 161.79 167.7 171.84 175.3 176.89 177 174.51 168.49 161.09 151.98 145.28 138.14 132.49
1108447 0 6 157 78 129.44 126.28 122.63 119.32 116.79 117.77 126.12 134.82 141.33 147.32 153.05 158.96 162.67 168.89 170.82 173.11 173.46 170.53 165.49 158.23 149.65 143.3 138.63 132.49
1108447 0 6 158 78 128.19 123.89 120.46 119.09 116.63 116.26 124.28 131.86 138.26 143.89 148.75 154.09 159.28 166.11 170.56 172 173.11 173.16 168.54 161.25 151.23 143.05 138.33 131.52
1108447 0 6 159 78 126.16 123.95 119.47 115.44 114.56 115.98 124.26 132.89 140.35 146.35 151.19 155.93 162.04 165.07 170.04 172.63 173.32 170.39 165.98 159.33 151.12 143.53 137.14 130.44
1108447 0 6 160 78 125.96 121.35 119.26 114.61 113.98 115.16 124.81 134.39 141.84 149.05 153.65 159.58 165.25 171.21 176.63 178.18 177.39 177 171.54 165.77 155.6 147.47 141.95 137.32
1108447 0 6 161 78 131.33 126.12 123.65 118.3 114.89 117.49 127.21 135.82 143.3 148.42 154.75 162.25 167.28 172.11 175.25 174.95 175.04 173.75 167.98 163.04 154.12 145.32 140.25 135.28
1108447 0 6 162 78 131.33 126.32 123.42 118.65 115.79 117.89 126.04 133.42 140.6 146.68 151.09 158.14 165.44 169.26 172.63 173.35 172.61 168.89 165.46 159.67 150.65 144.44 139.21 132.81
1108447 0 6 163 78 127.3 125.32 120.96 118.58 116.26 117.35 125.37 132.81 139.32 145.7 151.96 159.21 163.75 168.67 172.95 175.65 174.11 171.91 167.4 160.65 151.74 143.26 138.35 133
1108447 0 6 164 78 130.05 126.09 121.7 118.65 116.19 117.77 125.7 133.09 141.96 148.58 155.16 162.02 168.56 173.26 177.68 179.74 180.82 177.86 172.09 166.05 155.44 146.4 140.88 135.79
1108447 0 6 165 78 132.05 127.37 123.68 121.93 120.09 121.14 130.02 138.53 146.93 152.86 157.42 163.21 168.14 171.72 176.33 178.65 180.47 177.58 173.07 166.33 157.12 148.7 142.26 136.26
1108447 0 6 166 78 132.26 129.32 125.26 122.96 118.95 121.07 130.25 139.18 147.37 154.26 160.49 168.86 174.4 177.05 181.39 183.07 183.35 181.4 176.19 169.54 159.46 149.47 143.4 136.95
1108447 0 6 167 78 132.19 127.04 124.39 121.18 120.02 122.81 130.49 139.21 147.14 154.12 159.81 165.44 169.51 175.65 178.46 180.12 180.61 178.39 173.53 168.42 159.44 152.35 145.37 139.86
1108447 0 6 168 78 134.84 130.68 128.61 127.53 123.42 124.54 134.49 142.12 149.47 156 160.46 166.96 173.12 178.12 181.3 184.49 185.19 183.96 179.42 172.77 163.35 152.05 147.7 141.35
1108447 0 6 169 78 137.44 132.81 130.86 127.37 125.53 124.95 132.91 141.56 149.39 156.19 161.86 168.77 174.35 180.58 183.77 186.28 186.18 184.54 181.81 174.11 164.63 154.63 148.44 142.25
1108447 0 6 170 78 135.96 131.18 127.53 126.05 122.12 125.96 135.49 143.82 152.19 159.25 165.09 171.84 179.7 184.79 188.58 189.63 188.26 185.95 183.14 176.04 165.44 155.91 150.39 144.33
1108447 0 6 171 78 140.04 134.81 130.58 127 124.6 126.21 136.02 143.25 151.81 158.53 164.11 170.88 176.79 181.4 184.33 186.82 186.16 183.53 179.32 171.61 162.82 154.82 149.86 142.07
1108447 0 6 172 78 137.42 132.12 127.28 125.19 122.77 125.9 136.32 144.98 152.44 159.58 166.35 173.6 177.65 182.09 186.05 187.3 188.54 186.39 181.3 175.35 164.42 156.98 149.46 142.65
1108447 0 6 173 78 139.23 134.49 131.12 127.11 124.81 125.25 135.61 144.44 152.56 160.25 165.7 173.67 180.14 186.02 189.56 191.75 191.18 188.09 183.26 177.04 164.84 155.54 148.67 144.46
1108447 0 6 174 78 138.86 133.96 131.14 128.19 126.33 128.07 135 143.28 151.05 158.49 162.63 169.23 176.56 180.75 184.7 185.61 187.14 185 181.6 175.07 166.14 155.84 150.33 143.16
1108447 0 6 175 78 137.88 134.19 130.88 126.75 124.23 124.68 134.53 142.56 150.61 157.35 163.37 170.96 176.96 182.05 186.21 188.12 189.11 186.95 182.6 175.09 166.7 158.02 151.33 143.56
1108447 0 6 176 78 138.32 135.23 130.82 127.3 123.96 126.4 136.12 145.7 155.02 160.72 166.51 173.84 180.6 184.25 187.93 189.25 189.39 187.95 183.23 175.77 167.07 157.98 152.58 146.37
1108447 0 6 177 78 142.14 135.86 132.33 129.81 127.7 128.91 136.75 144.86 154.25 161.07 166.47 172.46 176.67 181.23 184.42 186.63 184.75 183.79 180.91 173.96 163.79 155.54 150.35 145.37
1108447 0 6 178 78 139.63 135.37 131.47 128.18 127.56 128.51 135.86 143.12 150 155.6 162.46 168.75 174.58 179.61 183.23 186.54 188.18 185.09 179.6 173.3 163.65 155.93 150.42 145.74
1108447 0 6 179 78 142.05 136.47 132.04 130.82 128.19 128.51 137.33 146.51 154.26 160.96 166.95 173.14 178.21 184.35 187.26 189.32 190.39 187.47 182.65 177.14 168 159.81 154.23 148.04
1108447 0 6 180 78 142.26 139.39 135.11 133.79 130.65 132.86 140.93 149.44 155.53 163.46 167.33 174.82 178.14 183.11 188.18 189.44 190.12 188.86 185.33 177.98 167 158.88 154.3 149.05
1108447 0 6 181 78 142.16 137.51 133.33 130.6 127.39 129.04 139.49 148.44 156.54 163.19 169.75 176.07 182.67 188.77 193.42 193.96 194.88 190.39 186.46 179.77 170 158.95 153.61 150.12
1108447 0 7 182 78 144.98 139.42 136.39 132.96 130.47 131.77 138.23 147.02 155.42 162.18 168.86 175.04 179.98 184.91 187.75 191.3 189.96 186.16 182.75 175.42 166.95 157.7 152.95 146.88
1108447 0 7 183 78 141.7 137.93 134.09 129.65 128 129.96 139.37 148.44 156.81 163.39 169.84 176.35 183.11 188.09 194.19 194.84 194.61 192.82 190.09 182.98 171.91 162.07 156.54 150.21
1108447 0 7 184 78 145.25 140.09 136.96 133.09 128.91 130.51 140.11 150.7 158.28 164.51 170.47 177.56 183.79 189.02 194.42 196.7 197.07 195.04 190.44 184.58 173.63 163.82 157.16 152.98
1108447 0 7 185 78 148.79 143.56 139.81 136.58 133.16 134.4 142.68 150.16 158.77 166.53 174.25 182.58 187.28 193.28 196.63 198.39 198.23 195.44 190.82 183.86 173.04 164 157.26 151.12
1108447 0 7 186 78 146.89 143.32 139.51 135.37 134.11 133.88 142.28 150.25 158.91 164.95 170.74 177.11 182.23 186.95 191.35 194.4 195.84 192.18 187.58 181.47 172.19 162.67 155.23 149.26
1108447 0 7 187 78 143.68 138.46 136.6 134.51 131.11 130.65 141.12 150.96 159.68 165.23 169.65 177.49 183.18 187.51 193.12 196.82 198.16 195.39 189.93 184.77 174.35 164.16 160.05 153.44
1108447 0 7 188 78 148.12 140.96 138.04 133.81 132.04 133.35 143.04 152.95 162.49 169.77 177 182.98 189.44 196.23 200.61 202.96 204.25 200.32 196.67 188.93 178.16 169.88 162 154.95
1108447 0 7 189 78 149.96 146.04 141.86 138.75 134.81 136.12 144.32 152.3 160.6 170.47 178 182.79 189.14 195.05 199.33 200.3 200.86 198.23 193.98 188.56 177.75 168.07 161.91 155.09
1108447 0 7 190 78 150.79 146.51 143.19 140.09 138.05 138.18 148.53 157.77 165.63 174.04 180.07 186.84 193.39 199.12 202.86 205.26 205.16 204.19 199.09 190.61 178.93 170.12 162.93 155.93
1108447 0 7 191 78 150.98 146.47 142.96 140.21 136.63 136.42 145.33 154.11 162.58 168.89 175.04 181.47 188.33 195 198.46 201.96 203.44 200.09 194.98 187.81 177.67 169.37 161.51 154.16
1108447 0 7 192 78 150.26 145.47 141.26 138.65 135.75 136.65 145.74 155.19 164.88 173.56 179.07 187.11 192.18 198.63 202.72 204.58 203.21 202.02 197.3 190.3 180.07 170.98 166.35 158.68
1108447 0 7 193 78 153.67 149.49 146.26 142.05 138.33 137.93 147.74 156.84 166.95 176.04 182.16 187.14 194.44 198.84 203.28 205.02 205.68 202.35 199.32 191.7 181.37 172.93 165.09 158.56
1108447 0 7 194 78 153.7 147.74 144.72 140.05 138.84 138.12 148.28 157 166.04 174.84 181.42 186.63 192.51 198.44 201.67 206.05 204.58 203.18 199.91 191.88 181.91 172.72 165.39 157.96
1108447 0 7 195 78 154.7 147.81 144.4 139.89 137.86 139.33 147.53 157.51 166.77 175.35 182.67 189.19 195.72 201.32 204.44 206.3 207.16 203.74 199.54 191.7 180.54 172.07 164.54 157.07
1108447 0 7 196 78 152.04 149.04 143.7 141.51 138.12 138.56 147.68 157.04 165.42 173.16 178.75 185.07 189.67 196.05 199.51 203.75 203.75 202.6 198.58 191.88 180.35 170.35 164.05 156.75
1108447 0 7 197 78 151.81 147.77 144.07 141.47 138.4 137.18 146.81 156.68 165.96 173.75 178.65 186.04 192.39 197.95 201.65 203.93 203.29 201.81 197.65 192.42 181.49 174.77 167.16 161.05
1108447 0 7 198 78 156.11 153.16 148.65 145.35 143.21 143.32 152.94 162.4 171.75 177.84 184.47 190.96 197.39 203.75 209.26 212.46 212.98 211.37 207.11 199.26 187.49 177.12 170.88 163.49
1108447 0 7 199 78 157.79 151.44 149.74 146.11 143.46 142.16 152.21 162.32 171.7 180 186.82 194.65 201.61 206.07 210.42 212.77 214.09 211.75 206.46 199.42 189.02 180.39 172.4 166.35
1108447 0 7 200 78 159.39 155.05 150.44 145.6 144.04 143.65 153.84 164.11 173.21 179.49 188.37 193.84 201.23 205.81 211.93 214.49 214.21 211.07 208.82 200.82 187.98 180.51 173.35 165.44
1108447 0 7 201 78 161.25 156.04 152.02 149.7 146.37 144.53 156.54 165.88 175.98 183.75 187.88 196.16 201.4 207.84 213.4 216.18 217 215.04 209.42 201.53 190.4 180.19 174.79 167.44
1108447 0 7 202 78 160.86 155.6 152.33 148.54 145.56 145.98 155.05 165.42 174.05 182.79 189.46 196 204.12 210.67 213.42 216 217.79 214.93 210.56 203.19 190.6 181.32 173.49 166.19
1108447 0 7 203 78 160.12 156.25 152.68 149.4 146.04 145.89 154.25 164.98 175 184.09 189.91 197.75 204.65 210.82 215.95 218.49 218.23 215.68 212.74 204.7 192.46 181.53 174.02 166.81
1108447 0 7 204 78 160.75 155.61 151.19 148.88 146.88 145.26 154.49 163.79 172.93 181.32 187.89 193.25 199.3 206.74 212.19 214.25 215.7 212.98 208.88 201.49 189.16 176.89 171.04 164.3
1108447 0 7 205 78 158.16 152.44 148.39 147.63 144.93 143.33 153.25 164.21 172.81 180.51 186.37 195.02 201.4 207.53 212.63 215.09 215.51 214.12 209.58 200.82 188.89 179.67 170.74 166.46
1108447 0 7 206 78 161.21 154.91 151.93 147.33 144.81 144.74 154.63 164.7 174.93 181.4 187.35 194.04 199.82 205.79 210.88 212.42 214.49 212.46 208.42 200.28 188.26 180.11 174.72 166.81
1108447 0 7 207 78 161.79 156.95 154.46 149.96 147.77 147.04 156.75 167.74 177.68 185.56 191.51 196.58 204.51 211.72 216.98 221.09 220.86 218.95 214.23 207.42 194 183.23 176.89 166.51
1108447 0 7 208 78 159.84 156.37 154.16 149.86 146.05 145.6 155.37 166.37 177 184.67 191.19 198.6 205.93 212.51 217.19 219.3 217.58 215.7 210.54 203.4 192.16 183.53 174.84 167.04
1108447 0 7 209 78 164.23 159.84 154.47 150.89 148.84 146.72 155.79 165.11 174.98 184.44 190.51 198.14 204.11 211.54 214.86 218.02 219.53 216.67 209.86 200.32 188.65 180.54 173.74 165.46
1108447 0 7 210 78 159.7 156.58 151.51 147.3 144.63 142.39 151.28 163.23 174.91 184.56 190.58 198.42 205.11 212.25 215.32 220.89 220.6 218.67 213.75 203.61 189.63 180.63 173.63 167.49
1108447 0 7 211 78 159.65 154.37 151.26 147.63 145.61 143.63 151.51 162.05 172.4 182.28 188.6 196.82 204.68 212.56 216.68 218.04 218.33 215.68 210.84 202.81 189.84 181.42 173.98 165.14
1108447 0 7 212 78 159.28 154.58 152.6 148.39 144.72 143.14 151.16 162.14 174.61 182.67 192.07 200.07 207.96 215.12 220.63 221.16 220.87 217.32 211.89 202.45 187.96 179.06 172.76 165.98
1108447 0 8 213 78 160.14 154.08 149.91 145.95 143 142.12 150.02 160.09 170.75 179.68 187.37 196.88 204.28 209.95 212.77 216 216.11 213.82 208.68 199.54 184.86 176.21 167.28 160.49
1108447 0 8 214 78 154.42 149.77 146.16 143 140.7 137.96 147.32 158.21 169.79 178.75 186.14 191.26 197.47 202.37 208.07 211.07 210.11 207.33 203.14 196.84 185.93 175.05 168.98 162.79
1108447 0 8 215 78 159.02 154.39 151.42 149 145.56 143.98 151.16 160.16 169.4 178.4 185.21 193.3 200.51 204.53 209.96 211.39 212.14 209.79 205.47 198.09 185.02 174.42 168.89 163.37
1108447 0 8 216 78 158.63 155.25 151.31 147.61 145.88 142.73 148.49 160.27 171.13 179.25 186.34 193.42 200.79 206.39 211.72 213.65 212.21 209.77 204.79 196.32 184.44 176.84 169.28 164.02
1108447 0 8 217 78 158.18 155.07 150.51 147.23 144.91 142.05 150.35 161.37 172.53 182.12 189.3 195.23 203.44 207.16 211.79 214.35 214.49 212.42 206.23 196.28 185.39 176.25 169.37 163.02
1108447 0 8 218 78 159.23 154.63 152.07 148.54 145.82 144.04 150.65 160.67 170.74 181.11 186.82 193.46 200.12 205.49 210.61 212.3 213.53 211.33 205.33 197.11 184.3 174.68 170.07 163.95
1108447 0 8 219 78 158.88 153.16 151.26 148.67 145.32 144.02 151.86 161.49 173.39 182.12 188.65 194.28 200.91 206.61 212.75 214.7 215.02 213.3 208.04 198.51 186.37 179.93 175.25 168.98
1108447 0 8 220 78 162.88 159.05 153.04 150.72 147.74 147.42 153.56 163.47 173.84 181.77 189.28 195.47 202.63 208.21 212.65 216.89 215.46 211.93 207.68 199.77 187.37 179.51 171.74 166.53
1108447 0 8 221 78 161.63 155.77 152.16 149.74 147.35 145.75 152.58 164.14 175.61 184.98 192.49 199.19 204.6 211.54 217.53 219.05 218.46 214.79 209.28 201.09 186.96 180.02 174.46 167.37
1108447 0 8 222 78 162.05 158.68 154.93 151.42 148.04 147.4 152.86 163.96 173.93 183.26 191.14 198.67 204.84 210.3 213.39 217.25 216.65 214.07 206.72 198.53 186.98 178.67 173.39 167.37
1108447 0 8 223 78 162.79 157.09 152.93 150.28 147.54 145.86 152.09 163.4 173.72 183.04 190.72 198.65 206.63 213.14 216.42 216.44 214.54 211.88 204.86 197.58 184.79 177.51 171.19 165.63
1108447 0 8 224 78 161.16 157.23 153.91 148.63 145.42 143.81 150.04 159.46 171.26 180.7 188.82 196.44 200.74 207.09 212.98 214.23 216.07 212.84 206.26 194.77 182.67 175.39 169.19 163.93
1108447 0 8 225 78 156.12 152.39 150.32 148.49 147.05 144.58 150.02 160.58 171.81 181.86 188.47 196.04 203.11 209.7 213.49 215.98 216.72 212.95 205.86 195.18 184.56 175.74 169.86 162.63
1108447 0 8 226 78 158.3 153.35 149.28 147.86 144.81 141.81 148.6 159.56 171.04 180.28 186.42 193.86 199.72 205.49 208.98 210.91 210.58 206.6 200.26 190.07 179.72 171.28 168.04 162.19
1108447 0 8 227 78 157.42 151.95 148.65 145.51 144.35 141.98 146.54 158.09 169.16 178.35 184.96 193.58 199.4 205.54 209.32 210.53 209.33 204.53 198.95 189.86 180.28 172.02 166.04 160.6
1108447 0 8 228 78 158.53 154.05 150.58 145.58 144.07 142.95 145.35 154.84 164.25 173.6 181.23 188.75 194.42 199.53 202.35 203.67 204.21 201.25 194.82 184.82 174.54 166.72 162.05 156.23
1108447 0 8 229 78 151.98 146.67 143.44 140.67 137.77 136.58 142.46 153.63 165.3 176.46 183.67 191.05 197.65 204.74 209.25 210.95 209.49 205.11 198.86 188.72 179.68 172.05 165.96 161.19
1108447 0 8 230 78 155.74 152.11 147.4 144.77 142.47 140.37 144.7 154.89 166.39 176.14 183.72 190.04 196.11 200.77 203.96 206.35 204.86 200.18 195.11 185.65 177.96 171.98 165.3 159.07
1108447 0 8 231 78 154.33 149.51 147.47 144.42 142.04 140.46 144.49 154.63 164.54 174.33 181.67 189.56 193.86 201.23 206.32 206.53 204.91 201.88 195.7 185.93 176.81 170.84 165.6 159.21
1108447 0 8 232 78 154.86 151.63 148.82 148.26 145.53 141.93 144.98 154.86 166.68 175.67 181.56 186.35 192.88 199.09 203.88 205.51 204.42 200.74 194.95 184.09 173.81 167.84 162.49 157.93
1108447 0 8 233 78 152.58 148.72 144.14 140.65 138 136.19 140.51 152.04 163.86 173.88 181.89 188.04 192.4 197.35 202.02 203.86 203.6 198.32 192.61 182.42 173.46 166.7 160.23 154.67
1108447 0 8 234 78 150.84 146.47 142.23 141.11 138.25 136.02 140.32 150.47 163.02 172.07 178.33 185.79 190.63 194.81 198.96 199.88 198.35 195.65 190 178.58 170.25 165.46 159.11 154.09
1108447 0 8 235 78 148.68 145.3 142.04 140.46 136.95 135.42 138.32 150.11 162.04 171.39 179.02 184.33 189.81 194.77 197.95 201.18 200.61 196.93 191.02 180.19 170.65 162.39 157.72 152.09
1108447 0 8 236 78 149.51 146.67 141.32 140.02 136.04 135.51 139.6 149.77 161.21 170.88 178.75 185.51 190.46 195.75 198.88 198.42 199.21 195.14 188.3 177.33 170.6 166.25 160.98 155.35
1108447 0 8 237 78 151.65 146.39 144.25 141.26 138.82 136.89 138.96 149.09 161.19 170.46 177.91 184.26 189.44 193.95 198.02 200.07 201.42 197.4 190.61 179.53 170.6 163.44 159.02 152.74
1108447 0 8 238 78 148.58 144.86 142.32 139.82 136.91 135.91 137.51 147.07 158.4 169.28 176.46 183.04 190.54 196.3 198.7 201.04 200 195.86 187.39 176.42 167.53 161.6 156.98 152.47
1108447 0 8 239 78 149.49 145.07 141.46 139.74 137.02 134.19 136.82 148.16 161.58 171.58 179.81 187.26 191.53 196.56 199.93 200.93 199.53 195.09 187.05 176.56 171.81 163.44 158.6 154.05
1108447 0 8 240 78 149.95 146.25 142.95 141.46 138.63 137.46 139.44 150.04 159.75 169.05 174.26 180.32 186.23 191.07 194.46 195.09 194.86 190.05 183.88 172.56 166.81 160.37 154.98 149.54
1108447 0 8 241 78 145.68 142.86 140.11 135.74 133.79 131.96 134.86 144.98 158.26 169.18 177.42 184.37 189.39 194.35 198.21 199.95 198.6 194.37 187.39 176.98 168.21 162.12 157.74 152.19
1108447 0 8 242 78 149.47 146.65 141.98 138.93 138.26 134.11 136.07 145.07 158.65 169.37 176.54 181.7 187.02 192.16 195.11 195.82 195.39 190.86 182.96 172.56 166.91 159.6 155.74 150.7
1108447 0 8 243 78 144.39 141.7 139.56 135.23 133.3 131.82 134.33 144.44 156.21 164.23 171.75 180.05 186.6 192.37 196.02 195.65 194.39 188.49 179.68 170.18 164.4 157.39 150.95 146.09
1108447 0 9 244 78 142.96 139.68 137.19 137.4 133.93 131.47 133.26 142.75 155.02 165.65 173.42 179.95 184.88 189.39 193.37 193.81 192.46 188.7 181.4 169.75 163.19 159.46 154.32 147.28
1108447 0 9 245 78 142.91 138.51 136.37 133.37 131.46 130.26 132.33 140.96 152.53 162.47 170.37 178.42 183.93 189.58 192.16 192.67 192.79 187.75 179.33 166.7 159.88 154.86 152.33 145.12
1108447 0 9 246 78 140.46 135.91 133.72 130.33 129.02 125.25 127.51 139.63 152.51 165.56 172.33 179.3 183.56 189.23 192.42 192.61 191.14 186.56 178.56 168.09 161.14 155.3 150.91 145.79
1108447 0 9 247 78 142.21 139.18 135.23 133.32 131.67 129.07 128.75 137.98 151.91 162.84 172.77 177.39 182.63 189.61 193.72 195.25 193.28 189.93 181.19 167.23 163.84 157.39 153.26 147.05
1108447 0 9 248 78 142.95 137.4 133.39 133.42 131.23 130.75 131.81 140.6 152.18 163.95 171.19 176.7 182.37 186.77 191.54 191.89 191.16 185.46 176.91 165.74 160.63 153.11 149.05 143.67
1108447 0 9 249 78 138.96 135.16 131.3 129.21 126.7 124.74 124.23 135.54 149.4 160.47 167.86 174.39 180.93 184.35 187.23 189.11 187.65 182.37 174.23 161.82 154.58 149.02 145.07 138.79
1108447 0 9 250 78 135.91 132.39 128.12 126.56 125.3 123.46 123.81 133.61 147.19 157.96 166.26 172.72 176.95 180.88 184.28 184.42 184.56 179.77 172.67 160.23 154.21 148.47 143.07 136.98
1108447 0 9 251 78 135.72 132.28 130.32 127.14 125.14 123.6 124.84 134.18 144.74 154.88 161.04 168.68 173.84 178.54 182.54 182.16 180.46 174.95 167.95 158.61 152.65 147.6 142.46 140.74
1108447 0 9 252 78 134.99 134.21 131.81 129.18 127.02 124.83 126.49 134.98 148.61 158.33 164.79 170.82 176.65 181.75 184.46 186.33 183.28 178.26 169.46 160.35 154.42 149.32 143.7 139.39
1108447 0 9 253 78 136.16 134.25 130.14 127.74 127.42 123.95 125.51 133.58 145.35 157.39 164.44 170.4 175.18 179.02 181.79 182.28 180.89 176.7 168.28 157.7 152.26 146.74 141 137.79
1108447 0 9 254 78 134.26 130.82 127.19 124.77 123.35 121.65 120.68 130.26 146.6 157.26 164.84 170.74 177.58 182.18 183.91 185.56 182.26 177.02 167.79 156.56 149.91 145.74 141.86 137.81
1108447 0 9 255 78 131.23 127.42 124.7 123.16 121.07 118.07 120.02 128.91 145.79 157.53 164.74 171.56 175.28 180.32 183 183.95 182.86 176.93 166.39 155.89 150.89 144.96 140.26 135.81
1108447 0 9 256 78 132.63 129.58 127.35 123.95 120.05 119.51 120.14 129.35 144.88 157.37 165.74 171.47 175.6 179.67 182.79 182.68 181.86 175.89 165.95 155.67 151.63 144.75 139.58 134.75
1108447 0 9 257 78 132.07 126.53 125.18 122.89 121.3 117.65 118.33 127.19 142.3 153.89 162.07 168.33 175.33 178.89 182 182.21 180.05 173.67 163.95 152.96 148.14 142.19 138.75 133.88
1108447 0 9 258 78 129.6 125.93 123.47 121.09 119.33 116.44 116.07 124.35 138.18 149.42 158.79 163.74 169.07 173.54 176.65 177.81 174.14 169.67 160.18 149.4 144.68 139.23 136.14 131.82
1108447 0 9 259 78 128.75 126.93 124.84 123.26 120.93 118.84 118.77 124.28 139.21 147.72 155.46 160.18 164.33 168.44 170.51 171.77 169.67 163.6 155.02 145.19 140.89 137.37 133.96 129.75
1108447 0 9 260 78 126.74 123.56 119.81 119.67 117.19 116.11 116.05 123.25 136.89 146.77 153.7 160.46 166.49 169.68 172.67 172.61 170.49 166.35 156.91 149.33 142.72 137.32 133.7 127.98
1108447 0 9 261 78 126.65 122.86 120.81 118.81 116.21 113.61 113.39 119.37 133.81 144.42 153.7 160.09 163.23 167.25 170.93 171.77 169.7 164.4 154.81 146.89 141.56 136.26 133.09 128.58
1108447 0 9 262 78 124.67 122.65 120.16 118.9 115 113.93 112.98 120.39 132.23 143.63 151.44 158.46 160.54 165.28 168.32 167.02 165.95 158.95 151.16 142.75 138.14 133.72 131.07 125.39
1108447 0 9 263 78 122.4 119.84 118.46 115.23 114.18 113.53 112.67 118.58 131.33 140.28 146.77 153.23 158.49 161.04 162.98 164.32 163.49 158.63 147.26 139.93 134.91 130.18 125.07 120.53
1108447 0 9 264 78 117.82 113.16 112.25 110.77 108.25 106.21 106.84 112.95 129.11 143.12 150.4 154.7 158.79 164.67 166.98 166.05 164.7 158.49 147.35 140.28 133.51 131.44 126.86 122.4
1108447 0 9 265 78 118.75 115.81 113.93 110.88 108.35 106.93 107.12 113.26 130.35 144.02 153.09 161.02 164.14 169.7 171.46 170.3 168.56 160.54 148.96 141.46 137.37 131.75 126.53 121.77
1108447 0 9 266 78 119.26 115.89 112.28 111.91 109.26 108.07 106 112.26 127.88 139.79 146.75 152.7 156.86 161.62 165.04 166.05 163.79 157.11 145.65 136 133.02 128.04 122.46 117.98
1108447 0 9 267 78 116.65 113.49 109.26 106.95 105.93 103.77 103.51 110 123.91 136.93 146.12 151.7 155.75 158.89 161.89 161.82 159.98 153.81 145 137.53 131.93 128.95 124.42 120.32
1108447 0 9 268 78 116.93 114.96 112.93 110.86 109.58 108.49 106.14 111.49 127.05 138.65 148.75 153.23 156.98 161.02 162.89 164.89 162.84 157.21 145.12 139.26 133.81 128.88 125.26 122.3
1108447 0 9 269 78 119.63 116.35 113.6 111.74 110.7 110.79 110.75 113.32 127 137.49 145.21 151.67 156.44 160.23 162.09 160.95 158.84 153 142.44 136.14 131.56 127.53 123.89 119.58
1108447 0 9 270 78 114.3 112.67 111.65 109.68 108.51 106.07 105.44 110.18 124.53 138.44 146.14 151.93 157.05 159.04 161.11 161.54 158.68 153.04 141.26 136.74 129.11 125.05 121.19 116.74
1108447 0 9 271 78 115.23 111.84 107.39 105.86 104.75 101.63 100.18 105 121.04 132.95 142.3 147.42 154.25 158.19 160.67 159.77 156.86 149.56 137.95 130.84 127.09 122.25 118.47 114
1108447 0 9 272 78 110.74 107.05 107.09 106.12 103.89 102.46 100.86 105.28 117.93 131 140.65 146.35 150.4 154 155.61 155.37 152.98 146.37 135.16 129.21 126.51 123.7 121.11 116.89
1108447 0 9 273 78 113.98 110.46 109.02 106.95 103.44 102.14 100.39 104.81 118.51 129.4 136.79 144.56 148.79 152.16 155.02 155.63 152.67 145.33 134.74 130.37 126.6 122.11 119.12 116.05
1108447 0 10 274 78 113.02 111.61 109.75 107.39 105.86 105.11 103.77 107 118.56 129.7 138.72 146.84 150.93 151.88 152.98 153.82 150.98 144.23 134.95 129.33 124.4 120.56 115.56 112.39
1108447 0 10 275 78 108.39 106.09 103.35 100.61 98.509 97.193 98.035 98.632 111.04 122.82 131.68 138.81 143.54 146.89 149.53 149.53 145.39 137.81 127.05 122.98 118.11 112.93 108.98 106.84
1108447 0 10 276 78 103.6 99.772 98.018 94.912 94.088 92.702 92.368 94.702 108.26 120.51 129.28 134.51 139.21 142.77 146.04 146.33 144.23 136.75 126.33 120.35 116.26 111.46 107.46 103.96
1108447 0 10 277 78 100.16 98.754 95.596 94.158 94.018 92.86 91.614 92.544 107.42 120.25 129.47 137.49 141.86 143.74 144.44 145.72 142.84 135.65 124.4 119.54 114.09 111.11 106.81 102.75
1108447 0 10 278 78 100.07 97.684 95.544 93.825 90.421 91.754 91.667 94.86 108.51 120.21 128.39 135.42 138.98 141.56 141.35 141.82 138.25 130.84 122.33 118.09 114.19 110.39 105.72 102.3
1108447 0 10 279 78 100.56 96.93 95.789 93.281 91 90.228 90.719 92.789 105.56 117.98 126.05 132.88 134.81 138.05 139.67 139.39 135.86 128.37 120.28 115.77 111.88 110.04 105.58 102.6
1108447 0 10 280 78 99.193 97.667 97.105 96.175 95.158 95.772 95.947 96.351 108.84 118.12 125.63 131.81 136.95 139.33 140.47 138.23 134.79 128.56 120.09 116.4 113.63 111.12 108.23 105.54
1108447 0 10 281 78 102.86 101.96 100.54 97.737 96.965 94.456 95.211 98.07 107.95 117.72 124.95 132.58 136.98 140.26 142.68 141.81 138.86 130.19 121.61 116.98 114.12 108.72 106.42 104.56
1108447 0 10 282 78 101.11 97.895 97.807 95.386 95.228 93.772 94.825 96.649 106.28 115.7 123.47 128.81 131.96 136.14 137.51 136.3 133.75 126.51 119.3 114.65 111.54 107.02 103.6 100.98
1108447 0 10 283 78 98.351 95.386 92.982 92.684 92.825 90.614 89.719 91.965 101.42 113.49 121 127.7 129.68 132.95 134.16 135.25 131.37 123.04 114.6 110.46 107.4 103.09 100.98 97.877
1108447 0 10 284 78 94.421 92.474 90.158 88.649 87.351 87.088 85.474 87.632 98.596 112.79 120.77 128.04 133.09 135.16 134.63 134.3 131.04 123.65 113.91 109.25 106.3 102.21 98.509 95.561
1108447 0 10 285 78 94.737 90.895 89.544 88.333 88.158 86.175 86.491 89.351 99.719 111.46 119.19 125.51 127.59 128.11 128.44 129.12 126.46 120.11 112.4 109.44 106.77 103.98 101.25 100.19
1108447 0 10 286 78 97.105 94.807 92.807 91.947 90.702 90.474 88.263 88.491 99.772 112.58 119.25 125.23 128.81 131.02 131.46 130.95 128.49 120.91 112.68 109.19 104.81 101.89 99.035 96.263
1108447 0 10 287 78 94.123 92.807 91.386 90.088 87.561 86.614 85.526 87.772 95 106.46 114.3 120.3 123.82 126.56 128.74 128.79 126.56 118.54 110.51 107.05 102.04 97.351 96.789 93.053
1108447 0 10 288 78 90.719 88.86 86.053 84.368 82.702 81.281 81.088 82.211 94.246 107.88 117.14 123.96 127.21 128.95 130 128.26 124.6 115.81 107.58 104.47 100.02 98.474 94.702 92.509
1108447 0 10 289 78 88.404 87.175 84.965 85.088 81.386 79.158 79.561 81.175 90.246 102.84 110.19 116.95 120.56 121.91 123.49 123.25 120.3 112.56 106.21 101.91 98.509 95.158 94.175 91.263
1108447 0 10 290 78 89.158 88.053 85.544 84.632 82.281 79 78.316 78.737 87.456 97.754 106 112.51 116.14 119.96 120.14 120.68 117.12 109.12 104.12 100.53 97.333 95.281 91.737 87.877
1108447 0 10 291 78 87.667 86.579 85.421 84.105 81.825 81.228 81.965 83.053 88.754 97.561 104.91 111 113.96 115.75 116.88 116.49 113.61 106.25 99.982 97.368 96.158 93.754 92.105 89.877
1108447 0 10 292 78 87.544 86.211 84.404 82.825 80.965 78.526 81 81.86 89 100.28 106.93 114.12 118.51 120.42 120.58 119.16 116.46 107.37 101.02 96.193 95.298 92.211 88.018 84.895
1108447 0 10 293 78 83.053 81.982 77.825 77.035 75.649 75.439 74.298 75.368 83.421 94.789 103.12 110.19 113.68 116.11 116.96 116.42 113.96 106.98 102.02 99.491 96.368 93.298 91.667 88.719
1108447 0 10 294 78 87.386 86.632 85.175 83.895 82.912 80.649 79.825 79.596 88.246 99.526 107.53 114.91 118.46 120.19 121.09 117.56 114 105.98 100.25 98.158 94.316 91.158 88.035 85.649
1108447 0 10 295 78 84.053 83.018 81.281 79.193 79.351 77.491 78.211 77.228 84.298 95.474 102.56 109.12 111.82 113.81 115.81 114.05 111.82 102.72 97.526 93.105 89.158 87.719 84.246 83.456
1108447 0 10 296 78 81.842 80.14 77.895 75.737 75.86 74.035 73.035 72.596 80.263 91.693 101.49 109.82 113.82 116.12 115.67 115.25 112.84 104.14 97.947 94.263 91.228 87.895 85.123 83.456
1108447 0 10 297 78 80.368 81.123 79.93 79.105 77.281 76.93 77.386 76.596 84.281 94.526 101.77 109.09 113.39 114.16 113.53 113.02 109.88 102.42 96.772 95.018 92.614 89.842 89.123 87.351
1108447 0 10 298 78 85.351 84.439 81.684 81.474 80 80.614 78.544 79.456 86.105 93.649 101.47 108.11 112.07 113.74 113.56 114.82 111.25 102.67 97.368 95.439 93.404 89.632 86.754 85.105
1108447 0 10 299 78 83.614 82.895 80.561 79.912 78.333 77.333 77.298 77.737 83.018 93.772 101.56 106.28 110.02 110.58 110.93 111 106.18 98.509 93.544 89.754 86.982 83.684 82.825 79.982
1108447 0 10 300 78 77.456 74.526 73.123 71.667 70.544 68.351 69.912 68.421 74.281 84.474 92.772 100.65 106.39 106 107.65 106.67 102.61 95 90.088 87.193 83.684 82.684 80.228 76.789
1108447 0 10 301 78 74.193 71.965 69.544 66.912 66.649 66.14 65.93 65.579 72.807 85.123 93.246 100.61 105.16 106.42 106.49 105.33 101.18 92.246 87.684 84.719 81.404 78.982 76.614 72.825
1108447 0 10 302 78 69.965 68.193 65.877 64.421 63.158 63.404 62.544 62.175 67.088 79.947 89.807 96.825 101.35 104.88 105.33 103.6 99.456 90.737 85.404 82.526 81.526 77.982 77.14 72.316
1108447 0 10 303 78 72.561 71.404 70 69.947 70.263 68.333 66.614 66.982 72.912 83.246 90.596 97.474 100.72 104.09 103.93 102.44 98 91.246 87.105 84.649 81.298 80.14 78.526 75.737
1108447 0 10 304 78 73.035 70.912 69.263 69.333 68.509 67.368 66.053 65.596 70.877 81.281 89.667 96.982 100.29 102.33 102.16 100.77 97.018 88.053 86.07 84.368 80.123 77.018 75.86 73.877
1108447 0 11 305 78 70.842 68.018 66.263 63.702 62.474 60.877 59.193 59.456 64.93 78.316 87.737 97.544 100.72 103.47 104.44 102.58 97.596 87.596 84.491 80.895 76.737 74.316 70.404 66.421
1108447 0 11 306 78 64.105 63.228 60.965 58.544 56.088 55.789 54.825 54.895 59.877 72.596 82.842 90.825 94.105 96.053 96.982 95 89.368 82.561 80.14 77.333 74.035 72.509 70 69.228
1108447 0 11 307 78 66.982 66.965 66.351 65.228 65.702 63.333 61.772 63.018 66.649 76.491 85.053 91.07 96.456 99.807 99.404 98.93 95.842 89.298 85.281 82.825 81.018 78.316 76.526 73.93
1108447 0 11 308 78 73.789 71.596 69.404 68.86 67.123 65.684 63.982 63.193 65.754 77.386 85.947 92.526 95.544 95.895 96.842 95.281 91.14 83.246 81.439 78.456 74.93 72.439 69.807 67.316
1108447 0 11 309 78 64.579 62.632 60.211 59.333 59.053 57.702 58.386 56.632 60.807 72.456 82.14 88.702 92.614 94 94.175 93.07 89.93 83.474 79.754 76.789 73.702 71.404 70.035 68.14
1108447 0 11 310 78 66.842 66.193 64.912 64.14 63.088 62.035 59.86 60.772 64.386 74.86 81.807 89.281 93.737 95.596 96.228 94.035 90.509 83.737 80.526 77.842 73.877 71.842 71.175 70.719
1108447 0 11 311 78 69.333 68.246 66.667 65.246 64.877 64.807 63.544 63.649 67.07 75.263 82.123 88.667 92.877 94.351 96.526 94.439 90.842 84.439 82.632 80.386 78.982 78.175 75.421 75.421
1108447 0 11 312 78 72.702 70.386 70.105 69.175 67.684 66.912 66.053 65.982 68.912 75.965 83.368 89.596 92.561 95.175 96.07 94.544 90.386 83.982 80.842 77.439 74.947 73.246 72.105 70.316
1108447 0 11 313 78 68.667 68.491 67.596 65.912 64.386 63.053 63.754 63.667 67.684 73.895 82.386 89.386 93.333 94.088 93.281 93.368 90.298 83.474 80.474 78.105 75.772 74.912 73.86 73.263
1108447 0 11 314 78 71.404 69.772 69.421 66.807 66.281 65.912 63.842 63.509 66.298 74.175 82.228 89.368 93.404 93.86 94.807 92.421 87.421 80.947 79.298 74.684 71.965 70.86 68.456 66.737
1108447 0 11 315 78 65.211 64.088 62.895 61.86 59.93 58.526 57.86 59.649 61.807 69.228 77.93 84.105 86.368 87.035 87.474 86.632 82.526 77.667 75.947 74.211 71.789 67.982 66.193 64.947
1108447 0 11 316 78 63.281 60.561 59.772 57.509 56.175 56.772 55.509 55.193 57.526 65.509 72.807 79.719 85.614 88.351 89.719 87.789 83.088 75.93 72.544 69.368 67.333 66.754 64.509 62.702
1108447 0 11 317 78 61.263 60.965 58.982 56.614 56.386 54.93 54.298 55.561 55.947 64.14 72.105 80.386 84.772 85.965 84.737 83.421 79.596 73.175 69.947 67.912 65.368 63.018 60.965 59.86
1108447 0 11 318 78 57.018 56.386 55.158 53.228 52.632 51.439 50.842 52.07 54.035 62.912 71.07 77.316 81.491 82.456 83.474 80.965 76.579 69.965 67.947 64.386 60.982 58.982 57.825 56.807
1108447 0 11 319 78 55.158 53.632 53.018 52.965 51.561 51.86 51.614 51.439 54.702 61.491 70.386 77.333 81.596 82.825 83.404 81.526 78.579 71.947 69.228 68.14 66.544 65.246 63.684 61.228
1108447 0 11 320 78 60.368 57.263 56.737 56.614 54.579 53.596 53.211 55.649 55.474 61.877 68.263 75.842 80.246 82.947 82.737 81.439 77.175 70.632 66.246 64.719 60.719 59.035 55.702 54.596
1108447 0 11 321 78 51.526 49.088 47.035 45.561 44.053 43.789 42.632 42.14 44.193 52.035 60.912 66.842 72.175 74.281 74.386 73.316 69.526 63.93 61.544 61.281 58.93 55.965 53.316 51.333
1108447 0 11 322 78 49.912 48.86 46.789 46.333 44.842 44.982 43.807 45.965 47.649 53.526 62.737 69.474 72.386 74.754 75.474 73.842 70.053 64.614 62.439 59.684 57.491 55.053 53.947 53.807
1108447 0 11 323 78 52.491 53.561 53.684 53.193 53.456 53.772 54.439 53.965 56.333 61.368 66.439 71.526 74.246 76.123 77.14 74.211 71.491 67.702 66.421 64.912 62.772 61.193 60.14 59.316
1108447 0 11 324 78 59.632 56.386 54.868 53.421 51.772 51.053 51.895 49.877 49.772 57.632 66.474 72.614 77.509 79.912 79.474 77.368 71.842 65.912 60.439 56.316 53.86 51.439 50.088 46.649
1108447 0 11 325 78 45.614 43.246 42.754 40.228 38.895 37.807 36.509 36.93 39 46.649 54.912 63.702 67.193 69.158 69.789 67.386 62.982 57.93 54.825 53.123 49.614 46.491 45.474 43.526
1108447 0 11 326 78 41.93 40.368 38.14 37.684 37.702 37.281 36.07 37.789 39.421 44.702 51.719 60.702 63.649 66.737 69.175 67.421 62.439 54.579 51.421 48.316 48.982 48.842 47.947 44.526
1108447 0 11 327 78 42.263 40.807 38.842 39.211 38.509 39.351 39.719 40 42.105 48.281 55.246 61.93 66.544 68.737 68.877 67.298 64.456 59.842 56.14 54.544 52.807 51.667 50.105 48.982
1108447 0 11 328 78 48.281 49.526 47.439 47.018 45.526 45.561 45.456 46.825 48.316 53.439 59.649 65.719 68.526 71.298 71.368 69.737 66.105 60.281 57.965 56.123 52.93 50.018 49.351 48.509
1108447 0 11 329 78 46.105 45.158 42.211 42.263 41.737 40.456 39.351 40.789 41.772 47.982 54.509 62.228 66.14 68.544 69.035 67.211 62.035 54.246 51.351 48.877 46.789 43.86 42.175 41.877
1108447 0 11 330 78 39.579 37.702 37.456 34.93 34.211 33.14 33.737 33.509 33.702 39.035 48.105 55.211 60 63.281 63.912 62.719 55.526 49.228 47.877 44.728 41.544 40.947 39.632 39.228
1108447 0 11 331 78 38.123 37.105 36.333 34.895 34.456 33.614 33.281 33.737 33.246 39.421 47.684 55.316 58.667 60.544 60.754 59.86 55.491 49.719 47.509 44.649 44.368 41.719 38.877 37.649
1108447 0 11 332 78 36.702 35.912 33.807 33.193 31.07 30.86 30.947 30.772 31.842 37.614 43.982 51.965 56.86 61.14 61.053 59.105 55.07 49.404 47.228 44.281 40.105 37.614 36.491 35.544
1108447 0 11 333 78 34.298 33.035 30.175 31.246 30.877 29.772 30.07 29.772 28.719 33.702 42.86 50.474 57.333 60.825 61.088 59 55.474 50.526 46.596 47.175 45.86 44.351 41.456 41.965
1108447 0 11 334 78 40.421 40.474 38.93 37.439 36 36.561 36.105 36.456 37.123 40.965 46.491 54.596 58.333 60.316 61.263 60.211 56.175 51.544 49.105 47.579 46.07 42.93 43.351 43.175
1108447 0 12 335 78 42.526 40.263 40.175 39.439 39.421 40.316 40.298 41.018 43.579 48.158 53.825 60.07 64.175 66.246 66.158 64.386 60.14 55.947 54.702 51.228 49.474 48.807 47.421 45.825
1108447 0 12 336 78 45.807 44.263 42.982 42.088 41.789 41.579 39.298 42 42.158 46.088 52.193 59.561 63.754 66.246 66.754 64.211 59.947 55.456 55.333 52.649 49.667 47.386 47.789 48.105
1108447 0 12 337 78 47.07 45.667 45 43.404 41.877 41.596 42.07 42.772 43.035 47.456 53.439 60.07 63.246 65.825 65.053 62.982 58.842 55.298 52.316 51.105 49.632 50.404 47.632 44.86
1108447 0 12 338 78 43.632 41.579 40.912 40.211 39.807 40.561 39.421 40.333 42.018 46.298 51.07 57.193 61.053 63.561 64.404 60.895 56.193 51.579 49.719 47.807 45.246 41.737 41.965 39.807
1108447 0 12 339 78 38.456 35.719 33.737 32.737 30.263 30.404 29.509 30.14 30.421 35.825 44.018 52.246 56.982 58.298 58.754 57.491 51.965 47.912 45.228 43.246 40.947 39.246 38.526 38.544
1108447 0 12 340 78 36.649 35.246 33.632 32.211 31.228 30.07 30.193 29.719 28.684 33.895 42.088 49.632 54.404 56.877 57.544 54.842 49.07 43.105 39.711 38.596 36.86 33.93 30.947 28.228
1108447 0 12 341 78 26.895 25.368 25.211 24 22.877 22.649 22.14 23.175 24.105 28.526 35.772 43.07 48.351 52.088 52.246 50.246 45.737 40.947 38 36.579 34.667 32.211 31.14 29.789
1108447 0 12 342 78 28.649 29.175 29 29.088 26.982 26.895 28.333 26.965 28.246 32.93 38.667 45.737 49.93 52.456 52.789 52.421 48.509 45.684 42.912 40.579 38.684 36.351 34 32.053
1108447 0 12 343 78 32.719 31.333 30.754 29.105 29.351 28.93 29.702 31.123 31.825 35.614 41.93 48.737 53.351 54.754 54.895 53.018 49.544 46.018 44.228 42.877 41.667 39.228 37.702 37.842
1108447 0 12 344 78 36.439 35.509 35.789 35.368 35.088 35.263 34.772 34.684 35.912 40.333 45.895 53.684 57.982 59.105 59.895 58.789 54.263 50.684 48.754 45 43.965 43.333 42.456 40.895
1108447 0 12 345 78 37.789 38.386 36.561 38.526 38.105 37.579 37.772 39.246 40.719 42.895 47.982 53.807 57.632 61.228 62.105 61.281 57.509 53.053 51.175 48.912 47.123 44.228 42.246 42.105
1108447 0 12 346 78 40.632 38.579 35.912 34.333 33.632 33.825 33.386 33.456 33 36.579 42.947 49.842 55.184 56.228 57.088 55.298 50.228 45.421 41.386 39.105 37.123 36.246 36.368 32.702
1108447 0 12 347 78 31.947 30.035 26.772 26.053 27.123 26.316 26.93 26.982 26.561 30.649 37.632 45.211 50.175 53.421 53.807 53.07 48.772 44.474 42.807 42.263 39.895 40.965 39.123 36.632
1108447 0 12 348 78 37.982 36.667 36.439 35.912 36.316 36.263 34.211 36.053 36.807 39.053 45.298 51.281 53.877 55.702 57.351 54.842 52.509 47.211 45.263 43.789 42.439 41.982 41.596 41.07
1108447 0 12 349 78 39.807 37.789 36.281 35.439 33.684 33.912 34.561 34.281 34.965 38.772 45.351 52.737 57.018 59.789 60.105 57.439 54.018 49.298 46.474 45.877 42.579 41.86 41.526 39.561
1108447 0 12 350 78 40.368 39.316 37.544 36.93 34.772 34.474 33.246 34.509 34.386 38.351 45.035 53.842 57.561 59.561 60.702 58.053 53.175 48.246 44.965 42.825 40.684 36.737 34.86 33.702
1108447 0 12 351 78 32.825 30.719 29.386 28.579 26.825 26.298 25.053 26.614 25.982 29.877 37.175 45 51.263 53.895 55.158 53.123 49.368 45.018 42.526 41.07 38.596 35.877 34.368 33.772
1108447 0 12 352 78 32.789 31.93 31.596 30.579 29.123 28.93 28.579 28.737 28.193 31.211 35.561 43.912 49.526 51.825 53.614 51.509 47.263 43.158 40.175 37.877 35.07 35.439 33.316 32.912
1108447 0 12 353 78 31.825 30.684 29.947 29.404 26.614 26.211 25.211 26.702 26.649 29.561 35.298 42.368 47.825 50.456 50.895 48.544 45.281 42.754 40.614 40.228 39.018 38.947 38.702 35.912
1108447 0 12 354 78 35.351 34.544 33.421 31.895 30.158 28.719 28.43 28.088 29.368 32.754 38.333 44.211 48.93 52.421 53.088 52.07 47.982 43.158 40.439 39.544 38.404 35.421 34.421 31.789
1108447 0 12 355 78 30.737 27.877 26.298 27.614 27.649 25.895 25.772 25.211 25.526 27.877 34.491 41.175 46.632 49.263 50.105 48.351 45.526 40.053 37.737 35.105 34.789 33 30.561 29.825
1108447 0 12 356 78 29.298 29.947 28.298 26.825 25.088 24.596 24 23.439 23.789 27.158 33.246 40.947 46.491 49.982 50.298 48.86 44.772 40.263 37.93 36.246 33.561 30.333 30.526 28.246
1108447 0 12 357 78 28.035 27 25.526 26.596 25.053 25.035 24.246 24.842 25.421 28.281 34.667 42.228 46.684 48.053 48.807 47.298 44.053 41.211 40.123 36.754 35.211 33.474 33.333 32.667
1108447 0 12 358 78 32.421 30.439 29.982 30.053 28.316 28.088 28.702 28.386 28.018 32.649 38.263 44.123 49.807 52.158 51.982 49.509 46 42.351 40.947 40.947 37.211 35.965 35.895 33.693
1108447 0 12 359 78 32.711 31.982 29.193 29.246 30.263 28.526 28.719 27.596 26.86 30.386 35.982 43.053 48.912 50.526 51.123 48.86 44.404 38.877 36.965 35.211 32.649 31.175 30.246 30.895
1108447 0 12 360 78 30.93 28.228 27.737 27.211 27.386 26.456 24.772 23.596 22.667 24.772 31.368 38.895 45.07 48.035 48.737 47.351 42.298 37.807 35.649 31.649 30.333 28.719 28.754 28.175
1108447 0 12 361 78 27.596 26 25.877 23.86 24.035 21.316 21.404 21.211 22.123 24.421 29.035 36.772 43.14 44.877 46.175 45.754 41.281 38.877 35.439 33.86 31.526 29.702 26.737 25.228
1108447 0 12 362 78 24.368 22.947 23.281 21.228 20.632 19.596 17.439 17.491 18.035 22.246 27.368 33.947 37.316 40.912 42.553 41.474 39.702 33.579 32.263 28.807 27.035 24.316 24.228 21.123
1108447 0 12 363 78 20.561 19.719 19.053 18.281 17.614 15.526 14.491 15.035 14.228 18.193 24.596 31.719 36.614 38.947 40.053 38.667 34.982 31.561 28.018 26.018 24.421 22.807 20.579 18.509
1108447 0 12 364 78 17.754 17.368 16.596 17.053 16.579 17.439 17.772 16.982 17.035 19.175 24.667 32.702 39.053 42.544 44.474 43.509 38.895 34.088 32.035 29.404 27.211 24.754 23.877 22.246
1108447 0 12 365 78 20.947 19.667 21.404 20.649 19.439 17.07 16.684 17.123 17.596 20.491 28.632 35.807 42.123 45.719 46.877 45.246 40.175 35.544 32.509 29.386 27.842 26.351 25.719 24.316
1108447 0 12 366 78 23.649 24.14 22.596 22.912 20.754 19.088 17.825 17.316 16.439 20.702 26.281 34.825 40.982 44.965 45.263 44.404 40.018 35 32.404 30.035 28.596 26.86 25.421 25.368
