0 1 1 22.356
0 1 2 34.769
0 1 3 29.22
0 1 4 35.136
0 1 5 29.028
0 1 6 23.519
0 1 7 26.791
0 1 8 27.177
0 1 9 24.214
0 1 10 26.249
0 1 11 25.711
0 1 12 25.543
0 1 13 23.935
0 1 14 32.761
0 1 15 26.962
0 1 16 20.112
0 1 17 21.225
0 1 18 30.162
0 1 19 35.545
0 1 20 22.882
0 1 21 18.662
0 1 22 18.327
0 1 23 28.047
0 1 24 26.627
0 1 25 21.103
0 1 26 27.808
0 1 27 21.73
0 1 28 18.512
0 1 29 26.304
0 1 30 30.792
0 1 31 25.273
0 2 1 26.278
0 2 2 29.148
0 2 3 26.531
0 2 4 23.818
0 2 5 20.562
0 2 6 19.312
0 2 7 18.022
0 2 8 16.421
0 2 9 14.992
0 2 10 14.732
0 2 11 24.056
0 2 12 24.132
0 2 13 21.458
0 2 14 18.376
0 2 15 21.408
0 2 16 21.69
0 2 17 22.223
0 2 18 24.727
0 2 19 28.301
0 2 20 27.682
0 2 21 19.97
0 2 22 19.597
0 2 23 17.611
0 2 24 23.658
0 2 25 20.166
0 2 26 16.439
0 2 27 15.841
0 2 28 19.565
0 3 1 19.274
0 3 2 20.637
0 3 3 15.738
0 3 4 16.941
0 3 5 16.004
0 3 6 12.95
0 3 7 14.451
0 3 8 14.818
0 3 9 23.869
0 3 10 19.592
0 3 11 22.028
0 3 12 20.636
0 3 13 23.127
0 3 14 21.911
0 3 15 18.287
0 3 16 14.043
0 3 17 13.249
0 3 18 21.401
0 3 19 20.215
0 3 20 16.671
0 3 21 16.797
0 3 22 20.504
0 3 23 18.226
0 3 24 17.038
0 3 25 14.222
0 3 26 15.481
0 3 27 15.244
0 3 28 12.291
0 3 29 11.089
0 3 30 11.196
0 3 31 11.32
0 4 1 13.106
0 4 2 14.283
0 4 3 13.911
0 4 4 12.483
0 4 5 11.974
0 4 6 13.758
0 4 7 13.197
0 4 8 15.39
0 4 9 14.174
0 4 10 14.834
0 4 11 13.31
0 4 12 13.76
0 4 13 14.778
0 4 14 15.394
0 4 15 13.849
0 4 16 17.247
0 4 17 15.449
0 4 18 13.558
0 4 19 13.902
0 4 20 12.922
0 4 21 12.088
0 4 22 11.345
0 4 23 11.566
0 4 24 12.101
0 4 25 11.698
0 4 26 12.318
0 4 27 12.629
0 4 28 12.545
0 4 29 12.739
0 4 30 12.632
0 5 1 12.252
0 5 2 12.471
0 5 3 12.061
0 5 4 12.048
0 5 5 13.425
0 5 6 13.002
0 5 7 12.267
0 5 8 11.631
0 5 9 10.945
0 5 10 9.9524
0 5 11 10.09
0 5 12 10.975
0 5 13 10.848
0 5 14 10.031
0 5 15 9.8349
0 5 16 10.578
0 5 17 11.151
0 5 18 10.703
0 5 19 10.805
0 5 20 11.11
0 5 21 9.855
0 5 22 10.69
0 5 23 11.338
0 5 24 10.998
0 5 25 11.208
0 5 26 11.216
0 5 27 10.406
0 5 28 10.381
0 5 29 9.68
0 5 30 9.4597
0 5 31 9.2629
0 6 1 8.945
0 6 2 8.7155
0 6 3 9.2545
0 6 4 9.0497
0 6 5 8.2729
0 6 6 7.5284
0 6 7 7.09
0 6 8 6.7637
0 6 9 6.6213
0 6 10 7.1161
0 6 11 6.8497
0 6 12 7.18
0 6 13 7.5561
0 6 14 7.5908
0 6 15 7.3768
0 6 16 7.0829
0 6 17 6.56
0 6 18 6.2442
0 6 19 5.7753
0 6 20 5.43
0 6 21 5.3987
0 6 22 5.2747
0 6 23 5.0229
0 6 24 4.8892
0 6 25 4.9961
0 6 26 5.0882
0 6 27 5.008
0 6 28 4.7873
0 6 29 4.5102
0 6 30 4.3237
0 7 1 4.1489
0 7 2 3.9526
0 7 3 3.9153
0 7 4 3.9576
0 7 5 3.6832
0 7 6 3.5311
0 7 7 3.5053
0 7 8 3.9016
0 7 9 3.7821
0 7 10 3.4284
0 7 11 3.331
0 7 12 3.8741
0 7 13 3.3032
0 7 14 3.0401
0 7 15 2.8276
0 7 16 2.7776
0 7 17 2.5785
0 7 18 2.4457
0 7 19 2.3768
0 7 20 2.2852
0 7 21 2.2297
0 7 22 2.3019
0 7 23 2.1439
0 7 24 1.9787
0 7 25 1.8727
0 7 26 1.8007
0 7 27 1.7499
0 7 28 1.8598
0 7 29 1.7736
0 7 30 1.6039
0 7 31 1.5478
0 8 1 1.5497
0 8 2 1.5042
0 8 3 1.4582
0 8 4 1.4323
0 8 5 1.3939
0 8 6 1.4231
0 8 7 1.4067
0 8 8 1.5665
0 8 9 1.5717
0 8 10 1.4247
0 8 11 1.3082
0 8 12 1.2343
0 8 13 1.1872
0 8 14 1.1533
0 8 15 1.1044
0 8 16 1.0714
0 8 17 1.0689
0 8 18 1.0443
0 8 19 1.0298
0 8 20 1.0327
0 8 21 1.047
0 8 22 1.1381
0 8 23 1.1188
0 8 24 1.1677
0 8 25 1.1587
0 8 26 1.2045
0 8 27 1.2471
0 8 28 1.2111
0 8 29 2.4332
0 8 30 3.1528
0 8 31 1.8697
0 9 1 1.4584
0 9 2 1.3097
0 9 3 1.3378
0 9 4 1.6085
0 9 5 1.7316
0 9 6 1.604
0 9 7 1.4673
0 9 8 1.9199
0 9 9 1.8685
0 9 10 1.5083
0 9 11 1.5033
0 9 12 1.3571
0 9 13 1.2821
0 9 14 1.2532
0 9 15 1.2805
0 9 16 1.2572
0 9 17 1.5305
0 9 18 1.6617
0 9 19 2.0263
0 9 20 1.4988
0 9 21 1.3549
0 9 22 1.4696
0 9 23 1.2959
0 9 24 1.2423
0 9 25 1.2425
0 9 26 1.3315
0 9 27 1.6431
0 9 28 1.9941
0 9 29 1.8985
0 9 30 2.3621
0 10 1 3.3366
0 10 2 4.7592
0 10 3 3.1284
0 10 4 3.5274
0 10 5 2.744
0 10 6 3.1617
0 10 7 4.7599
0 10 8 6.4719
0 10 9 6.4317
0 10 10 6.8757
0 10 11 4.4395
0 10 12 5.4905
0 10 13 7.0642
0 10 14 5.1353
0 10 15 4.4194
0 10 16 6.0734
0 10 17 9.6094
0 10 18 11.55
0 10 19 8.6525
0 10 20 11.047
0 10 21 8.7469
0 10 22 11.147
0 10 23 10.212
0 10 24 12.67
0 10 25 15.839
0 10 26 15.977
0 10 27 13.263
0 10 28 15.032
0 10 29 12.62
0 10 30 14.441
0 10 31 22.741
0 11 1 16.647
0 11 2 14.484
0 11 3 18.036
0 11 4 17.166
0 11 5 14.532
0 11 6 23.918
0 11 7 20.232
0 11 8 22.348
0 11 9 22.434
0 11 10 23.526
0 11 11 28.271
0 11 12 28.27
0 11 13 22.967
0 11 14 18.909
0 11 15 43.712
0 11 16 39.43
0 11 17 30.323
0 11 18 28.177
0 11 19 26.946
0 11 20 34.44
0 11 21 27.008
0 11 22 22.628
0 11 23 34.531
0 11 24 28.979
0 11 25 26.72
0 11 26 21.433
0 11 27 22.098
0 11 28 23.398
0 11 29 25.051
0 11 30 24.329
0 12 1 23.823
0 12 2 22.16
0 12 3 37.134
0 12 4 38.327
0 12 5 34.323
0 12 6 25.396
0 12 7 19.722
0 12 8 22.401
0 12 9 21.883
0 12 10 32.979
0 12 11 30.5
0 12 12 30.621
0 12 13 32.281
0 12 14 35.926
0 12 15 28.684
0 12 16 35.965
0 12 17 39.073
0 12 18 26.191
0 12 19 32.12
0 12 20 25.667
0 12 21 25.599
0 12 22 23.015
0 12 23 18.144
0 12 24 16.951
0 12 25 17.682
0 12 26 30.624
0 12 27 25.915
0 12 28 17.6
0 12 29 15.791
0 12 30 14.725
0 12 31 14.346
0 12 32 14.346

