0 1 1 988.63
0 1 2 976.19
0 1 3 978.64
0 1 4 975.11
0 1 5 958.28
0 1 6 951.64
0 1 7 951.63
0 1 8 952.72
0 1 9 932.94
0 1 10 932.62
0 1 11 923.14
0 1 12 937.15
0 1 13 916.94
0 1 14 914.41
0 1 15 924.96
0 1 16 937.01
0 1 17 932.11
0 1 18 940.95
0 1 19 937.72
0 1 20 929.85
0 1 21 914.1
0 1 22 905.29
0 1 23 907.43
0 1 24 922.28
0 1 25 933.06
0 1 26 918.36
0 1 27 911.37
0 1 28 911.25
0 1 29 916.36
0 1 30 920.46
0 1 31 924.74
0 2 1 918.28
0 2 2 918.77
0 2 3 915.42
0 2 4 919.49
0 2 5 920.43
0 2 6 925.93
0 2 7 927.95
0 2 8 923.68
0 2 9 900.73
0 2 10 892.97
0 2 11 894.41
0 2 12 887.91
0 2 13 880.34
0 2 14 873.49
0 2 15 869.95
0 2 16 860.85
0 2 17 854.94
0 2 18 858.24
0 2 19 851.87
0 2 20 851.71
0 2 21 847.58
0 2 22 838.46
0 2 23 829.41
0 2 24 835.28
0 2 25 836.65
0 2 26 837.79
0 2 27 847.78
0 2 28 829.64
0 3 1 824.21
0 3 2 825.78
0 3 3 820.16
0 3 4 814.17
0 3 5 817.63
0 3 6 813.79
0 3 7 809.22
0 3 8 812.78
0 3 9 818.12
0 3 10 825.81
0 3 11 831.24
0 3 12 847.57
0 3 13 842.27
0 3 14 841.22
0 3 15 839.34
0 3 16 842.3
0 3 17 847.45
0 3 18 854.54
0 3 19 864.82
0 3 20 880.53
0 3 21 887.82
0 3 22 898.01
0 3 23 915.35
0 3 24 912.19
0 3 25 918.57
0 3 26 924.77
0 3 27 932.99
0 3 28 950.42
0 3 29 967.42
0 3 30 991.29
0 3 31 1009.8
0 4 1 1024.3
0 4 2 1046.9
0 4 3 1073.1
0 4 4 1094.3
0 4 5 1121.2
0 4 6 1164.5
0 4 7 1210.9
0 4 8 1260.4
0 4 9 1299.6
0 4 10 1343.9
0 4 11 1396.2
0 4 12 1458.2
0 4 13 1531.7
0 4 14 1594.1
0 4 15 1660.5
0 4 16 1721.4
0 4 17 1812
0 4 18 1907.2
0 4 19 1974.4
0 4 20 2068
0 4 21 2154.5
0 4 22 2240.5
0 4 23 2334.7
0 4 24 2430.2
0 4 25 2502.5
0 4 26 2591.2
0 4 27 2701.1
0 4 28 2827.4
0 4 29 2931.2
0 4 30 3062.5
0 5 1 3186.2
0 5 2 3283.7
0 5 3 3383
0 5 4 3472.5
0 5 5 3569.3
0 5 6 3684.5
0 5 7 3792.5
0 5 8 3894.8
0 5 9 4013.4
0 5 10 4113.9
0 5 11 4252.1
0 5 12 4387.8
0 5 13 4512.9
0 5 14 4645
0 5 15 4777.9
0 5 16 4939.3
0 5 17 5096.6
0 5 18 5235.3
0 5 19 5414.7
0 5 20 5552
0 5 21 5640.3
0 5 22 5717.4
0 5 23 5796.6
0 5 24 5905.1
0 5 25 6024.4
0 5 26 6128.6
0 5 27 6204.4
0 5 28 6300.1
0 5 29 6406.4
0 5 30 6495.2
0 5 31 6559.9
0 6 1 6609.6
0 6 2 6694.4
0 6 3 6758.9
0 6 4 6840.5
0 6 5 6937.6
0 6 6 7008.1
0 6 7 7050.5
0 6 8 7106.3
0 6 9 7150.1
0 6 10 7156.2
0 6 11 7126.1
0 6 12 7140.6
0 6 13 7181.5
0 6 14 7214
0 6 15 7238.7
0 6 16 7230.4
0 6 17 7212.6
0 6 18 7187
0 6 19 7150.7
0 6 20 7116.4
0 6 21 7082.6
0 6 22 7042.1
0 6 23 6956
0 6 24 6868.3
0 6 25 6798.3
0 6 26 6757.9
0 6 27 6708.7
0 6 28 6650.9
0 6 29 6587.6
0 6 30 6557.7
0 7 1 6538
0 7 2 6471.3
0 7 3 6407
0 7 4 6322.8
0 7 5 6253.6
0 7 6 6166.9
0 7 7 6067.7
0 7 8 6018.2
0 7 9 5970.3
0 7 10 5903.7
0 7 11 5823.5
0 7 12 5763.4
0 7 13 5696.6
0 7 14 5636.7
0 7 15 5604.3
0 7 16 5570.6
0 7 17 5511.8
0 7 18 5447.2
0 7 19 5384.5
0 7 20 5311.5
0 7 21 5228.4
0 7 22 5165.1
0 7 23 5091.3
0 7 24 4999.8
0 7 25 4897.2
0 7 26 4800
0 7 27 4714.2
0 7 28 4610.1
0 7 29 4520.6
0 7 30 4446.5
0 7 31 4382.1
0 8 1 4324.4
0 8 2 4276.7
0 8 3 4197.3
0 8 4 4135.4
0 8 5 4067.3
0 8 6 3999.4
0 8 7 3941.5
0 8 8 3865.8
0 8 9 3812.4
0 8 10 3750.2
0 8 11 3708.7
0 8 12 3638.8
0 8 13 3577.8
0 8 14 3551.2
0 8 15 3512.8
0 8 16 3467.1
0 8 17 3437.9
0 8 18 3389.1
0 8 19 3320.5
0 8 20 3274.6
0 8 21 3244.3
0 8 22 3213
0 8 23 3176
0 8 24 3130.2
0 8 25 3079.2
0 8 26 3038.9
0 8 27 3008
0 8 28 2990.1
0 8 29 2969
0 8 30 2928.1
0 8 31 2874.8
0 9 1 2824.6
0 9 2 2775.3
0 9 3 2719.5
0 9 4 2694.9
0 9 5 2662.6
0 9 6 2637.7
0 9 7 2620
0 9 8 2601.4
0 9 9 2568
0 9 10 2524.7
0 9 11 2491.8
0 9 12 2437.6
0 9 13 2390.1
0 9 14 2339
0 9 15 2288.5
0 9 16 2253.8
0 9 17 2229.5
0 9 18 2194.5
0 9 19 2182.2
0 9 20 2179.2
0 9 21 2183.4
0 9 22 2172.3
0 9 23 2151.9
0 9 24 2114.3
0 9 25 2083
0 9 26 2058.7
0 9 27 2051.5
0 9 28 2042.7
0 9 29 2009.9
0 9 30 2003
0 10 1 1997.8
0 10 2 2001.6
0 10 3 1984.4
0 10 4 1994.9
0 10 5 1989.8
0 10 6 1968
0 10 7 1944.9
0 10 8 1928.7
0 10 9 1895.7
0 10 10 1898
0 10 11 1913.6
0 10 12 1922
0 10 13 1897.9
0 10 14 1883.8
0 10 15 1879
0 10 16 1896.8
0 10 17 1924.7
0 10 18 1924.8
0 10 19 1930.4
0 10 20 1939.5
0 10 21 1927.8
0 10 22 1912.4
0 10 23 1891.2
0 10 24 1902.6
0 10 25 1922.4
0 10 26 1916.2
0 10 27 1911.7
0 10 28 1912.4
0 10 29 1896.6
0 10 30 1861.3
0 10 31 1878.6
0 11 1 1875.7
0 11 2 1841.5
0 11 3 1818.4
0 11 4 1823.6
0 11 5 1795.5
0 11 6 1777.4
0 11 7 1769.5
0 11 8 1758.6
0 11 9 1718.8
0 11 10 1686.4
0 11 11 1643.4
0 11 12 1630.5
0 11 13 1620.8
0 11 14 1602.8
0 11 15 1589.8
0 11 16 1587.9
0 11 17 1569.3
0 11 18 1547.6
0 11 19 1531.8
0 11 20 1518.5
0 11 21 1486.6
0 11 22 1494.1
0 11 23 1518.3
0 11 24 1505.9
0 11 25 1464.4
0 11 26 1443.5
0 11 27 1440.1
0 11 28 1398.6
0 11 29 1375.3
0 11 30 1354.1
0 12 1 1327.7
0 12 2 1328.6
0 12 3 1318.3
0 12 4 1298.8
0 12 5 1255.6
0 12 6 1226.6
0 12 7 1187.9
0 12 8 1174.7
0 12 9 1164.9
0 12 10 1154.7
0 12 11 1163.5
0 12 12 1146.8
0 12 13 1130
0 12 14 1118.2
0 12 15 1100.9
0 12 16 1098.6
0 12 17 1076.2
0 12 18 1073
0 12 19 1072.4
0 12 20 1075.4
0 12 21 1063.1
0 12 22 1046.4
0 12 23 1033.1
0 12 24 1024.1
0 12 25 1013.2
0 12 26 1023.4
0 12 27 1014.6
0 12 28 989.07
0 12 29 990.55
0 12 30 992.63
0 12 31 984.93
0 12 32 984.93

