1108447 1983 1 1 82 7.0 10.0 10.0 10.0 10.0 10.0 10.0 10.0 10.0 10.0 10.0 10.0 10.0 10.0 10.0 10.0 10.0 10.0 10.0 10.0 10.0 10.0 10.0 10.0 
1108447 1983 1 2 82 10.0 10.0 10.0 10.0 10.0 10.0 10.0 10.0 10.0 10.0 10.0 10.0 10.0 10.0 10.0 9.0 10.0 10.0 10.0 10.0 10.0 10.0 10.0 10.0 
1108447 1983 1 3 82 10.0 10.0 10.0 8.0 8.0 10.0 6.0 8.0 9.0 9.0 9.0 9.0 10.0 10.0 10.0 10.0 10.0 10.0 10.0 10.0 10.0 10.0 10.0 10.0 
1108447 1983 1 4 82 10.0 10.0 10.0 10.0 10.0 10.0 10.0 10.0 10.0 10.0 10.0 10.0 10.0 10.0 10.0 10.0 10.0 10.0 10.0 10.0 10.0 10.0 10.0 10.0 
1108447 1983 1 5 82 10.0 10.0 10.0 10.0 10.0 10.0 10.0 10.0 10.0 10.0 8.0 3.0 5.0 3.0 5.0 7.0 8.0 9.0 9.0 10.0 10.0 10.0 10.0 10.0 
1108447 1983 1 6 82 10.0 9.0 9.0 9.0 9.0 9.0 9.0 9.0 9.0 10.0 10.0 10.0 10.0 10.0 10.0 10.0 10.0 10.0 10.0 10.0 10.0 10.0 10.0 10.0 
1108447 1983 1 7 82 10.0 9.0 9.0 9.0 10.0 10.0 10.0 10.0 10.0 10.0 10.0 10.0 10.0 10.0 10.0 10.0 10.0 10.0 10.0 10.0 10.0 10.0 10.0 10.0 
1108447 1983 1 8 82 10.0 10.0 10.0 10.0 10.0 10.0 9.0 8.0 9.0 9.0 9.0 9.0 9.0 6.0 5.0 6.0 6.0 8.0 9.0 9.0 3.0 3.0 3.0 10.0 
1108447 1983 1 9 82 10.0 10.0 10.0 10.0 10.0 10.0 10.0 10.0 10.0 10.0 10.0 10.0 10.0 10.0 10.0 10.0 10.0 10.0 10.0 10.0 10.0 10.0 10.0 10.0 
1108447 1983 1 10 82 10.0 10.0 10.0 10.0 10.0 10.0 10.0 10.0 10.0 10.0 10.0 10.0 10.0 9.0 9.0 9.0 9.0 9.0 9.0 10.0 9.0 9.0 8.0 7.0 
1108447 1983 1 11 82 5.0 2.0 9.0 9.0 4.0 1.0 9.0 2.0 7.0 7.0 8.0 6.0 7.0 9.0 9.0 9.0 10.0 10.0 10.0 10.0 10.0 10.0 10.0 10.0 
1108447 1983 1 12 82 10.0 10.0 10.0 10.0 10.0 9.0 9.0 9.0 9.0 9.0 9.0 9.0 9.0 9.0 9.0 9.0 10.0 6.0 8.0 9.0 9.0 4.0 3.0 5.0 
1108447 1983 1 13 82 7.0 4.0 1.0 1.0 2.0 1.0 1.0 1.0 4.0 9.0 9.0 8.0 8.0 7.0 7.0 9.0 8.0 5.0 8.0 9.0 9.0 8.0 8.0 8.0 
1108447 1983 1 14 82 8.0 4.0 4.0 4.0 3.0 3.0 3.0 3.0 4.0 4.0 7.0 8.0 9.0 9.0 9.0 8.0 8.0 6.0 6.0 5.0 4.0 3.0 2.0 2.0 
1108447 1983 1 15 82 0.0 0.0 0.0 0.0 0.0 0.0 0.0 3.0 6.0 7.0 8.0 8.0 9.0 10.0 10.0 9.0 10.0 10.0 10.0 10.0 10.0 10.0 10.0 10.0 
1108447 1983 1 16 82 10.0 10.0 10.0 9.0 9.0 10.0 10.0 10.0 10.0 10.0 10.0 10.0 9.0 10.0 10.0 10.0 10.0 10.0 10.0 10.0 10.0 10.0 10.0 10.0 
1108447 1983 1 17 82 10.0 10.0 10.0 10.0 10.0 10.0 10.0 10.0 10.0 10.0 10.0 10.0 10.0 10.0 10.0 10.0 10.0 10.0 10.0 10.0 10.0 10.0 10.0 10.0 
1108447 1983 1 18 82 10.0 10.0 10.0 10.0 10.0 10.0 10.0 10.0 10.0 10.0 10.0 10.0 10.0 10.0 10.0 10.0 10.0 10.0 10.0 10.0 10.0 9.0 10.0 10.0 
1108447 1983 1 19 82 10.0 10.0 10.0 10.0 10.0 10.0 10.0 10.0 10.0 10.0 10.0 10.0 10.0 10.0 10.0 10.0 10.0 10.0 10.0 10.0 10.0 10.0 10.0 10.0 
1108447 1983 1 20 82 10.0 9.0 10.0 10.0 10.0 10.0 10.0 10.0 9.0 8.0 5.0 8.0 9.0 9.0 9.0 10.0 10.0 10.0 10.0 10.0 9.0 9.0 9.0 9.0 
1108447 1983 1 21 82 9.0 9.0 9.0 9.0 10.0 8.0 8.0 9.0 9.0 8.0 9.0 6.0 7.0 6.0 2.0 3.0 0.0 0.0 0.0 0.0 2.0 0.0 0.0 0.0 
1108447 1983 1 22 82 1.0 6.0 2.0 1.0 0.0 0.0 6.0 2.0 8.0 9.0 9.0 9.0 2.0 4.0 6.0 8.0 9.0 10.0 10.0 10.0 10.0 10.0 10.0 10.0 
1108447 1983 1 23 82 10.0 10.0 10.0 10.0 10.0 10.0 10.0 10.0 10.0 10.0 10.0 10.0 10.0 10.0 10.0 10.0 10.0 10.0 10.0 10.0 10.0 10.0 10.0 10.0 
1108447 1983 1 24 82 10.0 10.0 10.0 10.0 10.0 10.0 10.0 10.0 10.0 10.0 10.0 9.0 9.0 10.0 10.0 10.0 10.0 10.0 9.0 10.0 10.0 10.0 9.0 10.0 
1108447 1983 1 25 82 7.0 6.0 10.0 10.0 10.0 10.0 10.0 10.0 10.0 10.0 10.0 10.0 10.0 10.0 10.0 10.0 10.0 10.0 10.0 10.0 10.0 10.0 10.0 10.0 
1108447 1983 1 26 82 10.0 10.0 6.0 10.0 10.0 9.0 9.0 10.0 10.0 10.0 10.0 10.0 10.0 10.0 10.0 10.0 10.0 10.0 10.0 10.0 10.0 10.0 5.0 9.0 
1108447 1983 1 27 82 10.0 10.0 9.0 9.0 9.0 10.0 9.0 10.0 10.0 10.0 10.0 10.0 9.0 9.0 9.0 9.0 6.0 3.0 4.0 3.0 2.0 6.0 10.0 3.0 
1108447 1983 1 28 82 6.0 2.0 5.0 2.0 9.0 10.0 9.0 8.0 10.0 9.0 9.0 9.0 7.0 8.0 8.0 9.0 10.0 10.0 10.0 10.0 10.0 10.0 10.0 10.0 
1108447 1983 1 29 82 7.0 10.0 10.0 10.0 10.0 10.0 10.0 9.0 10.0 9.0 10.0 10.0 9.0 10.0 9.0 9.0 10.0 10.0 10.0 10.0 10.0 10.0 10.0 10.0 
1108447 1983 1 30 82 10.0 10.0 10.0 10.0 10.0 10.0 10.0 10.0 10.0 10.0 10.0 9.0 9.0 9.0 9.0 9.0 9.0 9.0 9.0 8.0 3.0 2.0 1.0 7.0 
1108447 1983 1 31 82 7.0 9.0 10.0 10.0 9.0 9.0 9.0 9.0 9.0 8.0 8.0 9.0 8.0 6.0 9.0 9.0 9.0 9.0 9.0 7.0 7.0 6.0 3.0 1.0 
1108447 1983 2 1 82 1.0 0.0 0.0 0.0 0.0 0.0 0.0 0.0 0.0 0.0 1.0 2.0 2.0 2.0 2.0 2.0 10.0 9.0 9.0 3.0 3.0 1.0 2.0 0.0 
1108447 1983 2 2 82 0.0 0.0 0.0 0.0 0.0 0.0 1.0 0.0 0.0 0.0 3.0 3.0 1.0 0.0 0.0 2.0 2.0 2.0 2.0 2.0 2.0 0.0 0.0 0.0 
1108447 1983 2 3 82 0.0 0.0 0.0 0.0 0.0 0.0 0.0 0.0 6.0 0.0 0.0 2.0 5.0 7.0 8.0 9.0 9.0 9.0 9.0 7.0 8.0 8.0 1.0 0.0 
1108447 1983 2 4 82 1.0 1.0 4.0 2.0 1.0 1.0 1.0 1.0 0.0 0.0 0.0 0.0 0.0 0.0 1.0 2.0 1.0 1.0 1.0 0.0 1.0 1.0 1.0 1.0 
1108447 1983 2 5 82 1.0 1.0 1.0 1.0 1.0 0.0 0.0 0.0 0.0 0.0 0.0 0.0 0.0 0.0 0.0 0.0 0.0 1.0 1.0 3.0 2.0 2.0 2.0 1.0 
1108447 1983 2 6 82 8.0 9.0 9.0 9.0 10.0 10.0 10.0 10.0 10.0 10.0 10.0 9.0 10.0 10.0 9.0 10.0 10.0 10.0 10.0 10.0 9.0 9.0 9.0 9.0 
1108447 1983 2 7 82 6.0 6.0 7.0 2.0 7.0 7.0 3.0 7.0 5.0 7.0 8.0 6.0 8.0 6.0 8.0 6.0 9.0 9.0 9.0 7.0 5.0 2.0 2.0 1.0 
1108447 1983 2 8 82 1.0 0.0 8.0 8.0 4.0 6.0 7.0 9.0 8.0 7.0 8.0 9.0 9.0 10.0 10.0 10.0 10.0 10.0 10.0 10.0 10.0 10.0 10.0 10.0 
1108447 1983 2 9 82 10.0 10.0 10.0 10.0 10.0 10.0 10.0 9.0 10.0 10.0 10.0 10.0 10.0 10.0 9.0 10.0 9.0 10.0 10.0 10.0 10.0 10.0 10.0 10.0 
1108447 1983 2 10 82 10.0 10.0 10.0 9.0 9.0 9.0 9.0 9.0 10.0 10.0 9.0 10.0 10.0 10.0 10.0 10.0 10.0 10.0 10.0 10.0 10.0 10.0 10.0 10.0 
1108447 1983 2 11 82 10.0 10.0 10.0 10.0 10.0 10.0 10.0 9.0 9.0 10.0 10.0 10.0 10.0 10.0 10.0 10.0 10.0 10.0 10.0 10.0 10.0 10.0 10.0 10.0 
1108447 1983 2 12 82 10.0 10.0 10.0 10.0 10.0 10.0 10.0 10.0 10.0 10.0 10.0 10.0 9.0 10.0 10.0 10.0 10.0 10.0 10.0 10.0 10.0 10.0 10.0 10.0 
1108447 1983 2 13 82 10.0 10.0 10.0 5.0 9.0 10.0 10.0 10.0 9.0 10.0 9.0 9.0 9.0 9.0 8.0 4.0 8.0 7.0 5.0 5.0 7.0 8.0 8.0 9.0 
1108447 1983 2 14 82 3.0 5.0 8.0 9.0 9.0 10.0 10.0 10.0 10.0 10.0 10.0 10.0 10.0 10.0 10.0 10.0 10.0 10.0 10.0 10.0 10.0 10.0 10.0 9.0 
1108447 1983 2 15 82 7.0 8.0 9.0 10.0 7.0 3.0 3.0 9.0 9.0 9.0 9.0 10.0 10.0 10.0 10.0 10.0 10.0 10.0 10.0 10.0 10.0 10.0 10.0 10.0 
1108447 1983 2 16 82 9.0 4.0 2.0 8.0 8.0 10.0 10.0 10.0 4.0 2.0 8.0 10.0 7.0 7.0 9.0 9.0 9.0 10.0 10.0 10.0 10.0 10.0 10.0 10.0 
1108447 1983 2 17 82 10.0 10.0 10.0 10.0 10.0 10.0 10.0 10.0 10.0 10.0 9.0 7.0 9.0 9.0 10.0 9.0 10.0 10.0 9.0 5.0 7.0 10.0 5.0 4.0 
1108447 1983 2 18 82 2.0 1.0 0.0 2.0 4.0 3.0 1.0 8.0 9.0 9.0 9.0 9.0 9.0 9.0 9.0 9.0 9.0 7.0 1.0 1.0 0.0 3.0 8.0 2.0 
1108447 1983 2 19 82 4.0 7.0 9.0 9.0 8.0 7.0 9.0 10.0 10.0 10.0 10.0 10.0 10.0 10.0 10.0 10.0 10.0 10.0 10.0 10.0 10.0 10.0 10.0 10.0 
1108447 1983 2 20 82 10.0 10.0 10.0 10.0 10.0 10.0 10.0 10.0 9.0 9.0 8.0 8.0 9.0 5.0 3.0 4.0 8.0 10.0 10.0 10.0 7.0 8.0 6.0 4.0 
1108447 1983 2 21 82 4.0 8.0 1.0 2.0 9.0 5.0 0.0 4.0 2.0 2.0 2.0 6.0 7.0 3.0 9.0 9.0 10.0 10.0 10.0 10.0 10.0 10.0 10.0 10.0 
1108447 1983 2 22 82 10.0 10.0 10.0 10.0 9.0 10.0 10.0 10.0 10.0 10.0 10.0 10.0 10.0 10.0 10.0 10.0 9.0 9.0 10.0 10.0 10.0 10.0 10.0 10.0 
1108447 1983 2 23 82 10.0 10.0 10.0 10.0 10.0 10.0 10.0 10.0 10.0 10.0 10.0 10.0 10.0 10.0 10.0 10.0 10.0 10.0 10.0 10.0 10.0 10.0 10.0 10.0 
1108447 1983 2 24 82 10.0 10.0 10.0 10.0 10.0 10.0 10.0 10.0 10.0 9.0 9.0 9.0 9.0 8.0 7.0 7.0 7.0 8.0 9.0 8.0 7.0 9.0 7.0 6.0 
1108447 1983 2 25 82 10.0 10.0 10.0 10.0 10.0 10.0 10.0 10.0 10.0 10.0 10.0 10.0 9.0 9.0 7.0 9.0 9.0 9.0 8.0 8.0 10.0 10.0 10.0 10.0 
1108447 1983 2 26 82 10.0 10.0 10.0 10.0 10.0 10.0 9.0 8.0 9.0 9.0 9.0 9.0 9.0 9.0 7.0 9.0 9.0 10.0 10.0 10.0 10.0 7.0 7.0 7.0 
1108447 1983 2 27 82 9.0 7.0 4.0 2.0 3.0 3.0 7.0 8.0 6.0 8.0 9.0 6.0 6.0 4.0 5.0 8.0 9.0 10.0 10.0 10.0 8.0 10.0 10.0 10.0 
1108447 1983 2 28 82 10.0 10.0 10.0 10.0 10.0 10.0 9.0 9.0 9.0 9.0 10.0 10.0 10.0 10.0 10.0 10.0 10.0 10.0 9.0 9.0 7.0 8.0 6.0 2.0 
1108447 1983 3 1 82 2.0 2.0 1.0 8.0 9.0 9.0 9.0 9.0 10.0 10.0 10.0 10.0 10.0 10.0 10.0 10.0 9.0 10.0 10.0 10.0 10.0 10.0 10.0 10.0 
1108447 1983 3 2 82 10.0 10.0 10.0 10.0 10.0 10.0 10.0 10.0 10.0 10.0 10.0 10.0 9.0 9.0 8.0 9.0 9.0 7.0 4.0 8.0 8.0 8.0 8.0 9.0 
1108447 1983 3 3 82 9.0 9.0 8.0 8.0 10.0 10.0 7.0 10.0 10.0 10.0 9.0 10.0 9.0 10.0 10.0 10.0 9.0 5.0 4.0 7.0 9.0 9.0 9.0 9.0 
1108447 1983 3 4 82 10.0 9.0 8.0 9.0 10.0 10.0 10.0 9.0 9.0 9.0 8.0 9.0 9.0 9.0 9.0 9.0 9.0 7.0 6.0 2.0 1.0 0.0 0.0 3.0 
1108447 1983 3 5 82 3.0 6.0 5.0 4.0 2.0 8.0 10.0 10.0 8.0 9.0 8.0 9.0 9.0 9.0 10.0 10.0 10.0 10.0 10.0 10.0 10.0 10.0 10.0 10.0 
1108447 1983 3 6 82 10.0 10.0 10.0 10.0 10.0 10.0 8.0 9.0 9.0 8.0 9.0 10.0 10.0 8.0 6.0 3.0 9.0 9.0 10.0 10.0 10.0 10.0 10.0 10.0 
1108447 1983 3 7 82 10.0 10.0 10.0 10.0 10.0 10.0 7.0 8.0 8.0 9.0 10.0 10.0 10.0 9.0 9.0 10.0 9.0 10.0 9.0 9.0 10.0 10.0 10.0 10.0 
1108447 1983 3 8 82 10.0 10.0 10.0 10.0 10.0 10.0 10.0 10.0 10.0 10.0 10.0 10.0 10.0 10.0 10.0 10.0 10.0 10.0 10.0 10.0 10.0 10.0 10.0 10.0 
1108447 1983 3 9 82 10.0 10.0 10.0 10.0 10.0 10.0 9.0 9.0 9.0 9.0 9.0 9.0 10.0 10.0 9.0 10.0 10.0 10.0 10.0 9.0 9.0 7.0 9.0 10.0 
1108447 1983 3 10 82 9.0 8.0 10.0 10.0 10.0 10.0 10.0 10.0 10.0 10.0 9.0 9.0 9.0 9.0 9.0 9.0 10.0 10.0 10.0 10.0 10.0 8.0 9.0 10.0 
1108447 1983 3 11 82 10.0 10.0 9.0 10.0 7.0 8.0 7.0 3.0 1.0 1.0 1.0 5.0 6.0 5.0 3.0 3.0 6.0 8.0 8.0 6.0 4.0 6.0 5.0 4.0 
1108447 1983 3 12 82 4.0 6.0 7.0 10.0 10.0 10.0 10.0 10.0 10.0 10.0 10.0 10.0 9.0 10.0 10.0 10.0 8.0 4.0 3.0 1.0 2.0 7.0 9.0 4.0 
1108447 1983 3 13 82 2.0 5.0 1.0 0.0 8.0 10.0 9.0 10.0 10.0 10.0 10.0 10.0 8.0 10.0 10.0 10.0 10.0 10.0 10.0 10.0 10.0 10.0 10.0 10.0 
1108447 1983 3 14 82 10.0 10.0 10.0 10.0 10.0 10.0 10.0 10.0 10.0 10.0 9.0 10.0 8.0 6.0 8.0 9.0 9.0 9.0 5.0 6.0 2.0 1.0 1.0 1.0 
1108447 1983 3 15 82 2.0 3.0 8.0 8.0 8.0 8.0 8.0 6.0 2.0 3.0 7.0 5.0 4.0 2.0 2.0 2.0 2.0 1.0 1.0 2.0 1.0 0.0 1.0 1.0 
1108447 1983 3 16 82 1.0 1.0 0.0 0.0 0.0 0.0 2.0 0.0 2.0 2.0 2.0 2.0 2.0 2.0 2.0 1.0 1.0 2.0 1.0 0.0 0.0 0.0 0.0 0.0 
1108447 1983 3 17 82 0.0 0.0 0.0 0.0 1.0 1.0 1.0 5.0 4.0 3.0 4.0 3.0 8.0 8.0 9.0 9.0 9.0 8.0 8.0 5.0 4.0 4.0 5.0 4.0 
1108447 1983 3 18 82 3.0 7.0 8.0 3.0 3.0 2.0 2.0 4.0 3.0 2.0 1.0 0.0 0.0 0.0 0.0 6.0 9.0 10.0 9.0 8.0 3.0 2.0 2.0 0.0 
1108447 1983 3 19 82 1.0 1.0 1.0 2.0 2.0 2.0 4.0 2.0 1.0 0.0 0.0 0.0 0.0 0.0 0.0 0.0 0.0 0.0 1.0 3.0 3.0 2.0 0.0 0.0 
1108447 1983 3 20 82 6.0 2.0 0.0 0.0 0.0 0.0 1.0 1.0 2.0 4.0 4.0 3.0 8.0 7.0 9.0 9.0 9.0 9.0 9.0 9.0 8.0 3.0 6.0 9.0 
1108447 1983 3 21 82 9.0 10.0 10.0 10.0 10.0 10.0 10.0 9.0 9.0 10.0 10.0 10.0 9.0 9.0 10.0 10.0 10.0 10.0 10.0 10.0 10.0 10.0 10.0 10.0 
1108447 1983 3 22 82 10.0 10.0 10.0 10.0 10.0 10.0 10.0 10.0 10.0 9.0 3.0 4.0 4.0 3.0 4.0 8.0 9.0 9.0 10.0 10.0 10.0 10.0 10.0 10.0 
1108447 1983 3 23 82 10.0 10.0 10.0 10.0 10.0 9.0 10.0 10.0 10.0 10.0 10.0 8.0 9.0 9.0 8.0 9.0 9.0 9.0 9.0 9.0 8.0 5.0 2.0 2.0 
1108447 1983 3 24 82 5.0 4.0 2.0 2.0 3.0 1.0 3.0 5.0 9.0 9.0 9.0 9.0 10.0 10.0 10.0 9.0 9.0 9.0 9.0 8.0 9.0 9.0 9.0 8.0 
1108447 1983 3 25 82 8.0 8.0 8.0 8.0 9.0 9.0 7.0 1.0 9.0 8.0 9.0 8.0 6.0 4.0 3.0 2.0 1.0 1.0 1.0 7.0 10.0 10.0 10.0 10.0 
1108447 1983 3 26 82 10.0 9.0 9.0 9.0 10.0 6.0 9.0 10.0 10.0 10.0 10.0 10.0 10.0 10.0 10.0 10.0 10.0 10.0 10.0 10.0 10.0 10.0 9.0 10.0 
1108447 1983 3 27 82 10.0 9.0 8.0 8.0 8.0 9.0 9.0 10.0 10.0 10.0 9.0 9.0 8.0 7.0 7.0 8.0 8.0 9.0 9.0 9.0 10.0 10.0 9.0 9.0 
1108447 1983 3 28 82 9.0 9.0 9.0 9.0 9.0 7.0 9.0 9.0 9.0 10.0 10.0 10.0 10.0 10.0 10.0 10.0 10.0 10.0 10.0 10.0 10.0 10.0 10.0 10.0 
1108447 1983 3 29 82 10.0 9.0 9.0 10.0 9.0 9.0 9.0 10.0 10.0 10.0 10.0 10.0 10.0 10.0 10.0 10.0 10.0 8.0 7.0 9.0 9.0 7.0 9.0 10.0 
1108447 1983 3 30 82 10.0 10.0 10.0 9.0 10.0 10.0 9.0 9.0 10.0 10.0 10.0 10.0 10.0 10.0 10.0 10.0 10.0 10.0 9.0 9.0 10.0 10.0 10.0 10.0 
1108447 1983 3 31 82 10.0 10.0 10.0 10.0 10.0 10.0 10.0 9.0 9.0 9.0 10.0 10.0 10.0 9.0 8.0 6.0 8.0 8.0 8.0 7.0 9.0 9.0 9.0 8.0 
1108447 1983 4 1 82 9.0 10.0 9.0 10.0 10.0 10.0 10.0 10.0 10.0 10.0 10.0 10.0 10.0 10.0 10.0 10.0 10.0 10.0 10.0 10.0 10.0 10.0 10.0 10.0 
1108447 1983 4 2 82 10.0 10.0 9.0 10.0 10.0 10.0 8.0 5.0 3.0 7.0 4.0 7.0 7.0 9.0 10.0 10.0 9.0 10.0 10.0 10.0 10.0 10.0 9.0 5.0 
1108447 1983 4 3 82 7.0 8.0 9.0 9.0 9.0 10.0 9.0 8.0 8.0 9.0 2.0 4.0 4.0 2.0 2.0 3.0 7.0 4.0 1.0 1.0 0.0 0.0 0.0 0.0 
1108447 1983 4 4 82 2.0 0.0 2.0 0.0 0.0 0.0 0.0 0.0 1.0 1.0 1.0 1.0 0.0 1.0 1.0 1.0 0.0 0.0 0.0 0.0 0.0 0.0 0.0 0.0 
1108447 1983 4 5 82 0.0 0.0 0.0 1.0 1.0 1.0 1.0 4.0 6.0 7.0 7.0 8.0 8.0 9.0 7.0 7.0 8.0 6.0 6.0 5.0 5.0 7.0 6.0 7.0 
1108447 1983 4 6 82 8.0 8.0 8.0 8.0 9.0 9.0 9.0 10.0 9.0 8.0 10.0 9.0 10.0 10.0 10.0 10.0 10.0 10.0 10.0 10.0 10.0 10.0 9.0 9.0 
1108447 1983 4 7 82 9.0 10.0 8.0 10.0 7.0 2.0 6.0 6.0 8.0 7.0 2.0 1.0 1.0 1.0 3.0 3.0 3.0 5.0 3.0 1.0 1.0 0.0 0.0 1.0 
1108447 1983 4 8 82 0.0 1.0 0.0 0.0 2.0 5.0 4.0 2.0 8.0 9.0 5.0 8.0 8.0 7.0 3.0 6.0 4.0 5.0 9.0 9.0 9.0 10.0 10.0 10.0 
1108447 1983 4 9 82 10.0 10.0 10.0 10.0 10.0 10.0 10.0 10.0 10.0 10.0 10.0 10.0 10.0 10.0 9.0 8.0 7.0 8.0 9.0 10.0 10.0 10.0 10.0 10.0 
1108447 1983 4 10 82 10.0 10.0 10.0 5.0 7.0 9.0 10.0 9.0 9.0 10.0 10.0 10.0 9.0 9.0 8.0 9.0 9.0 9.0 9.0 9.0 9.0 9.0 10.0 10.0 
1108447 1983 4 11 82 10.0 10.0 10.0 10.0 10.0 10.0 10.0 10.0 9.0 9.0 8.0 6.0 2.0 1.0 2.0 2.0 2.0 1.0 2.0 3.0 4.0 3.0 2.0 2.0 
1108447 1983 4 12 82 1.0 0.0 0.0 5.0 8.0 5.0 4.0 3.0 1.0 7.0 1.0 2.0 2.0 1.0 2.0 2.0 8.0 4.0 2.0 1.0 1.0 0.0 0.0 0.0 
1108447 1983 4 13 82 0.0 0.0 0.0 0.0 0.0 0.0 0.0 0.0 0.0 0.0 0.0 0.0 0.0 0.0 0.0 0.0 1.0 0.0 0.0 0.0 0.0 0.0 0.0 0.0 
1108447 1983 4 14 82 0.0 0.0 0.0 0.0 0.0 0.0 0.0 0.0 0.0 0.0 0.0 0.0 0.0 1.0 1.0 2.0 5.0 3.0 2.0 1.0 1.0 1.0 0.0 0.0 
1108447 1983 4 15 82 0.0 0.0 0.0 0.0 0.0 0.0 0.0 0.0 0.0 0.0 0.0 0.0 0.0 0.0 0.0 0.0 0.0 0.0 0.0 0.0 0.0 0.0 0.0 0.0 
1108447 1983 4 16 82 0.0 0.0 0.0 0.0 0.0 2.0 6.0 3.0 3.0 7.0 3.0 8.0 9.0 6.0 9.0 9.0 7.0 4.0 4.0 3.0 3.0 1.0 0.0 0.0 
1108447 1983 4 17 82 1.0 0.0 0.0 0.0 0.0 1.0 7.0 8.0 6.0 6.0 7.0 2.0 0.0 1.0 0.0 0.0 1.0 3.0 7.0 7.0 8.0 8.0 9.0 7.0 
1108447 1983 4 18 82 3.0 0.0 0.0 0.0 1.0 9.0 1.0 4.0 5.0 6.0 7.0 10.0 10.0 10.0 10.0 10.0 10.0 10.0 7.0 6.0 5.0 4.0 6.0 5.0 
1108447 1983 4 19 82 5.0 5.0 4.0 3.0 0.0 8.0 5.0 3.0 3.0 4.0 4.0 3.0 5.0 5.0 7.0 6.0 8.0 8.0 9.0 10.0 10.0 10.0 10.0 10.0 
1108447 1983 4 20 82 10.0 9.0 10.0 9.0 9.0 10.0 10.0 10.0 9.0 8.0 9.0 9.0 9.0 10.0 10.0 10.0 10.0 9.0 10.0 10.0 10.0 10.0 10.0 10.0 
1108447 1983 4 21 82 10.0 10.0 9.0 7.0 4.0 3.0 7.0 2.0 4.0 2.0 2.0 4.0 4.0 4.0 5.0 8.0 10.0 10.0 10.0 8.0 8.0 10.0 10.0 10.0 
1108447 1983 4 22 82 10.0 9.0 9.0 9.0 9.0 10.0 10.0 10.0 10.0 9.0 9.0 9.0 10.0 10.0 10.0 10.0 10.0 10.0 10.0 10.0 10.0 10.0 10.0 10.0 
1108447 1983 4 23 82 10.0 10.0 9.0 3.0 1.0 4.0 10.0 10.0 10.0 10.0 10.0 10.0 10.0 10.0 10.0 10.0 9.0 9.0 9.0 9.0 9.0 10.0 10.0 10.0 
1108447 1983 4 24 82 10.0 10.0 10.0 10.0 10.0 10.0 10.0 10.0 10.0 10.0 10.0 10.0 10.0 10.0 10.0 10.0 10.0 10.0 10.0 10.0 8.0 9.0 10.0 10.0 
1108447 1983 4 25 82 10.0 10.0 10.0 10.0 10.0 10.0 10.0 10.0 10.0 10.0 10.0 10.0 10.0 10.0 10.0 10.0 10.0 10.0 10.0 10.0 10.0 10.0 10.0 10.0 
1108447 1983 4 26 82 10.0 10.0 10.0 10.0 10.0 10.0 10.0 10.0 10.0 10.0 10.0 10.0 10.0 8.0 5.0 5.0 2.0 1.0 0.0 0.0 0.0 0.0 0.0 0.0 
1108447 1983 4 27 82 0.0 0.0 0.0 0.0 0.0 0.0 0.0 0.0 0.0 1.0 1.0 0.0 0.0 0.0 0.0 0.0 1.0 0.0 0.0 0.0 0.0 0.0 0.0 0.0 
1108447 1983 4 28 82 0.0 0.0 0.0 7.0 5.0 5.0 9.0 7.0 8.0 9.0 5.0 3.0 10.0 1.0 1.0 1.0 1.0 1.0 1.0 0.0 0.0 0.0 0.0 0.0 
1108447 1983 4 29 82 3.0 2.0 0.0 0.0 0.0 1.0 4.0 3.0 3.0 2.0 4.0 7.0 6.0 3.0 2.0 3.0 3.0 3.0 4.0 7.0 8.0 7.0 3.0 3.0 
1108447 1983 4 30 82 3.0 3.0 1.0 2.0 3.0 2.0 3.0 3.0 1.0 1.0 1.0 3.0 4.0 4.0 4.0 3.0 1.0 1.0 1.0 1.0 3.0 3.0 0.0 1.0 
1108447 1983 5 1 82 2.0 6.0 10.0 9.0 5.0 3.0 4.0 4.0 7.0 9.0 10.0 9.0 9.0 9.0 9.0 9.0 10.0 10.0 10.0 10.0 10.0 10.0 10.0 9.0 
1108447 1983 5 2 82 8.0 9.0 9.0 9.0 9.0 9.0 9.0 6.0 9.0 8.0 7.0 7.0 8.0 7.0 6.0 7.0 8.0 8.0 9.0 9.0 9.0 9.0 9.0 9.0 
1108447 1983 5 3 82 9.0 9.0 6.0 7.0 9.0 9.0 9.0 10.0 10.0 10.0 9.0 9.0 9.0 9.0 8.0 8.0 8.0 5.0 4.0 2.0 2.0 4.0 2.0 3.0 
1108447 1983 5 4 82 2.0 3.0 6.0 8.0 10.0 9.0 9.0 8.0 7.0 4.0 6.0 8.0 7.0 7.0 3.0 7.0 6.0 8.0 9.0 10.0 10.0 10.0 10.0 9.0 
1108447 1983 5 5 82 8.0 9.0 8.0 7.0 10.0 10.0 10.0 10.0 10.0 10.0 10.0 10.0 10.0 10.0 10.0 10.0 10.0 10.0 10.0 10.0 10.0 10.0 10.0 10.0 
1108447 1983 5 6 82 10.0 10.0 10.0 10.0 10.0 10.0 9.0 10.0 10.0 10.0 10.0 9.0 9.0 9.0 5.0 8.0 9.0 9.0 9.0 10.0 10.0 10.0 10.0 10.0 
1108447 1983 5 7 82 10.0 10.0 10.0 10.0 10.0 10.0 10.0 10.0 10.0 9.0 9.0 9.0 10.0 8.0 8.0 9.0 9.0 9.0 9.0 9.0 9.0 8.0 8.0 7.0 
1108447 1983 5 8 82 4.0 10.0 10.0 10.0 10.0 10.0 10.0 10.0 10.0 10.0 10.0 10.0 8.0 6.0 6.0 9.0 9.0 9.0 9.0 9.0 9.0 6.0 7.0 7.0 
1108447 1983 5 9 82 8.0 9.0 7.0 9.0 7.0 9.0 8.0 10.0 10.0 10.0 10.0 10.0 10.0 10.0 10.0 9.0 8.0 9.0 8.0 3.0 3.0 3.0 2.0 3.0 
1108447 1983 5 10 82 2.0 0.0 0.0 7.0 4.0 2.0 2.0 2.0 2.0 7.0 7.0 4.0 4.0 1.0 1.0 2.0 2.0 1.0 1.0 1.0 0.0 0.0 0.0 0.0 
1108447 1983 5 11 82 0.0 0.0 0.0 0.0 0.0 0.0 0.0 0.0 0.0 1.0 2.0 1.0 1.0 1.0 1.0 1.0 1.0 1.0 3.0 4.0 3.0 0.0 0.0 1.0 
1108447 1983 5 12 82 0.0 0.0 0.0 0.0 0.0 0.0 0.0 0.0 0.0 0.0 0.0 0.0 0.0 1.0 1.0 1.0 1.0 1.0 0.0 0.0 0.0 0.0 0.0 0.0 
1108447 1983 5 13 82 0.0 0.0 0.0 0.0 0.0 0.0 0.0 0.0 0.0 0.0 0.0 0.0 1.0 1.0 1.0 1.0 2.0 2.0 4.0 7.0 9.0 10.0 8.0 9.0 
1108447 1983 5 14 82 9.0 10.0 10.0 8.0 7.0 9.0 9.0 10.0 10.0 10.0 10.0 10.0 10.0 10.0 10.0 10.0 10.0 10.0 10.0 10.0 10.0 10.0 10.0 10.0 
1108447 1983 5 15 82 10.0 10.0 10.0 10.0 9.0 9.0 9.0 9.0 9.0 9.0 9.0 9.0 7.0 7.0 4.0 2.0 2.0 1.0 1.0 1.0 1.0 1.0 0.0 0.0 
1108447 1983 5 16 82 0.0 0.0 0.0 0.0 4.0 2.0 2.0 2.0 3.0 8.0 6.0 7.0 8.0 9.0 9.0 9.0 10.0 10.0 10.0 10.0 10.0 10.0 10.0 10.0 
1108447 1983 5 17 82 10.0 6.0 10.0 10.0 10.0 10.0 10.0 10.0 10.0 10.0 10.0 10.0 10.0 10.0 10.0 10.0 10.0 10.0 10.0 10.0 9.0 10.0 10.0 10.0 
1108447 1983 5 18 82 10.0 10.0 10.0 10.0 2.0 2.0 7.0 3.0 3.0 2.0 2.0 2.0 3.0 4.0 3.0 8.0 5.0 7.0 5.0 5.0 2.0 6.0 4.0 5.0 
1108447 1983 5 19 82 3.0 4.0 5.0 3.0 9.0 9.0 9.0 9.0 9.0 7.0 8.0 4.0 6.0 4.0 6.0 6.0 6.0 7.0 9.0 9.0 8.0 10.0 10.0 6.0 
1108447 1983 5 20 82 3.0 3.0 4.0 8.0 9.0 9.0 9.0 10.0 10.0 7.0 8.0 4.0 6.0 6.0 9.0 7.0 8.0 5.0 5.0 7.0 8.0 7.0 5.0 1.0 
1108447 1983 5 21 82 1.0 1.0 1.0 1.0 2.0 2.0 9.0 9.0 9.0 9.0 9.0 8.0 2.0 2.0 1.0 1.0 1.0 1.0 0.0 0.0 0.0 0.0 0.0 0.0 
1108447 1983 5 22 82 0.0 0.0 0.0 0.0 0.0 0.0 0.0 0.0 0.0 0.0 0.0 0.0 1.0 1.0 1.0 2.0 2.0 1.0 1.0 2.0 2.0 1.0 1.0 0.0 
1108447 1983 5 23 82 1.0 1.0 0.0 1.0 2.0 5.0 4.0 4.0 4.0 4.0 2.0 1.0 2.0 3.0 2.0 5.0 4.0 3.0 2.0 3.0 1.0 0.0 0.0 0.0 
1108447 1983 5 24 82 0.0 1.0 1.0 0.0 0.0 0.0 0.0 0.0 0.0 0.0 0.0 0.0 0.0 0.0 0.0 0.0 0.0 0.0 0.0 0.0 1.0 1.0 0.0 0.0 
1108447 1983 5 25 82 0.0 0.0 0.0 1.0 1.0 0.0 1.0 2.0 3.0 4.0 3.0 3.0 3.0 3.0 3.0 3.0 6.0 6.0 5.0 3.0 1.0 2.0 1.0 1.0 
1108447 1983 5 26 82 0.0 7.0 3.0 1.0 1.0 9.0 9.0 10.0 10.0 9.0 9.0 9.0 3.0 2.0 4.0 2.0 2.0 2.0 1.0 0.0 1.0 2.0 2.0 2.0 
1108447 1983 5 27 82 0.0 0.0 0.0 0.0 0.0 0.0 0.0 0.0 0.0 0.0 0.0 0.0 0.0 2.0 2.0 8.0 8.0 8.0 10.0 10.0 5.0 5.0 4.0 7.0 
1108447 1983 5 28 82 7.0 10.0 10.0 10.0 9.0 8.0 8.0 2.0 1.0 1.0 1.0 2.0 2.0 5.0 6.0 8.0 7.0 3.0 2.0 2.0 1.0 1.0 0.0 0.0 
1108447 1983 5 29 82 0.0 0.0 2.0 5.0 8.0 8.0 7.0 6.0 5.0 4.0 2.0 2.0 2.0 1.0 1.0 1.0 1.0 1.0 0.0 0.0 0.0 0.0 0.0 0.0 
1108447 1983 5 30 82 0.0 0.0 0.0 2.0 7.0 8.0 9.0 10.0 10.0 10.0 10.0 10.0 10.0 9.0 9.0 10.0 10.0 10.0 10.0 10.0 10.0 10.0 10.0 10.0 
1108447 1983 5 31 82 10.0 10.0 10.0 10.0 10.0 10.0 10.0 10.0 10.0 10.0 10.0 10.0 10.0 9.0 10.0 9.0 9.0 9.0 9.0 9.0 9.0 10.0 10.0 10.0 
1108447 1983 6 1 82 10.0 10.0 10.0 10.0 10.0 10.0 10.0 10.0 10.0 10.0 10.0 10.0 10.0 10.0 10.0 10.0 10.0 10.0 10.0 10.0 10.0 10.0 10.0 10.0 
1108447 1983 6 2 82 10.0 10.0 10.0 10.0 10.0 10.0 10.0 10.0 10.0 10.0 10.0 10.0 10.0 10.0 10.0 10.0 9.0 9.0 8.0 5.0 8.0 8.0 8.0 5.0 
1108447 1983 6 3 82 4.0 9.0 9.0 10.0 10.0 10.0 10.0 10.0 10.0 10.0 10.0 9.0 8.0 8.0 5.0 4.0 4.0 6.0 4.0 4.0 6.0 8.0 8.0 3.0 
1108447 1983 6 4 82 3.0 4.0 7.0 9.0 10.0 10.0 10.0 10.0 10.0 10.0 9.0 9.0 9.0 8.0 7.0 7.0 9.0 8.0 9.0 9.0 10.0 9.0 9.0 10.0 
1108447 1983 6 5 82 10.0 8.0 9.0 9.0 10.0 10.0 10.0 9.0 7.0 7.0 9.0 9.0 9.0 9.0 9.0 9.0 10.0 9.0 9.0 9.0 9.0 6.0 3.0 2.0 
1108447 1983 6 6 82 7.0 7.0 0.0 5.0 3.0 3.0 8.0 10.0 10.0 9.0 9.0 10.0 9.0 10.0 9.0 8.0 9.0 9.0 9.0 8.0 7.0 7.0 6.0 6.0 
1108447 1983 6 7 82 6.0 5.0 7.0 6.0 4.0 8.0 3.0 5.0 4.0 3.0 4.0 2.0 2.0 4.0 4.0 3.0 3.0 4.0 3.0 2.0 2.0 2.0 1.0 1.0 
1108447 1983 6 8 82 0.0 1.0 0.0 2.0 4.0 8.0 9.0 9.0 9.0 7.0 9.0 8.0 6.0 5.0 9.0 9.0 10.0 10.0 10.0 10.0 10.0 10.0 7.0 9.0 
1108447 1983 6 9 82 10.0 10.0 10.0 10.0 10.0 10.0 10.0 10.0 10.0 10.0 10.0 10.0 10.0 10.0 10.0 10.0 10.0 10.0 10.0 10.0 10.0 10.0 10.0 10.0 
1108447 1983 6 10 82 10.0 10.0 10.0 9.0 10.0 9.0 8.0 6.0 6.0 7.0 4.0 7.0 9.0 9.0 9.0 9.0 9.0 9.0 9.0 8.0 8.0 7.0 7.0 8.0 
1108447 1983 6 11 82 8.0 9.0 9.0 9.0 9.0 10.0 10.0 9.0 9.0 9.0 9.0 9.0 9.0 9.0 9.0 8.0 8.0 5.0 5.0 5.0 4.0 4.0 4.0 1.0 
1108447 1983 6 12 82 1.0 3.0 7.0 5.0 8.0 7.0 9.0 9.0 9.0 9.0 8.0 5.0 5.0 7.0 4.0 4.0 3.0 3.0 3.0 3.0 2.0 3.0 2.0 1.0 
1108447 1983 6 13 82 1.0 0.0 0.0 6.0 7.0 10.0 10.0 10.0 10.0 10.0 10.0 10.0 10.0 9.0 9.0 9.0 8.0 8.0 8.0 4.0 4.0 4.0 3.0 3.0 
1108447 1983 6 14 82 4.0 2.0 4.0 5.0 9.0 9.0 9.0 9.0 10.0 9.0 10.0 10.0 10.0 10.0 10.0 10.0 10.0 10.0 10.0 10.0 10.0 10.0 10.0 10.0 
1108447 1983 6 15 82 10.0 10.0 10.0 10.0 10.0 9.0 9.0 9.0 9.0 9.0 9.0 9.0 9.0 9.0 7.0 6.0 7.0 6.0 6.0 4.0 4.0 7.0 8.0 8.0 
1108447 1983 6 16 82 8.0 8.0 8.0 8.0 8.0 9.0 9.0 9.0 10.0 10.0 10.0 10.0 10.0 10.0 10.0 10.0 10.0 10.0 10.0 10.0 10.0 10.0 10.0 10.0 
1108447 1983 6 17 82 10.0 10.0 10.0 10.0 10.0 10.0 9.0 9.0 9.0 9.0 10.0 9.0 6.0 7.0 6.0 5.0 8.0 9.0 8.0 9.0 8.0 9.0 9.0 5.0 
1108447 1983 6 18 82 9.0 10.0 8.0 9.0 10.0 10.0 10.0 10.0 9.0 9.0 9.0 8.0 9.0 8.0 7.0 8.0 8.0 9.0 9.0 9.0 8.0 9.0 9.0 9.0 
1108447 1983 6 19 82 9.0 7.0 7.0 8.0 9.0 8.0 9.0 9.0 9.0 9.0 9.0 7.0 4.0 5.0 8.0 7.0 5.0 7.0 8.0 9.0 9.0 4.0 7.0 6.0 
1108447 1983 6 20 82 9.0 8.0 7.0 8.0 9.0 8.0 8.0 9.0 9.0 9.0 9.0 9.0 9.0 10.0 10.0 7.0 8.0 8.0 9.0 9.0 9.0 9.0 8.0 5.0 
1108447 1983 6 21 82 2.0 2.0 1.0 1.0 1.0 7.0 7.0 3.0 3.0 7.0 6.0 3.0 3.0 3.0 1.0 1.0 1.0 1.0 1.0 2.0 2.0 2.0 3.0 1.0 
1108447 1983 6 22 82 1.0 0.0 1.0 5.0 7.0 7.0 7.0 9.0 9.0 10.0 9.0 9.0 10.0 10.0 10.0 10.0 10.0 10.0 10.0 10.0 10.0 10.0 10.0 10.0 
1108447 1983 6 23 82 10.0 10.0 8.0 8.0 9.0 8.0 8.0 7.0 8.0 9.0 9.0 9.0 9.0 9.0 9.0 9.0 9.0 5.0 9.0 9.0 9.0 6.0 8.0 3.0 
1108447 1983 6 24 82 4.0 7.0 8.0 8.0 9.0 8.0 9.0 9.0 9.0 9.0 10.0 10.0 10.0 10.0 9.0 8.0 8.0 9.0 9.0 9.0 10.0 10.0 10.0 10.0 
1108447 1983 6 25 82 10.0 10.0 10.0 10.0 10.0 10.0 10.0 9.0 10.0 10.0 10.0 10.0 10.0 10.0 10.0 10.0 10.0 10.0 10.0 9.0 9.0 10.0 10.0 10.0 
1108447 1983 6 26 82 10.0 10.0 9.0 9.0 9.0 9.0 9.0 9.0 10.0 9.0 9.0 6.0 6.0 9.0 9.0 8.0 6.0 2.0 1.0 1.0 2.0 2.0 2.0 1.0 
1108447 1983 6 27 82 0.0 1.0 1.0 1.0 0.0 1.0 0.0 7.0 8.0 4.0 1.0 1.0 1.0 3.0 3.0 5.0 3.0 3.0 3.0 4.0 3.0 2.0 2.0 1.0 
1108447 1983 6 28 82 3.0 5.0 2.0 3.0 5.0 3.0 4.0 7.0 8.0 9.0 9.0 9.0 10.0 10.0 10.0 10.0 10.0 10.0 10.0 10.0 10.0 10.0 10.0 10.0 
1108447 1983 6 29 82 9.0 9.0 9.0 10.0 10.0 10.0 10.0 10.0 9.0 9.0 9.0 9.0 8.0 8.0 8.0 5.0 6.0 8.0 6.0 6.0 6.0 7.0 8.0 9.0 
1108447 1983 6 30 82 7.0 4.0 3.0 1.0 3.0 3.0 9.0 9.0 6.0 7.0 5.0 4.0 6.0 6.0 7.0 9.0 10.0 10.0 10.0 10.0 10.0 10.0 10.0 10.0 
1108447 1983 7 1 82 9.0 10.0 10.0 10.0 10.0 10.0 10.0 10.0 10.0 10.0 10.0 10.0 10.0 10.0 10.0 10.0 10.0 10.0 9.0 9.0 9.0 9.0 8.0 8.0 
1108447 1983 7 2 82 8.0 9.0 9.0 10.0 10.0 10.0 9.0 9.0 9.0 9.0 9.0 9.0 9.0 9.0 9.0 9.0 9.0 9.0 9.0 9.0 9.0 9.0 9.0 9.0 
1108447 1983 7 3 82 9.0 4.0 3.0 6.0 5.0 8.0 9.0 7.0 8.0 8.0 6.0 6.0 7.0 8.0 6.0 5.0 9.0 10.0 9.0 9.0 9.0 8.0 9.0 9.0 
1108447 1983 7 4 82 10.0 10.0 10.0 9.0 7.0 9.0 9.0 7.0 9.0 9.0 9.0 9.0 8.0 8.0 8.0 8.0 8.0 9.0 9.0 8.0 7.0 8.0 8.0 8.0 
1108447 1983 7 5 82 8.0 9.0 9.0 9.0 9.0 9.0 9.0 9.0 9.0 9.0 10.0 10.0 9.0 9.0 9.0 9.0 10.0 10.0 10.0 7.0 7.0 10.0 6.0 5.0 
1108447 1983 7 6 82 3.0 9.0 9.0 10.0 10.0 10.0 10.0 10.0 10.0 10.0 10.0 10.0 9.0 10.0 10.0 9.0 9.0 5.0 4.0 4.0 3.0 3.0 6.0 6.0 
1108447 1983 7 7 82 6.0 8.0 5.0 8.0 8.0 10.0 10.0 10.0 10.0 9.0 10.0 10.0 10.0 9.0 9.0 9.0 7.0 7.0 4.0 4.0 3.0 2.0 3.0 0.0 
1108447 1983 7 8 82 0.0 0.0 0.0 1.0 1.0 4.0 5.0 5.0 3.0 5.0 5.0 3.0 4.0 7.0 1.0 2.0 3.0 3.0 3.0 3.0 2.0 2.0 2.0 0.0 
1108447 1983 7 9 82 0.0 0.0 1.0 1.0 5.0 6.0 8.0 9.0 9.0 7.0 8.0 6.0 3.0 7.0 5.0 8.0 8.0 9.0 9.0 9.0 10.0 10.0 10.0 10.0 
1108447 1983 7 10 82 10.0 10.0 10.0 9.0 10.0 10.0 10.0 10.0 10.0 10.0 10.0 10.0 10.0 10.0 10.0 10.0 10.0 10.0 10.0 10.0 10.0 10.0 10.0 10.0 
1108447 1983 7 11 82 10.0 10.0 10.0 10.0 10.0 10.0 10.0 10.0 10.0 10.0 10.0 10.0 10.0 10.0 10.0 10.0 10.0 10.0 10.0 10.0 10.0 10.0 10.0 10.0 
1108447 1983 7 12 82 10.0 10.0 10.0 10.0 10.0 9.0 9.0 9.0 9.0 9.0 9.0 9.0 9.0 10.0 10.0 10.0 10.0 10.0 10.0 10.0 10.0 10.0 10.0 10.0 
1108447 1983 7 13 82 10.0 10.0 10.0 10.0 10.0 10.0 10.0 9.0 9.0 9.0 9.0 9.0 5.0 6.0 7.0 4.0 4.0 3.0 2.0 3.0 4.0 3.0 6.0 7.0 
1108447 1983 7 14 82 9.0 9.0 9.0 10.0 10.0 10.0 10.0 9.0 9.0 8.0 9.0 9.0 9.0 10.0 10.0 10.0 10.0 10.0 10.0 9.0 9.0 9.0 10.0 10.0 
1108447 1983 7 15 82 10.0 10.0 10.0 9.0 9.0 9.0 6.0 9.0 9.0 10.0 10.0 10.0 9.0 10.0 9.0 9.0 9.0 9.0 9.0 8.0 8.0 8.0 8.0 8.0 
1108447 1983 7 16 82 7.0 2.0 0.0 1.0 1.0 1.0 1.0 9.0 3.0 3.0 6.0 8.0 8.0 9.0 9.0 7.0 7.0 8.0 6.0 6.0 5.0 4.0 4.0 3.0 
1108447 1983 7 17 82 2.0 6.0 2.0 2.0 2.0 2.0 2.0 1.0 1.0 0.0 1.0 1.0 1.0 1.0 1.0 1.0 1.0 2.0 5.0 7.0 5.0 7.0 7.0 5.0 
1108447 1983 7 18 82 0.0 0.0 0.0 0.0 0.0 0.0 0.0 0.0 0.0 0.0 0.0 0.0 0.0 1.0 1.0 1.0 1.0 0.0 0.0 1.0 0.0 0.0 0.0 0.0 
1108447 1983 7 19 82 0.0 0.0 0.0 1.0 7.0 2.0 1.0 2.0 4.0 4.0 10.0 10.0 10.0 10.0 10.0 10.0 10.0 10.0 10.0 9.0 9.0 8.0 8.0 5.0 
1108447 1983 7 20 82 3.0 8.0 7.0 5.0 7.0 8.0 9.0 9.0 8.0 9.0 8.0 8.0 8.0 9.0 9.0 9.0 9.0 9.0 10.0 10.0 10.0 9.0 10.0 10.0 
1108447 1983 7 21 82 9.0 10.0 10.0 10.0 9.0 10.0 9.0 9.0 9.0 10.0 9.0 9.0 8.0 4.0 4.0 4.0 8.0 6.0 7.0 4.0 3.0 3.0 4.0 3.0 
1108447 1983 7 22 82 2.0 2.0 2.0 2.0 5.0 7.0 9.0 9.0 9.0 7.0 9.0 7.0 5.0 3.0 3.0 2.0 1.0 1.0 0.0 0.0 0.0 0.0 0.0 0.0 
1108447 1983 7 23 82 0.0 0.0 0.0 0.0 2.0 3.0 4.0 2.0 2.0 3.0 5.0 6.0 6.0 9.0 8.0 8.0 8.0 8.0 7.0 7.0 3.0 3.0 1.0 1.0 
1108447 1983 7 24 82 1.0 1.0 2.0 8.0 9.0 9.0 9.0 9.0 8.0 9.0 10.0 9.0 9.0 9.0 4.0 7.0 7.0 4.0 3.0 4.0 8.0 9.0 10.0 10.0 
1108447 1983 7 25 82 10.0 10.0 10.0 10.0 10.0 9.0 9.0 9.0 9.0 9.0 9.0 9.0 9.0 9.0 9.0 9.0 8.0 8.0 7.0 5.0 4.0 3.0 4.0 2.0 
1108447 1983 7 26 82 8.0 9.0 9.0 9.0 9.0 9.0 10.0 9.0 10.0 10.0 10.0 10.0 10.0 9.0 9.0 10.0 10.0 10.0 10.0 10.0 10.0 10.0 10.0 10.0 
1108447 1983 7 27 82 10.0 10.0 10.0 10.0 10.0 10.0 10.0 10.0 10.0 10.0 10.0 10.0 10.0 9.0 10.0 9.0 8.0 10.0 10.0 10.0 9.0 9.0 10.0 10.0 
1108447 1983 7 28 82 10.0 10.0 9.0 9.0 9.0 9.0 9.0 9.0 9.0 9.0 9.0 9.0 8.0 8.0 7.0 5.0 4.0 2.0 1.0 1.0 1.0 0.0 0.0 0.0 
1108447 1983 7 29 82 0.0 0.0 0.0 0.0 1.0 4.0 4.0 6.0 2.0 0.0 1.0 0.0 0.0 1.0 2.0 1.0 1.0 1.0 1.0 0.0 0.0 0.0 0.0 0.0 
1108447 1983 7 30 82 0.0 0.0 0.0 0.0 0.0 0.0 0.0 0.0 0.0 0.0 0.0 0.0 0.0 0.0 0.0 0.0 0.0 0.0 0.0 0.0 1.0 2.0 2.0 1.0 
1108447 1983 7 31 82 0.0 0.0 1.0 3.0 7.0 7.0 3.0 1.0 1.0 1.0 1.0 1.0 2.0 3.0 4.0 6.0 6.0 5.0 4.0 3.0 3.0 6.0 2.0 3.0 
1108447 1983 8 1 82 3.0 6.0 4.0 3.0 4.0 6.0 10.0 10.0 10.0 9.0 10.0 9.0 9.0 5.0 3.0 3.0 5.0 8.0 8.0 8.0 8.0 7.0 3.0 1.0 
1108447 1983 8 2 82 2.0 6.0 10.0 10.0 10.0 10.0 10.0 10.0 10.0 10.0 10.0 10.0 10.0 10.0 10.0 10.0 10.0 10.0 9.0 9.0 9.0 9.0 8.0 9.0 
1108447 1983 8 3 82 9.0 8.0 8.0 9.0 8.0 8.0 7.0 7.0 2.0 2.0 2.0 3.0 4.0 7.0 8.0 3.0 2.0 5.0 8.0 5.0 4.0 3.0 2.0 2.0 
1108447 1983 8 4 82 2.0 0.0 2.0 2.0 7.0 6.0 9.0 8.0 9.0 9.0 3.0 2.0 2.0 3.0 3.0 5.0 8.0 9.0 9.0 9.0 9.0 10.0 10.0 7.0 
1108447 1983 8 5 82 9.0 5.0 3.0 8.0 8.0 6.0 10.0 8.0 6.0 7.0 8.0 3.0 4.0 4.0 2.0 2.0 4.0 5.0 4.0 6.0 6.0 6.0 10.0 9.0 
1108447 1983 8 6 82 9.0 9.0 9.0 10.0 10.0 10.0 10.0 10.0 10.0 9.0 8.0 8.0 9.0 7.0 3.0 4.0 3.0 3.0 3.0 2.0 3.0 2.0 1.0 0.0 
1108447 1983 8 7 82 0.0 0.0 0.0 0.0 0.0 0.0 0.0 0.0 0.0 0.0 0.0 1.0 2.0 4.0 4.0 6.0 8.0 8.0 9.0 9.0 9.0 9.0 9.0 7.0 
1108447 1983 8 8 82 8.0 7.0 7.0 4.0 8.0 3.0 4.0 2.0 2.0 1.0 1.0 4.0 4.0 3.0 3.0 1.0 1.0 1.0 1.0 1.0 2.0 2.0 3.0 1.0 
1108447 1983 8 9 82 0.0 0.0 0.0 0.0 3.0 5.0 6.0 8.0 7.0 1.0 0.0 0.0 0.0 0.0 0.0 0.0 2.0 5.0 5.0 6.0 7.0 8.0 8.0 8.0 
1108447 1983 8 10 82 8.0 7.0 9.0 8.0 7.0 4.0 3.0 2.0 5.0 9.0 5.0 9.0 10.0 10.0 10.0 10.0 10.0 9.0 10.0 10.0 10.0 10.0 10.0 10.0 
1108447 1983 8 11 82 10.0 10.0 10.0 10.0 10.0 10.0 10.0 10.0 10.0 10.0 10.0 10.0 10.0 10.0 10.0 10.0 9.0 6.0 4.0 8.0 8.0 9.0 10.0 10.0 
1108447 1983 8 12 82 10.0 10.0 10.0 9.0 9.0 9.0 9.0 9.0 9.0 9.0 7.0 5.0 4.0 3.0 2.0 1.0 0.0 0.0 0.0 0.0 0.0 0.0 0.0 0.0 
1108447 1983 8 13 82 0.0 0.0 0.0 0.0 0.0 0.0 0.0 0.0 0.0 0.0 0.0 0.0 0.0 0.0 0.0 0.0 0.0 1.0 1.0 1.0 2.0 2.0 1.0 0.0 
1108447 1983 8 14 82 1.0 0.0 0.0 0.0 1.0 3.0 1.0 0.0 0.0 0.0 0.0 0.0 1.0 1.0 0.0 0.0 0.0 0.0 0.0 0.0 0.0 0.0 0.0 0.0 
1108447 1983 8 15 82 0.0 0.0 0.0 0.0 0.0 1.0 0.0 0.0 0.0 1.0 0.0 0.0 0.0 0.0 0.0 0.0 1.0 1.0 2.0 3.0 2.0 0.0 0.0 0.0 
1108447 1983 8 16 82 0.0 0.0 0.0 0.0 1.0 7.0 9.0 9.0 9.0 9.0 9.0 8.0 7.0 5.0 3.0 1.0 0.0 0.0 0.0 1.0 6.0 9.0 9.0 8.0 
1108447 1983 8 17 82 8.0 5.0 3.0 3.0 1.0 3.0 9.0 9.0 9.0 8.0 6.0 1.0 1.0 1.0 0.0 1.0 2.0 6.0 7.0 7.0 7.0 8.0 6.0 3.0 
1108447 1983 8 18 82 1.0 2.0 3.0 4.0 6.0 2.0 0.0 0.0 0.0 0.0 0.0 0.0 0.0 0.0 0.0 0.0 0.0 0.0 0.0 0.0 0.0 0.0 0.0 0.0 
1108447 1983 8 19 82 0.0 0.0 0.0 0.0 0.0 0.0 0.0 1.0 4.0 4.0 3.0 1.0 1.0 1.0 2.0 1.0 1.0 1.0 1.0 1.0 1.0 0.0 0.0 0.0 
1108447 1983 8 20 82 0.0 0.0 0.0 4.0 3.0 5.0 2.0 1.0 0.0 0.0 0.0 0.0 0.0 1.0 1.0 0.0 0.0 0.0 0.0 0.0 0.0 0.0 0.0 0.0 
1108447 1983 8 21 82 0.0 0.0 0.0 0.0 0.0 0.0 0.0 0.0 0.0 0.0 0.0 0.0 0.0 0.0 0.0 0.0 0.0 0.0 0.0 0.0 0.0 0.0 0.0 0.0 
1108447 1983 8 22 82 0.0 0.0 0.0 0.0 0.0 0.0 1.0 1.0 0.0 1.0 1.0 0.0 0.0 0.0 0.0 1.0 2.0 1.0 1.0 1.0 1.0 0.0 0.0 0.0 
1108447 1983 8 23 82 0.0 1.0 1.0 1.0 0.0 1.0 1.0 3.0 9.0 10.0 10.0 10.0 10.0 10.0 8.0 8.0 7.0 5.0 3.0 3.0 8.0 4.0 4.0 9.0 
1108447 1983 8 24 82 9.0 10.0 10.0 10.0 10.0 9.0 6.0 4.0 4.0 8.0 9.0 7.0 6.0 4.0 3.0 3.0 2.0 1.0 1.0 1.0 1.0 0.0 0.0 1.0 
1108447 1983 8 25 82 0.0 0.0 2.0 9.0 10.0 9.0 9.0 8.0 10.0 9.0 8.0 8.0 6.0 7.0 9.0 8.0 8.0 8.0 9.0 9.0 9.0 9.0 10.0 7.0 
1108447 1983 8 26 82 6.0 4.0 2.0 0.0 4.0 4.0 5.0 6.0 6.0 7.0 7.0 6.0 3.0 2.0 2.0 3.0 7.0 7.0 9.0 10.0 9.0 8.0 10.0 9.0 
1108447 1983 8 27 82 9.0 10.0 10.0 10.0 9.0 8.0 8.0 9.0 10.0 10.0 5.0 9.0 9.0 9.0 9.0 9.0 8.0 8.0 8.0 9.0 9.0 7.0 8.0 9.0 
1108447 1983 8 28 82 10.0 9.0 9.0 10.0 8.0 9.0 10.0 10.0 10.0 10.0 10.0 10.0 10.0 10.0 10.0 10.0 10.0 10.0 10.0 10.0 10.0 10.0 10.0 10.0 
1108447 1983 8 29 82 10.0 10.0 10.0 10.0 10.0 10.0 9.0 7.0 8.0 8.0 8.0 8.0 9.0 10.0 10.0 9.0 7.0 9.0 9.0 8.0 9.0 10.0 10.0 10.0 
1108447 1983 8 30 82 10.0 10.0 10.0 10.0 10.0 10.0 10.0 9.0 9.0 9.0 9.0 8.0 5.0 8.0 9.0 9.0 9.0 10.0 9.0 8.0 7.0 7.0 8.0 3.0 
1108447 1983 8 31 82 2.0 1.0 9.0 9.0 9.0 10.0 10.0 9.0 9.0 10.0 10.0 8.0 6.0 5.0 4.0 6.0 8.0 8.0 4.0 4.0 3.0 7.0 8.0 8.0 
1108447 1983 9 1 82 8.0 10.0 10.0 10.0 10.0 10.0 10.0 10.0 10.0 10.0 10.0 10.0 10.0 10.0 10.0 10.0 10.0 10.0 10.0 10.0 10.0 10.0 10.0 10.0 
1108447 1983 9 2 82 10.0 10.0 10.0 10.0 10.0 10.0 9.0 9.0 8.0 10.0 9.0 9.0 9.0 9.0 9.0 10.0 10.0 10.0 10.0 10.0 10.0 10.0 10.0 10.0 
1108447 1983 9 3 82 10.0 10.0 10.0 10.0 10.0 10.0 10.0 9.0 8.0 9.0 9.0 6.0 9.0 8.0 4.0 8.0 6.0 5.0 6.0 3.0 8.0 8.0 6.0 10.0 
1108447 1983 9 4 82 10.0 10.0 10.0 10.0 10.0 10.0 9.0 9.0 9.0 9.0 8.0 7.0 4.0 6.0 6.0 4.0 4.0 8.0 5.0 5.0 4.0 3.0 2.0 2.0 
1108447 1983 9 5 82 1.0 0.0 1.0 1.0 1.0 1.0 1.0 1.0 2.0 4.0 4.0 2.0 2.0 1.0 2.0 5.0 4.0 8.0 6.0 9.0 9.0 9.0 5.0 5.0 
1108447 1983 9 6 82 8.0 9.0 8.0 9.0 9.0 9.0 9.0 10.0 10.0 10.0 9.0 9.0 9.0 9.0 9.0 8.0 8.0 8.0 5.0 5.0 5.0 4.0 7.0 9.0 
1108447 1983 9 7 82 7.0 3.0 1.0 9.0 3.0 2.0 2.0 3.0 6.0 7.0 6.0 7.0 6.0 7.0 5.0 5.0 3.0 5.0 3.0 2.0 3.0 4.0 3.0 0.0 
1108447 1983 9 8 82 0.0 2.0 1.0 3.0 4.0 8.0 9.0 9.0 8.0 5.0 7.0 8.0 7.0 6.0 7.0 8.0 8.0 8.0 7.0 3.0 0.0 0.0 0.0 1.0 
1108447 1983 9 9 82 1.0 1.0 1.0 9.0 5.0 9.0 9.0 9.0 9.0 9.0 9.0 8.0 7.0 6.0 5.0 8.0 9.0 10.0 10.0 10.0 10.0 10.0 10.0 7.0 
1108447 1983 9 10 82 10.0 10.0 10.0 10.0 10.0 10.0 10.0 10.0 10.0 10.0 10.0 10.0 10.0 10.0 10.0 10.0 10.0 10.0 10.0 10.0 10.0 9.0 10.0 9.0 
1108447 1983 9 11 82 8.0 10.0 8.0 8.0 9.0 10.0 9.0 9.0 9.0 9.0 9.0 9.0 10.0 9.0 9.0 9.0 9.0 9.0 9.0 9.0 8.0 3.0 2.0 1.0 
1108447 1983 9 12 82 1.0 1.0 1.0 0.0 2.0 3.0 3.0 3.0 2.0 2.0 2.0 2.0 4.0 4.0 4.0 3.0 5.0 6.0 5.0 5.0 3.0 1.0 2.0 0.0 
1108447 1983 9 13 82 1.0 2.0 0.0 2.0 2.0 2.0 2.0 2.0 2.0 4.0 6.0 8.0 8.0 2.0 2.0 1.0 1.0 1.0 1.0 5.0 4.0 2.0 0.0 1.0 
1108447 1983 9 14 82 2.0 3.0 4.0 4.0 5.0 8.0 7.0 9.0 9.0 9.0 8.0 3.0 5.0 6.0 2.0 3.0 2.0 1.0 4.0 3.0 2.0 0.0 0.0 1.0 
1108447 1983 9 15 82 1.0 1.0 1.0 1.0 1.0 3.0 4.0 5.0 6.0 9.0 8.0 9.0 9.0 9.0 9.0 9.0 9.0 9.0 9.0 10.0 10.0 9.0 9.0 9.0 
1108447 1983 9 16 82 8.0 9.0 9.0 9.0 6.0 9.0 9.0 9.0 8.0 8.0 8.0 8.0 7.0 6.0 5.0 3.0 6.0 9.0 9.0 6.0 3.0 7.0 9.0 9.0 
1108447 1983 9 17 82 9.0 5.0 0.0 0.0 0.0 3.0 8.0 10.0 7.0 8.0 4.0 5.0 9.0 9.0 9.0 10.0 10.0 10.0 10.0 10.0 10.0 10.0 10.0 10.0 
1108447 1983 9 18 82 10.0 10.0 10.0 10.0 10.0 10.0 10.0 9.0 9.0 8.0 5.0 4.0 4.0 3.0 3.0 1.0 2.0 1.0 0.0 0.0 0.0 0.0 0.0 0.0 
1108447 1983 9 19 82 0.0 0.0 0.0 0.0 0.0 0.0 0.0 0.0 1.0 0.0 0.0 0.0 0.0 1.0 0.0 2.0 1.0 0.0 2.0 1.0 0.0 0.0 3.0 1.0 
1108447 1983 9 20 82 1.0 1.0 1.0 1.0 0.0 0.0 0.0 0.0 0.0 0.0 0.0 0.0 0.0 0.0 0.0 2.0 2.0 2.0 2.0 2.0 2.0 2.0 0.0 0.0 
1108447 1983 9 21 82 0.0 0.0 0.0 0.0 0.0 0.0 0.0 0.0 0.0 0.0 0.0 0.0 0.0 0.0 0.0 0.0 0.0 0.0 0.0 0.0 0.0 0.0 0.0 0.0 
1108447 1983 9 22 82 0.0 0.0 0.0 0.0 0.0 0.0 0.0 0.0 0.0 0.0 0.0 0.0 0.0 0.0 0.0 0.0 0.0 3.0 2.0 2.0 0.0 0.0 0.0 0.0 
1108447 1983 9 23 82 0.0 0.0 0.0 0.0 0.0 0.0 6.0 10.0 10.0 7.0 1.0 0.0 0.0 0.0 1.0 2.0 3.0 7.0 6.0 7.0 7.0 8.0 8.0 8.0 
1108447 1983 9 24 82 9.0 9.0 4.0 2.0 3.0 4.0 4.0 9.0 9.0 8.0 7.0 6.0 8.0 9.0 8.0 8.0 5.0 8.0 9.0 8.0 9.0 9.0 9.0 9.0 
1108447 1983 9 25 82 9.0 8.0 9.0 4.0 9.0 9.0 10.0 10.0 10.0 10.0 9.0 5.0 4.0 5.0 4.0 3.0 8.0 8.0 7.0 6.0 3.0 6.0 8.0 6.0 
1108447 1983 9 26 82 6.0 2.0 8.0 8.0 8.0 9.0 9.0 9.0 10.0 10.0 10.0 10.0 10.0 10.0 10.0 10.0 10.0 10.0 9.0 7.0 7.0 2.0 2.0 2.0 
1108447 1983 9 27 82 2.0 2.0 2.0 4.0 4.0 4.0 4.0 2.0 2.0 3.0 3.0 2.0 7.0 2.0 2.0 3.0 7.0 5.0 7.0 7.0 4.0 3.0 7.0 5.0 
1108447 1983 9 28 82 5.0 5.0 6.0 2.0 6.0 8.0 2.0 2.0 1.0 7.0 5.0 3.0 2.0 1.0 1.0 0.0 1.0 0.0 1.0 1.0 1.0 0.0 0.0 0.0 
1108447 1983 9 29 82 0.0 0.0 0.0 0.0 0.0 0.0 0.0 1.0 1.0 1.0 0.0 0.0 0.0 0.0 0.0 0.0 1.0 0.0 0.0 0.0 0.0 0.0 0.0 0.0 
1108447 1983 9 30 82 0.0 0.0 0.0 0.0 0.0 0.0 0.0 0.0 0.0 0.0 0.0 0.0 0.0 0.0 0.0 0.0 0.0 0.0 0.0 0.0 0.0 0.0 0.0 0.0 
1108447 1983 10 1 82 0.0 0.0 0.0 0.0 3.0 0.0 3.0 6.0 9.0 6.0 6.0 8.0 9.0 10.0 10.0 10.0 10.0 9.0 9.0 10.0 10.0 10.0 10.0 9.0 
1108447 1983 10 2 82 9.0 8.0 6.0 9.0 9.0 9.0 9.0 9.0 9.0 4.0 7.0 9.0 9.0 10.0 10.0 10.0 10.0 10.0 10.0 10.0 10.0 10.0 10.0 10.0 
1108447 1983 10 3 82 10.0 10.0 10.0 10.0 10.0 10.0 10.0 10.0 10.0 10.0 10.0 10.0 10.0 10.0 10.0 10.0 10.0 10.0 10.0 10.0 10.0 10.0 9.0 2.0 
1108447 1983 10 4 82 9.0 7.0 3.0 4.0 8.0 8.0 3.0 2.0 1.0 1.0 2.0 1.0 1.0 1.0 1.0 2.0 4.0 5.0 2.0 1.0 0.0 0.0 0.0 0.0 
1108447 1983 10 5 82 0.0 0.0 1.0 0.0 3.0 1.0 7.0 8.0 7.0 7.0 8.0 6.0 5.0 4.0 3.0 3.0 5.0 4.0 7.0 5.0 8.0 9.0 9.0 8.0 
1108447 1983 10 6 82 6.0 8.0 9.0 9.0 9.0 9.0 10.0 9.0 10.0 9.0 10.0 9.0 7.0 4.0 3.0 2.0 2.0 1.0 1.0 1.0 1.0 0.0 0.0 0.0 
1108447 1983 10 7 82 0.0 0.0 0.0 0.0 1.0 6.0 6.0 3.0 2.0 1.0 1.0 2.0 3.0 7.0 10.0 10.0 10.0 10.0 10.0 10.0 9.0 9.0 9.0 10.0 
1108447 1983 10 8 82 8.0 7.0 8.0 9.0 8.0 7.0 9.0 9.0 9.0 9.0 10.0 10.0 9.0 9.0 8.0 7.0 9.0 9.0 9.0 9.0 8.0 9.0 9.0 8.0 
1108447 1983 10 9 82 7.0 2.0 0.0 0.0 0.0 0.0 2.0 8.0 9.0 9.0 5.0 5.0 3.0 5.0 6.0 7.0 5.0 4.0 3.0 2.0 1.0 1.0 0.0 0.0 
1108447 1983 10 10 82 0.0 5.0 3.0 8.0 8.0 8.0 8.0 7.0 9.0 9.0 9.0 4.0 2.0 1.0 1.0 1.0 1.0 3.0 6.0 1.0 0.0 0.0 0.0 0.0 
1108447 1983 10 11 82 0.0 0.0 4.0 0.0 1.0 0.0 1.0 1.0 1.0 0.0 1.0 2.0 1.0 0.0 1.0 0.0 0.0 0.0 0.0 0.0 0.0 0.0 0.0 0.0 
1108447 1983 10 12 82 0.0 0.0 0.0 0.0 0.0 3.0 8.0 8.0 8.0 10.0 9.0 7.0 3.0 4.0 5.0 8.0 8.0 9.0 9.0 8.0 7.0 6.0 7.0 8.0 
1108447 1983 10 13 82 9.0 8.0 8.0 8.0 10.0 10.0 10.0 10.0 10.0 10.0 10.0 10.0 10.0 10.0 10.0 10.0 10.0 10.0 10.0 10.0 10.0 10.0 10.0 10.0 
1108447 1983 10 14 82 10.0 10.0 10.0 10.0 10.0 9.0 9.0 9.0 9.0 9.0 3.0 2.0 3.0 3.0 2.0 3.0 3.0 3.0 3.0 3.0 7.0 9.0 9.0 8.0 
1108447 1983 10 15 82 5.0 3.0 2.0 7.0 2.0 9.0 9.0 8.0 8.0 8.0 4.0 3.0 4.0 4.0 4.0 3.0 3.0 7.0 7.0 7.0 3.0 8.0 9.0 7.0 
1108447 1983 10 16 82 5.0 5.0 4.0 4.0 6.0 5.0 6.0 7.0 8.0 8.0 10.0 10.0 10.0 10.0 10.0 10.0 10.0 10.0 10.0 10.0 10.0 10.0 10.0 10.0 
1108447 1983 10 17 82 10.0 10.0 10.0 10.0 10.0 10.0 10.0 10.0 10.0 9.0 7.0 9.0 9.0 8.0 4.0 4.0 3.0 7.0 9.0 5.0 3.0 2.0 5.0 3.0 
1108447 1983 10 18 82 3.0 2.0 2.0 3.0 4.0 8.0 4.0 5.0 8.0 10.0 10.0 10.0 9.0 10.0 10.0 10.0 10.0 10.0 10.0 10.0 10.0 10.0 10.0 10.0 
1108447 1983 10 19 82 10.0 10.0 10.0 10.0 10.0 10.0 10.0 10.0 10.0 10.0 10.0 10.0 10.0 10.0 9.0 10.0 10.0 10.0 10.0 10.0 10.0 10.0 10.0 10.0 
1108447 1983 10 20 82 10.0 10.0 10.0 10.0 9.0 10.0 9.0 9.0 5.0 9.0 9.0 9.0 9.0 8.0 8.0 9.0 10.0 10.0 10.0 10.0 10.0 10.0 10.0 10.0 
1108447 1983 10 21 82 10.0 10.0 10.0 10.0 10.0 10.0 9.0 9.0 9.0 10.0 10.0 10.0 10.0 10.0 10.0 10.0 10.0 10.0 10.0 10.0 10.0 10.0 10.0 10.0 
1108447 1983 10 22 82 10.0 9.0 9.0 10.0 10.0 9.0 9.0 9.0 9.0 9.0 7.0 4.0 9.0 9.0 9.0 7.0 7.0 5.0 5.0 7.0 5.0 8.0 5.0 2.0 
1108447 1983 10 23 82 1.0 5.0 1.0 1.0 1.0 1.0 0.0 3.0 4.0 7.0 8.0 7.0 5.0 3.0 4.0 3.0 4.0 2.0 2.0 0.0 0.0 1.0 1.0 2.0 
1108447 1983 10 24 82 1.0 2.0 4.0 7.0 8.0 8.0 9.0 10.0 10.0 10.0 10.0 10.0 10.0 10.0 10.0 10.0 10.0 10.0 10.0 10.0 10.0 10.0 10.0 10.0 
1108447 1983 10 25 82 10.0 10.0 10.0 10.0 10.0 10.0 10.0 10.0 10.0 10.0 10.0 10.0 10.0 10.0 10.0 10.0 9.0 9.0 9.0 9.0 9.0 9.0 9.0 9.0 
1108447 1983 10 26 82 9.0 10.0 10.0 9.0 10.0 9.0 10.0 10.0 10.0 10.0 10.0 9.0 10.0 10.0 10.0 10.0 10.0 10.0 10.0 10.0 10.0 10.0 10.0 10.0 
1108447 1983 10 27 82 10.0 10.0 10.0 10.0 8.0 9.0 2.0 2.0 7.0 4.0 5.0 9.0 5.0 5.0 3.0 3.0 3.0 2.0 3.0 1.0 0.0 0.0 0.0 0.0 
1108447 1983 10 28 82 0.0 0.0 0.0 0.0 2.0 2.0 5.0 7.0 6.0 3.0 3.0 3.0 6.0 5.0 4.0 3.0 3.0 8.0 8.0 8.0 2.0 8.0 5.0 4.0 
1108447 1983 10 29 82 4.0 3.0 1.0 6.0 8.0 7.0 7.0 10.0 7.0 8.0 8.0 8.0 8.0 6.0 9.0 9.0 10.0 10.0 10.0 10.0 10.0 10.0 10.0 10.0 
1108447 1983 10 30 82 10.0 10.0 10.0 10.0 10.0 10.0 10.0 10.0 10.0 10.0 10.0 10.0 10.0 10.0 10.0 10.0 10.0 9.0 10.0 10.0 10.0 10.0 10.0 10.0 
1108447 1983 10 31 82 9.0 4.0 4.0 2.0 1.0 1.0 1.0 1.0 1.0 1.0 1.0 2.0 2.0 1.0 1.0 4.0 5.0 5.0 4.0 4.0 3.0 1.0 1.0 1.0 
1108447 1983 11 1 82 9.0 7.0 8.0 9.0 10.0 10.0 10.0 10.0 10.0 10.0 10.0 10.0 10.0 10.0 10.0 10.0 10.0 9.0 10.0 10.0 10.0 10.0 10.0 10.0 
1108447 1983 11 2 82 10.0 10.0 10.0 10.0 10.0 10.0 10.0 10.0 10.0 9.0 3.0 3.0 9.0 9.0 7.0 9.0 9.0 10.0 10.0 10.0 10.0 10.0 10.0 10.0 
1108447 1983 11 3 82 10.0 10.0 10.0 5.0 7.0 7.0 8.0 8.0 9.0 9.0 9.0 10.0 10.0 10.0 9.0 10.0 10.0 10.0 10.0 10.0 8.0 8.0 8.0 8.0 
1108447 1983 11 4 82 7.0 6.0 7.0 9.0 10.0 10.0 10.0 10.0 9.0 10.0 10.0 8.0 7.0 8.0 7.0 8.0 7.0 5.0 9.0 8.0 9.0 8.0 4.0 2.0 
1108447 1983 11 5 82 1.0 1.0 6.0 8.0 9.0 9.0 9.0 9.0 9.0 10.0 10.0 10.0 10.0 10.0 10.0 10.0 10.0 10.0 10.0 10.0 10.0 10.0 10.0 10.0 
1108447 1983 11 6 82 10.0 9.0 9.0 10.0 6.0 4.0 8.0 9.0 9.0 9.0 9.0 9.0 9.0 8.0 9.0 9.0 9.0 10.0 10.0 10.0 10.0 10.0 10.0 10.0 
1108447 1983 11 7 82 10.0 10.0 10.0 10.0 9.0 9.0 9.0 9.0 9.0 9.0 10.0 9.0 9.0 9.0 9.0 9.0 7.0 9.0 6.0 3.0 3.0 8.0 9.0 6.0 
1108447 1983 11 8 82 4.0 8.0 9.0 8.0 6.0 4.0 9.0 10.0 10.0 10.0 10.0 10.0 9.0 9.0 10.0 10.0 10.0 10.0 10.0 10.0 10.0 10.0 10.0 10.0 
1108447 1983 11 9 82 10.0 10.0 10.0 10.0 10.0 10.0 8.0 9.0 9.0 9.0 9.0 9.0 9.0 5.0 9.0 9.0 10.0 9.0 8.0 7.0 9.0 9.0 6.0 9.0 
1108447 1983 11 10 82 7.0 9.0 9.0 10.0 10.0 10.0 10.0 10.0 10.0 10.0 10.0 10.0 10.0 10.0 10.0 9.0 9.0 9.0 10.0 10.0 5.0 8.0 9.0 10.0 
1108447 1983 11 11 82 10.0 10.0 10.0 10.0 10.0 10.0 10.0 9.0 9.0 9.0 9.0 9.0 8.0 7.0 9.0 9.0 9.0 9.0 9.0 9.0 8.0 9.0 10.0 9.0 
1108447 1983 11 12 82 9.0 10.0 10.0 10.0 10.0 10.0 10.0 10.0 10.0 10.0 10.0 10.0 10.0 10.0 10.0 10.0 10.0 10.0 10.0 10.0 10.0 10.0 9.0 9.0 
1108447 1983 11 13 82 6.0 8.0 4.0 2.0 6.0 7.0 9.0 9.0 10.0 10.0 10.0 10.0 10.0 10.0 10.0 10.0 10.0 10.0 10.0 10.0 10.0 10.0 10.0 10.0 
1108447 1983 11 14 82 10.0 10.0 10.0 10.0 10.0 10.0 10.0 8.0 9.0 10.0 10.0 10.0 10.0 10.0 10.0 10.0 10.0 10.0 10.0 10.0 10.0 10.0 10.0 10.0 
1108447 1983 11 15 82 10.0 10.0 10.0 10.0 10.0 10.0 10.0 10.0 10.0 10.0 10.0 10.0 10.0 10.0 10.0 10.0 10.0 10.0 10.0 10.0 10.0 10.0 10.0 10.0 
1108447 1983 11 16 82 10.0 10.0 10.0 10.0 10.0 10.0 10.0 10.0 10.0 10.0 10.0 9.0 6.0 9.0 9.0 9.0 10.0 10.0 10.0 10.0 10.0 10.0 10.0 10.0 
1108447 1983 11 17 82 10.0 10.0 10.0 10.0 10.0 10.0 10.0 9.0 9.0 10.0 10.0 10.0 9.0 9.0 9.0 10.0 10.0 10.0 10.0 10.0 10.0 10.0 10.0 10.0 
1108447 1983 11 18 82 10.0 10.0 8.0 9.0 8.0 7.0 4.0 8.0 9.0 9.0 9.0 9.0 9.0 9.0 9.0 9.0 9.0 9.0 9.0 9.0 10.0 10.0 10.0 10.0 
1108447 1983 11 19 82 10.0 10.0 10.0 10.0 10.0 10.0 10.0 10.0 10.0 10.0 9.0 10.0 10.0 10.0 10.0 10.0 10.0 10.0 10.0 10.0 10.0 10.0 10.0 10.0 
1108447 1983 11 20 82 10.0 10.0 9.0 9.0 10.0 10.0 10.0 9.0 9.0 9.0 9.0 8.0 6.0 6.0 5.0 6.0 9.0 9.0 9.0 9.0 4.0 8.0 9.0 9.0 
1108447 1983 11 21 82 9.0 10.0 10.0 10.0 10.0 10.0 9.0 9.0 9.0 9.0 9.0 9.0 9.0 9.0 9.0 9.0 9.0 9.0 9.0 9.0 9.0 9.0 9.0 9.0 
1108447 1983 11 22 82 10.0 10.0 10.0 10.0 10.0 10.0 10.0 10.0 10.0 10.0 10.0 10.0 10.0 10.0 10.0 10.0 10.0 10.0 10.0 10.0 10.0 10.0 10.0 10.0 
1108447 1983 11 23 82 10.0 10.0 10.0 10.0 10.0 10.0 9.0 9.0 9.0 9.0 9.0 9.0 9.0 10.0 10.0 10.0 10.0 10.0 10.0 10.0 10.0 10.0 10.0 10.0 
1108447 1983 11 24 82 10.0 10.0 10.0 10.0 10.0 10.0 10.0 10.0 10.0 10.0 10.0 10.0 10.0 10.0 10.0 10.0 10.0 10.0 10.0 10.0 10.0 10.0 10.0 10.0 
1108447 1983 11 25 82 10.0 10.0 9.0 3.0 2.0 4.0 4.0 9.0 9.0 9.0 9.0 9.0 9.0 9.0 10.0 10.0 10.0 9.0 10.0 9.0 9.0 6.0 10.0 9.0 
1108447 1983 11 26 82 8.0 9.0 9.0 9.0 10.0 10.0 10.0 10.0 10.0 10.0 10.0 10.0 10.0 10.0 10.0 10.0 10.0 10.0 10.0 10.0 10.0 10.0 10.0 10.0 
1108447 1983 11 27 82 10.0 10.0 10.0 10.0 10.0 10.0 10.0 10.0 10.0 10.0 10.0 10.0 10.0 10.0 10.0 10.0 10.0 10.0 10.0 10.0 10.0 10.0 9.0 10.0 
1108447 1983 11 28 82 10.0 10.0 9.0 9.0 8.0 2.0 5.0 1.0 1.0 1.0 0.0 0.0 0.0 0.0 0.0 0.0 0.0 0.0 0.0 0.0 0.0 0.0 0.0 0.0 
1108447 1983 11 29 82 0.0 0.0 0.0 0.0 0.0 0.0 0.0 0.0 0.0 0.0 0.0 0.0 0.0 0.0 0.0 0.0 0.0 0.0 0.0 0.0 0.0 0.0 0.0 0.0 
1108447 1983 11 30 82 0.0 0.0 0.0 0.0 0.0 0.0 0.0 0.0 0.0 0.0 0.0 0.0 0.0 0.0 0.0 0.0 0.0 0.0 0.0 0.0 0.0 0.0 0.0 0.0 
1108447 1983 12 1 82 0.0 0.0 0.0 0.0 0.0 0.0 0.0 0.0 0.0 0.0 0.0 0.0 0.0 0.0 0.0 0.0 1.0 2.0 2.0 1.0 2.0 7.0 5.0 8.0 
1108447 1983 12 2 82 8.0 8.0 8.0 10.0 10.0 10.0 10.0 10.0 10.0 10.0 10.0 10.0 10.0 10.0 9.0 9.0 9.0 10.0 10.0 10.0 10.0 8.0 9.0 10.0 
1108447 1983 12 3 82 10.0 10.0 10.0 10.0 10.0 10.0 10.0 10.0 5.0 2.0 1.0 1.0 1.0 1.0 1.0 0.0 0.0 1.0 0.0 0.0 0.0 0.0 2.0 0.0 
1108447 1983 12 4 82 0.0 2.0 3.0 2.0 4.0 6.0 5.0 9.0 10.0 10.0 10.0 10.0 10.0 10.0 10.0 10.0 10.0 10.0 10.0 10.0 10.0 10.0 10.0 10.0 
1108447 1983 12 5 82 10.0 10.0 10.0 10.0 9.0 9.0 9.0 10.0 9.0 9.0 9.0 9.0 9.0 9.0 9.0 9.0 8.0 8.0 8.0 8.0 9.0 9.0 10.0 10.0 
1108447 1983 12 6 82 10.0 10.0 10.0 10.0 10.0 9.0 10.0 9.0 9.0 9.0 9.0 1.0 1.0 0.0 0.0 0.0 2.0 3.0 5.0 2.0 4.0 2.0 1.0 1.0 
1108447 1983 12 7 82 0.0 0.0 0.0 0.0 0.0 6.0 7.0 3.0 2.0 2.0 6.0 8.0 9.0 9.0 10.0 10.0 10.0 10.0 10.0 10.0 10.0 10.0 10.0 10.0 
1108447 1983 12 8 82 10.0 10.0 10.0 10.0 10.0 10.0 10.0 10.0 10.0 9.0 9.0 9.0 10.0 10.0 10.0 10.0 10.0 10.0 10.0 10.0 10.0 9.0 9.0 5.0 
1108447 1983 12 9 82 9.0 9.0 10.0 10.0 10.0 10.0 10.0 10.0 10.0 10.0 10.0 10.0 10.0 10.0 10.0 10.0 10.0 10.0 10.0 10.0 10.0 10.0 10.0 10.0 
1108447 1983 12 10 82 3.0 2.0 2.0 1.0 1.0 1.0 1.0 6.0 6.0 8.0 8.0 9.0 9.0 9.0 9.0 9.0 10.0 10.0 10.0 10.0 10.0 10.0 9.0 10.0 
1108447 1983 12 11 82 9.0 10.0 10.0 10.0 9.0 10.0 9.0 8.0 9.0 9.0 9.0 8.0 9.0 7.0 4.0 5.0 5.0 8.0 7.0 6.0 8.0 7.0 8.0 6.0 
1108447 1983 12 12 82 9.0 10.0 10.0 10.0 8.0 9.0 10.0 9.0 10.0 10.0 10.0 10.0 10.0 10.0 10.0 10.0 10.0 10.0 10.0 10.0 10.0 10.0 10.0 10.0 
1108447 1983 12 13 82 10.0 10.0 10.0 9.0 10.0 9.0 7.0 4.0 4.0 3.0 6.0 5.0 3.0 3.0 7.0 9.0 9.0 9.0 10.0 10.0 10.0 10.0 10.0 10.0 
1108447 1983 12 14 82 10.0 10.0 10.0 10.0 10.0 10.0 10.0 10.0 10.0 9.0 9.0 9.0 8.0 4.0 7.0 5.0 4.0 1.0 5.0 4.0 10.0 10.0 10.0 8.0 
1108447 1983 12 15 82 7.0 2.0 2.0 1.0 1.0 8.0 5.0 3.0 3.0 2.0 2.0 3.0 2.0 6.0 4.0 2.0 2.0 8.0 3.0 2.0 7.0 7.0 9.0 6.0 
1108447 1983 12 16 82 7.0 4.0 2.0 2.0 1.0 0.0 0.0 3.0 2.0 3.0 7.0 8.0 10.0 8.0 8.0 10.0 10.0 7.0 5.0 6.0 7.0 4.0 10.0 10.0 
1108447 1983 12 17 82 10.0 10.0 9.0 3.0 2.0 0.0 0.0 1.0 7.0 7.0 8.0 9.0 10.0 10.0 9.0 10.0 10.0 10.0 10.0 10.0 10.0 10.0 10.0 10.0 
1108447 1983 12 18 82 10.0 10.0 6.0 0.0 0.0 0.0 0.0 1.0 2.0 3.0 2.0 0.0 0.0 5.0 3.0 7.0 7.0 9.0 9.0 9.0 7.0 8.0 10.0 10.0 
1108447 1983 12 19 82 10.0 10.0 10.0 10.0 6.0 3.0 2.0 1.0 1.0 1.0 1.0 1.0 1.0 1.0 1.0 1.0 1.0 1.0 1.0 1.0 2.0 7.0 4.0 5.0 
1108447 1983 12 20 82 5.0 8.0 8.0 9.0 4.0 8.0 8.0 3.0 1.0 1.0 1.0 0.0 0.0 0.0 0.0 0.0 0.0 0.0 0.0 0.0 0.0 0.0 0.0 0.0 
1108447 1983 12 21 82 0.0 0.0 0.0 0.0 0.0 0.0 0.0 0.0 0.0 1.0 1.0 1.0 1.0 1.0 1.0 1.0 1.0 1.0 0.0 0.0 0.0 0.0 0.0 0.0 
1108447 1983 12 22 82 0.0 0.0 0.0 0.0 0.0 0.0 0.0 0.0 0.0 0.0 0.0 0.0 0.0 0.0 0.0 0.0 0.0 0.0 0.0 0.0 0.0 0.0 0.0 0.0 
1108447 1983 12 23 82 0.0 0.0 0.0 0.0 0.0 0.0 0.0 0.0 1.0 1.0 1.0 1.0 0.0 0.0 0.0 0.0 0.0 0.0 0.0 0.0 0.0 0.0 0.0 0.0 
1108447 1983 12 24 82 0.0 0.0 0.0 0.0 0.0 0.0 0.0 0.0 0.0 0.0 0.0 0.0 2.0 5.0 8.0 9.0 9.0 9.0 10.0 10.0 10.0 10.0 10.0 10.0 
1108447 1983 12 25 82 10.0 10.0 10.0 10.0 10.0 10.0 10.0 10.0 9.0 8.0 9.0 9.0 9.0 9.0 10.0 9.0 9.0 9.0 9.0 10.0 10.0 10.0 10.0 10.0 
1108447 1983 12 26 82 10.0 10.0 10.0 10.0 10.0 10.0 10.0 9.0 10.0 9.0 9.0 9.0 9.0 7.0 6.0 8.0 8.0 3.0 2.0 0.0 0.0 0.0 0.0 0.0 
1108447 1983 12 27 82 0.0 9.0 5.0 1.0 0.0 0.0 0.0 0.0 7.0 1.0 1.0 0.0 0.0 0.0 0.0 0.0 0.0 0.0 0.0 0.0 0.0 0.0 0.0 0.0 
1108447 1983 12 28 82 0.0 0.0 0.0 0.0 0.0 0.0 0.0 1.0 8.0 8.0 9.0 9.0 9.0 9.0 10.0 10.0 10.0 10.0 10.0 9.0 9.0 9.0 10.0 10.0 
1108447 1983 12 29 82 10.0 10.0 10.0 10.0 10.0 10.0 10.0 10.0 10.0 10.0 10.0 10.0 10.0 10.0 10.0 10.0 10.0 10.0 10.0 10.0 10.0 10.0 10.0 10.0 
1108447 1983 12 30 82 10.0 10.0 10.0 10.0 10.0 10.0 9.0 9.0 9.0 8.0 6.0 6.0 8.0 8.0 6.0 8.0 9.0 9.0 9.0 10.0 10.0 10.0 10.0 10.0 
1108447 1983 12 31 82 10.0 10.0 10.0 9.0 6.0 6.0 3.0 2.0 7.0 9.0 9.0 9.0 9.0 9.0 10.0 10.0 9.0 9.0 9.0 10.0 10.0 8.0 7.0 2.0 
1108447 1984 1 1 82 4.0 8.0 9.0 9.0 10.0 10.0 10.0 10.0 10.0 10.0 10.0 10.0 10.0 10.0 10.0 10.0 10.0 10.0 10.0 10.0 10.0 10.0 10.0 10.0 
1108447 1984 1 2 82 10.0 10.0 10.0 10.0 10.0 10.0 10.0 10.0 10.0 10.0 10.0 10.0 10.0 10.0 10.0 10.0 10.0 10.0 10.0 10.0 10.0 10.0 10.0 10.0 
1108447 1984 1 3 82 10.0 10.0 10.0 10.0 10.0 10.0 10.0 10.0 10.0 10.0 10.0 10.0 10.0 10.0 10.0 10.0 10.0 10.0 10.0 10.0 10.0 10.0 10.0 10.0 
1108447 1984 1 4 82 10.0 10.0 10.0 10.0 10.0 10.0 10.0 10.0 10.0 10.0 10.0 10.0 10.0 10.0 10.0 10.0 10.0 10.0 10.0 10.0 10.0 10.0 6.0 5.0 
1108447 1984 1 5 82 5.0 5.0 9.0 9.0 6.0 10.0 10.0 10.0 7.0 4.0 10.0 10.0 10.0 10.0 10.0 10.0 10.0 10.0 10.0 10.0 10.0 10.0 10.0 10.0 
1108447 1984 1 6 82 10.0 10.0 10.0 10.0 10.0 10.0 10.0 10.0 10.0 10.0 10.0 10.0 10.0 10.0 10.0 10.0 10.0 9.0 9.0 9.0 5.0 2.0 5.0 8.0 
1108447 1984 1 7 82 10.0 10.0 9.0 9.0 9.0 10.0 9.0 9.0 7.0 9.0 10.0 10.0 9.0 9.0 9.0 9.0 9.0 9.0 9.0 9.0 9.0 10.0 10.0 10.0 
1108447 1984 1 8 82 9.0 8.0 9.0 10.0 10.0 10.0 10.0 10.0 10.0 10.0 10.0 10.0 9.0 9.0 10.0 10.0 9.0 10.0 10.0 10.0 10.0 10.0 10.0 10.0 
1108447 1984 1 9 82 10.0 10.0 10.0 10.0 10.0 10.0 10.0 10.0 10.0 10.0 10.0 10.0 10.0 10.0 10.0 10.0 10.0 10.0 10.0 10.0 10.0 10.0 10.0 10.0 
1108447 1984 1 10 82 10.0 10.0 10.0 10.0 10.0 10.0 10.0 10.0 10.0 10.0 10.0 10.0 10.0 10.0 10.0 9.0 9.0 8.0 10.0 9.0 10.0 10.0 9.0 9.0 
1108447 1984 1 11 82 9.0 9.0 9.0 9.0 9.0 10.0 9.0 10.0 9.0 10.0 9.0 9.0 10.0 10.0 10.0 10.0 10.0 9.0 8.0 7.0 9.0 8.0 9.0 10.0 
1108447 1984 1 12 82 4.0 8.0 3.0 2.0 4.0 10.0 10.0 10.0 9.0 4.0 3.0 3.0 2.0 2.0 2.0 1.0 1.0 0.0 0.0 8.0 7.0 7.0 2.0 0.0 
1108447 1984 1 13 82 0.0 0.0 0.0 0.0 0.0 0.0 0.0 0.0 0.0 0.0 1.0 1.0 1.0 0.0 0.0 0.0 0.0 0.0 0.0 0.0 0.0 0.0 0.0 0.0 
1108447 1984 1 14 82 0.0 0.0 0.0 0.0 0.0 0.0 0.0 0.0 0.0 0.0 0.0 0.0 0.0 0.0 0.0 0.0 0.0 0.0 0.0 0.0 0.0 0.0 0.0 0.0 
1108447 1984 1 15 82 0.0 0.0 0.0 0.0 1.0 0.0 0.0 1.0 3.0 7.0 5.0 7.0 7.0 3.0 2.0 1.0 1.0 0.0 0.0 0.0 0.0 0.0 0.0 2.0 
1108447 1984 1 16 82 2.0 0.0 0.0 0.0 0.0 0.0 0.0 0.0 0.0 0.0 0.0 0.0 0.0 0.0 0.0 0.0 1.0 1.0 1.0 1.0 1.0 1.0 0.0 0.0 
1108447 1984 1 17 82 0.0 0.0 0.0 0.0 0.0 0.0 0.0 0.0 0.0 1.0 2.0 2.0 2.0 0.0 0.0 0.0 2.0 2.0 4.0 3.0 3.0 3.0 4.0 4.0 
1108447 1984 1 18 82 3.0 2.0 0.0 0.0 0.0 0.0 0.0 1.0 4.0 8.0 9.0 10.0 10.0 9.0 10.0 10.0 10.0 9.0 9.0 9.0 9.0 10.0 10.0 10.0 
1108447 1984 1 19 82 10.0 10.0 9.0 6.0 2.0 0.0 0.0 0.0 2.0 6.0 7.0 10.0 9.0 10.0 10.0 10.0 10.0 7.0 5.0 5.0 5.0 6.0 8.0 7.0 
1108447 1984 1 20 82 7.0 8.0 10.0 10.0 10.0 10.0 10.0 10.0 10.0 9.0 10.0 10.0 10.0 10.0 10.0 10.0 10.0 10.0 10.0 10.0 10.0 10.0 10.0 10.0 
1108447 1984 1 21 82 10.0 10.0 10.0 10.0 10.0 10.0 10.0 10.0 10.0 10.0 10.0 10.0 10.0 10.0 10.0 10.0 10.0 9.0 10.0 10.0 10.0 10.0 10.0 10.0 
1108447 1984 1 22 82 10.0 10.0 10.0 10.0 10.0 10.0 8.0 9.0 9.0 9.0 4.0 2.0 2.0 7.0 9.0 10.0 9.0 9.0 9.0 9.0 10.0 10.0 10.0 9.0 
1108447 1984 1 23 82 10.0 10.0 10.0 10.0 10.0 10.0 10.0 10.0 10.0 10.0 10.0 10.0 10.0 10.0 10.0 10.0 10.0 10.0 10.0 10.0 10.0 10.0 10.0 10.0 
1108447 1984 1 24 82 10.0 10.0 10.0 10.0 10.0 10.0 10.0 10.0 10.0 10.0 10.0 10.0 10.0 10.0 10.0 10.0 10.0 10.0 10.0 10.0 10.0 10.0 10.0 10.0 
1108447 1984 1 25 82 9.0 9.0 3.0 4.0 9.0 10.0 9.0 9.0 9.0 9.0 10.0 9.0 9.0 9.0 7.0 4.0 5.0 5.0 7.0 2.0 2.0 1.0 1.0 1.0 
1108447 1984 1 26 82 3.0 3.0 8.0 9.0 9.0 9.0 10.0 10.0 10.0 10.0 10.0 10.0 10.0 10.0 10.0 10.0 10.0 10.0 10.0 10.0 10.0 10.0 10.0 10.0 
1108447 1984 1 27 82 10.0 10.0 9.0 7.0 9.0 3.0 9.0 9.0 9.0 9.0 9.0 9.0 9.0 9.0 9.0 10.0 9.0 9.0 9.0 10.0 10.0 10.0 10.0 10.0 
1108447 1984 1 28 82 10.0 10.0 10.0 9.0 9.0 9.0 8.0 9.0 10.0 9.0 9.0 9.0 9.0 9.0 9.0 8.0 7.0 10.0 8.0 9.0 5.0 3.0 2.0 8.0 
1108447 1984 1 29 82 10.0 8.0 5.0 4.0 1.0 9.0 9.0 10.0 9.0 9.0 8.0 1.0 2.0 0.0 1.0 2.0 2.0 3.0 2.0 1.0 0.0 0.0 0.0 0.0 
1108447 1984 1 30 82 0.0 0.0 0.0 0.0 9.0 9.0 8.0 10.0 10.0 9.0 8.0 8.0 8.0 7.0 8.0 9.0 10.0 10.0 10.0 10.0 10.0 10.0 10.0 10.0 
1108447 1984 1 31 82 10.0 10.0 10.0 10.0 10.0 10.0 10.0 10.0 10.0 10.0 10.0 10.0 10.0 10.0 10.0 10.0 10.0 10.0 10.0 9.0 4.0 7.0 2.0 2.0 
1108447 1984 2 1 82 2.0 9.0 5.0 4.0 3.0 3.0 1.0 3.0 8.0 10.0 10.0 9.0 10.0 10.0 10.0 5.0 9.0 10.0 10.0 9.0 5.0 8.0 3.0 5.0 
1108447 1984 2 2 82 9.0 5.0 5.0 1.0 10.0 10.0 10.0 10.0 10.0 10.0 10.0 10.0 10.0 10.0 10.0 9.0 9.0 9.0 8.0 9.0 2.0 9.0 5.0 0.0 
1108447 1984 2 3 82 0.0 1.0 10.0 10.0 8.0 8.0 8.0 8.0 8.0 9.0 4.0 7.0 9.0 8.0 8.0 7.0 8.0 7.0 8.0 5.0 5.0 3.0 3.0 0.0 
1108447 1984 2 4 82 4.0 2.0 6.0 6.0 7.0 6.0 6.0 9.0 9.0 9.0 9.0 9.0 9.0 8.0 9.0 9.0 9.0 9.0 9.0 9.0 9.0 8.0 9.0 9.0 
1108447 1984 2 5 82 10.0 10.0 10.0 10.0 10.0 10.0 10.0 10.0 9.0 8.0 3.0 2.0 1.0 1.0 2.0 4.0 9.0 9.0 10.0 9.0 8.0 10.0 10.0 10.0 
1108447 1984 2 6 82 10.0 10.0 10.0 10.0 10.0 10.0 10.0 9.0 10.0 10.0 9.0 10.0 10.0 10.0 10.0 10.0 10.0 10.0 10.0 10.0 10.0 10.0 10.0 10.0 
1108447 1984 2 7 82 8.0 4.0 4.0 9.0 4.0 2.0 3.0 10.0 10.0 10.0 10.0 10.0 10.0 10.0 10.0 10.0 10.0 10.0 10.0 10.0 10.0 10.0 10.0 10.0 
1108447 1984 2 8 82 10.0 10.0 9.0 10.0 10.0 10.0 10.0 10.0 10.0 10.0 9.0 10.0 9.0 9.0 10.0 9.0 9.0 10.0 7.0 9.0 8.0 9.0 9.0 9.0 
1108447 1984 2 9 82 10.0 10.0 10.0 10.0 10.0 10.0 10.0 10.0 9.0 9.0 9.0 9.0 9.0 9.0 9.0 9.0 10.0 10.0 10.0 10.0 10.0 10.0 10.0 10.0 
1108447 1984 2 10 82 10.0 10.0 10.0 10.0 10.0 10.0 10.0 10.0 9.0 9.0 9.0 9.0 9.0 9.0 9.0 9.0 9.0 9.0 8.0 9.0 10.0 10.0 10.0 10.0 
1108447 1984 2 11 82 10.0 10.0 10.0 10.0 10.0 10.0 10.0 10.0 10.0 10.0 9.0 8.0 5.0 8.0 9.0 9.0 9.0 9.0 9.0 10.0 10.0 9.0 10.0 10.0 
1108447 1984 2 12 82 10.0 10.0 10.0 10.0 10.0 10.0 10.0 10.0 10.0 10.0 10.0 9.0 8.0 8.0 6.0 7.0 9.0 9.0 5.0 2.0 1.0 5.0 9.0 9.0 
1108447 1984 2 13 82 9.0 6.0 3.0 6.0 9.0 9.0 9.0 10.0 10.0 10.0 9.0 9.0 8.0 6.0 8.0 7.0 7.0 3.0 2.0 8.0 9.0 4.0 8.0 3.0 
1108447 1984 2 14 82 8.0 8.0 6.0 5.0 6.0 8.0 7.0 8.0 4.0 9.0 9.0 10.0 8.0 9.0 9.0 10.0 10.0 10.0 10.0 10.0 10.0 10.0 10.0 10.0 
1108447 1984 2 15 82 10.0 10.0 10.0 10.0 10.0 10.0 10.0 10.0 8.0 2.0 1.0 1.0 6.0 6.0 5.0 5.0 3.0 3.0 2.0 0.0 5.0 3.0 4.0 8.0 
1108447 1984 2 16 82 10.0 9.0 7.0 7.0 3.0 1.0 0.0 1.0 0.0 0.0 0.0 0.0 0.0 0.0 0.0 0.0 1.0 0.0 0.0 0.0 0.0 0.0 0.0 0.0 
1108447 1984 2 17 82 0.0 0.0 0.0 7.0 6.0 7.0 10.0 10.0 9.0 10.0 10.0 9.0 9.0 9.0 9.0 10.0 10.0 10.0 10.0 8.0 10.0 10.0 10.0 10.0 
1108447 1984 2 18 82 10.0 10.0 10.0 10.0 10.0 10.0 10.0 10.0 10.0 10.0 10.0 10.0 10.0 10.0 10.0 10.0 8.0 9.0 9.0 9.0 10.0 5.0 7.0 9.0 
1108447 1984 2 19 82 10.0 10.0 10.0 10.0 10.0 10.0 10.0 10.0 10.0 10.0 10.0 10.0 10.0 10.0 10.0 10.0 10.0 10.0 10.0 10.0 10.0 10.0 10.0 10.0 
1108447 1984 2 20 82 10.0 10.0 10.0 10.0 10.0 10.0 10.0 10.0 10.0 10.0 10.0 10.0 9.0 9.0 9.0 9.0 9.0 9.0 9.0 9.0 9.0 9.0 9.0 9.0 
1108447 1984 2 21 82 9.0 9.0 9.0 8.0 10.0 10.0 9.0 10.0 9.0 9.0 9.0 9.0 7.0 7.0 5.0 4.0 2.0 2.0 6.0 5.0 8.0 8.0 9.0 4.0 
1108447 1984 2 22 82 8.0 5.0 8.0 9.0 8.0 8.0 9.0 10.0 10.0 10.0 10.0 10.0 10.0 10.0 10.0 10.0 10.0 9.0 9.0 3.0 3.0 2.0 2.0 1.0 
1108447 1984 2 23 82 1.0 1.0 4.0 3.0 6.0 5.0 6.0 8.0 9.0 10.0 10.0 10.0 10.0 10.0 10.0 10.0 10.0 10.0 10.0 10.0 10.0 10.0 10.0 10.0 
1108447 1984 2 24 82 10.0 10.0 10.0 10.0 10.0 10.0 10.0 9.0 9.0 4.0 6.0 5.0 8.0 9.0 9.0 9.0 7.0 6.0 2.0 2.0 3.0 2.0 3.0 4.0 
1108447 1984 2 25 82 9.0 3.0 7.0 10.0 2.0 3.0 9.0 8.0 6.0 9.0 9.0 3.0 7.0 9.0 3.0 3.0 5.0 9.0 10.0 5.0 8.0 7.0 7.0 8.0 
1108447 1984 2 26 82 10.0 10.0 10.0 10.0 10.0 10.0 10.0 10.0 10.0 10.0 10.0 10.0 10.0 10.0 10.0 10.0 10.0 10.0 10.0 10.0 10.0 10.0 10.0 10.0 
1108447 1984 2 27 82 10.0 10.0 10.0 10.0 10.0 10.0 10.0 10.0 10.0 10.0 10.0 10.0 10.0 9.0 10.0 10.0 10.0 10.0 10.0 10.0 10.0 10.0 10.0 10.0 
1108447 1984 2 28 82 10.0 10.0 10.0 10.0 10.0 10.0 10.0 10.0 10.0 10.0 9.0 10.0 9.0 9.0 9.0 8.0 8.0 8.0 6.0 7.0 9.0 9.0 10.0 8.0 
1108447 1984 2 29 82 8.0 6.0 9.0 9.0 9.0 7.0 10.0 10.0 10.0 10.0 10.0 7.0 10.0 10.0 10.0 10.0 10.0 10.0 10.0 10.0 10.0 10.0 10.0 10.0 
1108447 1984 3 1 82 10.0 7.0 9.0 8.0 4.0 6.0 8.0 9.0 9.0 9.0 9.0 9.0 10.0 10.0 10.0 10.0 9.0 9.0 9.0 9.0 9.0 10.0 9.0 8.0 
1108447 1984 3 2 82 9.0 10.0 10.0 10.0 10.0 10.0 8.0 6.0 5.0 5.0 6.0 3.0 3.0 2.0 2.0 2.0 2.0 3.0 8.0 4.0 3.0 1.0 2.0 2.0 
1108447 1984 3 3 82 1.0 3.0 4.0 2.0 5.0 7.0 8.0 10.0 9.0 7.0 9.0 8.0 8.0 8.0 9.0 10.0 9.0 9.0 1.0 1.0 2.0 3.0 1.0 0.0 
1108447 1984 3 4 82 0.0 0.0 0.0 0.0 0.0 0.0 3.0 4.0 8.0 4.0 9.0 9.0 8.0 5.0 2.0 8.0 8.0 5.0 5.0 5.0 5.0 5.0 4.0 2.0 
1108447 1984 3 5 82 4.0 7.0 3.0 2.0 0.0 0.0 0.0 3.0 1.0 2.0 0.0 0.0 0.0 2.0 0.0 3.0 8.0 9.0 9.0 8.0 6.0 4.0 2.0 3.0 
1108447 1984 3 6 82 3.0 3.0 0.0 5.0 4.0 0.0 3.0 7.0 8.0 10.0 9.0 8.0 8.0 9.0 9.0 9.0 9.0 8.0 8.0 8.0 5.0 2.0 1.0 1.0 
1108447 1984 3 7 82 1.0 4.0 0.0 2.0 1.0 2.0 5.0 9.0 8.0 8.0 8.0 10.0 9.0 10.0 10.0 10.0 10.0 10.0 8.0 6.0 4.0 2.0 4.0 2.0 
1108447 1984 3 8 82 4.0 5.0 4.0 2.0 3.0 3.0 0.0 1.0 2.0 1.0 0.0 5.0 1.0 1.0 3.0 5.0 4.0 3.0 3.0 3.0 4.0 3.0 6.0 4.0 
1108447 1984 3 9 82 3.0 7.0 5.0 6.0 7.0 10.0 10.0 8.0 8.0 8.0 10.0 10.0 10.0 9.0 6.0 9.0 9.0 9.0 10.0 10.0 9.0 10.0 10.0 10.0 
1108447 1984 3 10 82 9.0 9.0 10.0 10.0 10.0 10.0 10.0 10.0 10.0 10.0 10.0 10.0 10.0 10.0 10.0 9.0 9.0 9.0 4.0 3.0 3.0 8.0 9.0 4.0 
1108447 1984 3 11 82 7.0 8.0 8.0 9.0 9.0 9.0 9.0 10.0 9.0 10.0 10.0 10.0 10.0 10.0 10.0 10.0 10.0 10.0 10.0 10.0 10.0 10.0 10.0 10.0 
1108447 1984 3 12 82 10.0 10.0 10.0 10.0 10.0 10.0 10.0 10.0 10.0 10.0 10.0 9.0 9.0 9.0 9.0 9.0 9.0 5.0 8.0 9.0 9.0 9.0 9.0 10.0 
1108447 1984 3 13 82 9.0 9.0 10.0 10.0 10.0 6.0 9.0 9.0 10.0 10.0 10.0 10.0 10.0 10.0 10.0 10.0 10.0 10.0 10.0 10.0 10.0 10.0 10.0 10.0 
1108447 1984 3 14 82 10.0 10.0 10.0 10.0 9.0 9.0 9.0 9.0 10.0 10.0 10.0 9.0 10.0 9.0 9.0 9.0 9.0 9.0 10.0 9.0 10.0 10.0 10.0 10.0 
1108447 1984 3 15 82 10.0 10.0 10.0 10.0 10.0 8.0 9.0 9.0 10.0 10.0 10.0 10.0 10.0 10.0 10.0 10.0 10.0 10.0 10.0 9.0 5.0 8.0 9.0 4.0 
1108447 1984 3 16 82 9.0 10.0 9.0 9.0 10.0 9.0 9.0 10.0 9.0 10.0 10.0 10.0 10.0 10.0 10.0 10.0 9.0 9.0 9.0 10.0 10.0 10.0 6.0 8.0 
1108447 1984 3 17 82 10.0 9.0 10.0 10.0 10.0 10.0 9.0 9.0 9.0 9.0 9.0 9.0 9.0 8.0 6.0 9.0 9.0 8.0 10.0 10.0 10.0 10.0 10.0 10.0 
1108447 1984 3 18 82 10.0 10.0 10.0 10.0 10.0 10.0 10.0 10.0 10.0 10.0 9.0 8.0 7.0 10.0 10.0 10.0 10.0 10.0 10.0 10.0 10.0 10.0 10.0 10.0 
1108447 1984 3 19 82 8.0 7.0 9.0 9.0 9.0 10.0 7.0 8.0 8.0 8.0 9.0 8.0 6.0 9.0 9.0 9.0 9.0 9.0 9.0 9.0 10.0 10.0 10.0 10.0 
1108447 1984 3 20 82 10.0 10.0 10.0 10.0 10.0 10.0 10.0 10.0 10.0 10.0 10.0 10.0 10.0 10.0 10.0 10.0 10.0 10.0 10.0 10.0 10.0 10.0 10.0 10.0 
1108447 1984 3 21 82 10.0 7.0 6.0 8.0 9.0 9.0 9.0 9.0 9.0 9.0 9.0 10.0 10.0 10.0 10.0 9.0 9.0 9.0 9.0 7.0 9.0 9.0 10.0 9.0 
1108447 1984 3 22 82 9.0 9.0 8.0 9.0 10.0 9.0 10.0 9.0 10.0 10.0 10.0 10.0 10.0 10.0 10.0 10.0 10.0 10.0 10.0 10.0 10.0 10.0 10.0 10.0 
1108447 1984 3 23 82 10.0 10.0 5.0 9.0 7.0 6.0 6.0 9.0 9.0 9.0 8.0 8.0 6.0 6.0 3.0 4.0 8.0 5.0 5.0 5.0 3.0 2.0 4.0 4.0 
1108447 1984 3 24 82 7.0 8.0 8.0 9.0 9.0 6.0 3.0 7.0 8.0 9.0 8.0 8.0 6.0 5.0 3.0 5.0 9.0 9.0 10.0 10.0 10.0 10.0 10.0 10.0 
1108447 1984 3 25 82 10.0 10.0 10.0 10.0 10.0 10.0 10.0 10.0 10.0 10.0 10.0 10.0 10.0 10.0 10.0 10.0 10.0 10.0 10.0 10.0 10.0 10.0 10.0 10.0 
1108447 1984 3 26 82 10.0 10.0 10.0 9.0 9.0 9.0 9.0 9.0 8.0 7.0 6.0 6.0 2.0 1.0 1.0 1.0 2.0 1.0 1.0 1.0 1.0 1.0 3.0 4.0 
1108447 1984 3 27 82 8.0 9.0 9.0 4.0 2.0 1.0 9.0 9.0 7.0 2.0 7.0 8.0 7.0 7.0 6.0 8.0 9.0 10.0 10.0 10.0 10.0 10.0 10.0 10.0 
1108447 1984 3 28 82 10.0 10.0 10.0 10.0 10.0 10.0 9.0 9.0 9.0 9.0 9.0 7.0 3.0 3.0 4.0 5.0 4.0 2.0 2.0 1.0 0.0 1.0 1.0 0.0 
1108447 1984 3 29 82 0.0 1.0 4.0 8.0 7.0 2.0 0.0 1.0 8.0 2.0 2.0 2.0 1.0 1.0 1.0 1.0 0.0 0.0 0.0 0.0 0.0 0.0 0.0 0.0 
1108447 1984 3 30 82 0.0 0.0 0.0 0.0 0.0 0.0 0.0 0.0 4.0 3.0 3.0 2.0 2.0 3.0 3.0 3.0 2.0 1.0 0.0 0.0 0.0 4.0 1.0 0.0 
1108447 1984 3 31 82 0.0 0.0 0.0 3.0 2.0 3.0 3.0 3.0 5.0 5.0 3.0 1.0 1.0 1.0 1.0 2.0 2.0 2.0 2.0 2.0 1.0 0.0 0.0 0.0 
1108447 1984 4 1 82 1.0 4.0 8.0 8.0 9.0 7.0 4.0 6.0 8.0 6.0 9.0 8.0 1.0 1.0 1.0 2.0 2.0 2.0 2.0 2.0 3.0 8.0 7.0 4.0 
1108447 1984 4 2 82 5.0 6.0 9.0 4.0 3.0 9.0 9.0 8.0 10.0 10.0 10.0 10.0 10.0 10.0 10.0 5.0 6.0 9.0 9.0 9.0 8.0 2.0 8.0 9.0 
1108447 1984 4 3 82 9.0 10.0 10.0 10.0 10.0 10.0 10.0 10.0 10.0 10.0 10.0 10.0 10.0 9.0 6.0 5.0 6.0 9.0 9.0 9.0 8.0 8.0 6.0 5.0 
1108447 1984 4 4 82 7.0 7.0 5.0 4.0 4.0 5.0 5.0 7.0 9.0 9.0 9.0 9.0 10.0 10.0 10.0 7.0 8.0 6.0 9.0 9.0 9.0 9.0 9.0 9.0 
1108447 1984 4 5 82 9.0 9.0 9.0 9.0 10.0 10.0 10.0 10.0 10.0 10.0 10.0 10.0 10.0 10.0 10.0 10.0 10.0 9.0 9.0 8.0 9.0 9.0 7.0 6.0 
1108447 1984 4 6 82 5.0 2.0 3.0 1.0 5.0 4.0 3.0 8.0 8.0 6.0 6.0 4.0 4.0 6.0 7.0 9.0 9.0 10.0 10.0 10.0 10.0 10.0 10.0 10.0 
1108447 1984 4 7 82 10.0 10.0 10.0 10.0 10.0 10.0 10.0 10.0 10.0 9.0 10.0 10.0 9.0 8.0 9.0 9.0 9.0 9.0 9.0 9.0 6.0 8.0 9.0 9.0 
1108447 1984 4 8 82 8.0 6.0 7.0 5.0 4.0 4.0 7.0 9.0 10.0 8.0 7.0 8.0 6.0 7.0 7.0 6.0 8.0 4.0 3.0 3.0 3.0 4.0 4.0 5.0 
1108447 1984 4 9 82 4.0 6.0 8.0 10.0 10.0 9.0 10.0 10.0 10.0 10.0 10.0 10.0 10.0 10.0 10.0 10.0 10.0 10.0 10.0 10.0 10.0 10.0 10.0 10.0 
1108447 1984 4 10 82 10.0 9.0 10.0 10.0 10.0 10.0 8.0 9.0 9.0 10.0 9.0 10.0 9.0 9.0 7.0 7.0 9.0 9.0 9.0 10.0 10.0 10.0 10.0 10.0 
1108447 1984 4 11 82 10.0 10.0 10.0 10.0 10.0 10.0 10.0 9.0 10.0 10.0 10.0 10.0 10.0 10.0 10.0 10.0 10.0 10.0 10.0 10.0 10.0 10.0 10.0 10.0 
1108447 1984 4 12 82 10.0 10.0 10.0 10.0 10.0 10.0 10.0 10.0 10.0 9.0 9.0 9.0 9.0 9.0 9.0 8.0 5.0 4.0 5.0 3.0 2.0 1.0 1.0 2.0 
1108447 1984 4 13 82 2.0 3.0 5.0 5.0 5.0 10.0 9.0 7.0 7.0 10.0 10.0 10.0 10.0 10.0 10.0 10.0 10.0 10.0 10.0 10.0 10.0 10.0 10.0 10.0 
1108447 1984 4 14 82 10.0 10.0 10.0 10.0 10.0 9.0 10.0 10.0 10.0 10.0 10.0 10.0 10.0 10.0 10.0 10.0 9.0 8.0 8.0 8.0 8.0 8.0 8.0 8.0 
1108447 1984 4 15 82 8.0 9.0 9.0 10.0 10.0 10.0 9.0 9.0 10.0 10.0 10.0 10.0 9.0 9.0 9.0 10.0 10.0 9.0 10.0 10.0 10.0 10.0 9.0 9.0 
1108447 1984 4 16 82 9.0 9.0 10.0 10.0 10.0 10.0 10.0 10.0 10.0 9.0 9.0 10.0 10.0 10.0 10.0 9.0 10.0 10.0 10.0 9.0 9.0 9.0 9.0 9.0 
1108447 1984 4 17 82 8.0 7.0 7.0 5.0 7.0 6.0 6.0 6.0 8.0 8.0 7.0 5.0 6.0 6.0 5.0 8.0 10.0 10.0 10.0 10.0 10.0 8.0 10.0 10.0 
1108447 1984 4 18 82 10.0 10.0 10.0 10.0 10.0 10.0 10.0 10.0 10.0 9.0 9.0 9.0 8.0 9.0 7.0 8.0 8.0 8.0 6.0 9.0 9.0 7.0 8.0 8.0 
1108447 1984 4 19 82 5.0 9.0 9.0 6.0 9.0 10.0 10.0 10.0 10.0 10.0 9.0 10.0 9.0 10.0 10.0 10.0 9.0 7.0 4.0 5.0 3.0 3.0 6.0 2.0 
1108447 1984 4 20 82 0.0 0.0 0.0 0.0 3.0 2.0 1.0 8.0 7.0 3.0 6.0 8.0 4.0 3.0 6.0 4.0 4.0 4.0 8.0 9.0 9.0 9.0 10.0 10.0 
1108447 1984 4 21 82 10.0 10.0 10.0 10.0 10.0 10.0 10.0 10.0 10.0 10.0 10.0 9.0 8.0 6.0 3.0 4.0 4.0 2.0 2.0 2.0 2.0 1.0 0.0 1.0 
1108447 1984 4 22 82 0.0 0.0 1.0 8.0 10.0 10.0 10.0 10.0 10.0 10.0 10.0 10.0 10.0 10.0 9.0 10.0 10.0 10.0 10.0 9.0 8.0 7.0 8.0 3.0 
1108447 1984 4 23 82 4.0 5.0 4.0 3.0 5.0 3.0 4.0 2.0 2.0 2.0 3.0 8.0 7.0 7.0 5.0 3.0 5.0 7.0 7.0 8.0 7.0 6.0 5.0 5.0 
1108447 1984 4 24 82 6.0 5.0 5.0 4.0 7.0 5.0 4.0 4.0 4.0 5.0 4.0 3.0 2.0 2.0 1.0 1.0 1.0 1.0 1.0 1.0 1.0 1.0 0.0 1.0 
1108447 1984 4 25 82 1.0 0.0 0.0 0.0 0.0 1.0 1.0 1.0 1.0 1.0 1.0 1.0 1.0 3.0 2.0 3.0 1.0 1.0 1.0 5.0 2.0 2.0 2.0 1.0 
1108447 1984 4 26 82 1.0 0.0 0.0 1.0 2.0 2.0 4.0 5.0 4.0 2.0 1.0 1.0 1.0 1.0 2.0 4.0 3.0 6.0 9.0 8.0 6.0 3.0 2.0 2.0 
1108447 1984 4 27 82 2.0 0.0 0.0 2.0 1.0 1.0 0.0 0.0 0.0 0.0 0.0 0.0 2.0 7.0 8.0 9.0 10.0 9.0 9.0 7.0 9.0 9.0 9.0 9.0 
1108447 1984 4 28 82 9.0 7.0 6.0 5.0 5.0 4.0 3.0 2.0 2.0 2.0 2.0 2.0 1.0 2.0 3.0 2.0 2.0 2.0 2.0 2.0 2.0 6.0 9.0 3.0 
1108447 1984 4 29 82 2.0 2.0 3.0 4.0 4.0 6.0 9.0 9.0 9.0 8.0 4.0 3.0 2.0 2.0 3.0 8.0 5.0 6.0 7.0 6.0 7.0 8.0 7.0 10.0 
1108447 1984 4 30 82 10.0 10.0 10.0 10.0 10.0 10.0 10.0 10.0 10.0 10.0 10.0 10.0 10.0 10.0 9.0 10.0 10.0 10.0 10.0 10.0 10.0 10.0 10.0 10.0 
1108447 1984 5 1 82 10.0 10.0 10.0 10.0 10.0 10.0 10.0 10.0 10.0 10.0 10.0 10.0 10.0 10.0 10.0 10.0 10.0 10.0 10.0 10.0 10.0 10.0 10.0 10.0 
1108447 1984 5 2 82 9.0 9.0 9.0 5.0 9.0 10.0 9.0 10.0 10.0 8.0 8.0 4.0 3.0 4.0 3.0 8.0 8.0 7.0 8.0 9.0 9.0 9.0 9.0 8.0 
1108447 1984 5 3 82 7.0 10.0 9.0 8.0 3.0 5.0 9.0 8.0 8.0 5.0 3.0 3.0 4.0 4.0 5.0 5.0 7.0 5.0 7.0 7.0 8.0 4.0 4.0 4.0 
1108447 1984 5 4 82 4.0 4.0 3.0 2.0 7.0 10.0 10.0 10.0 10.0 10.0 10.0 10.0 10.0 10.0 10.0 10.0 10.0 10.0 10.0 10.0 10.0 10.0 10.0 10.0 
1108447 1984 5 5 82 10.0 10.0 10.0 9.0 9.0 9.0 9.0 9.0 9.0 9.0 8.0 9.0 8.0 7.0 6.0 5.0 8.0 5.0 3.0 3.0 2.0 7.0 7.0 8.0 
1108447 1984 5 6 82 9.0 9.0 9.0 10.0 9.0 10.0 10.0 9.0 9.0 6.0 9.0 9.0 8.0 7.0 4.0 5.0 3.0 2.0 1.0 0.0 0.0 0.0 0.0 0.0 
1108447 1984 5 7 82 5.0 1.0 6.0 3.0 2.0 1.0 1.0 1.0 6.0 9.0 9.0 10.0 10.0 10.0 10.0 10.0 10.0 10.0 10.0 9.0 10.0 10.0 10.0 10.0 
1108447 1984 5 8 82 10.0 10.0 10.0 10.0 10.0 10.0 10.0 9.0 10.0 10.0 10.0 10.0 10.0 10.0 9.0 7.0 3.0 8.0 4.0 2.0 2.0 2.0 1.0 1.0 
1108447 1984 5 9 82 10.0 10.0 10.0 8.0 10.0 10.0 9.0 9.0 10.0 9.0 10.0 9.0 9.0 9.0 9.0 7.0 8.0 8.0 10.0 10.0 9.0 10.0 10.0 10.0 
1108447 1984 5 10 82 10.0 10.0 8.0 10.0 10.0 9.0 9.0 9.0 9.0 9.0 8.0 9.0 6.0 6.0 5.0 6.0 8.0 9.0 9.0 10.0 10.0 10.0 10.0 10.0 
1108447 1984 5 11 82 10.0 10.0 10.0 10.0 10.0 10.0 10.0 10.0 10.0 10.0 10.0 10.0 9.0 9.0 9.0 9.0 8.0 7.0 8.0 8.0 8.0 9.0 9.0 10.0 
1108447 1984 5 12 82 9.0 9.0 8.0 7.0 5.0 7.0 8.0 8.0 8.0 8.0 9.0 9.0 10.0 10.0 9.0 5.0 10.0 10.0 10.0 10.0 10.0 10.0 10.0 10.0 
1108447 1984 5 13 82 10.0 10.0 10.0 10.0 10.0 10.0 10.0 10.0 10.0 10.0 10.0 10.0 10.0 10.0 10.0 10.0 10.0 9.0 10.0 9.0 8.0 9.0 9.0 9.0 
1108447 1984 5 14 82 10.0 9.0 9.0 8.0 7.0 6.0 5.0 7.0 6.0 8.0 8.0 7.0 8.0 8.0 8.0 8.0 7.0 7.0 2.0 1.0 1.0 1.0 2.0 3.0 
1108447 1984 5 15 82 8.0 8.0 7.0 7.0 9.0 9.0 9.0 9.0 7.0 4.0 5.0 3.0 2.0 2.0 2.0 2.0 2.0 1.0 2.0 2.0 1.0 2.0 1.0 2.0 
1108447 1984 5 16 82 2.0 2.0 7.0 9.0 9.0 9.0 10.0 9.0 10.0 9.0 10.0 9.0 9.0 8.0 9.0 9.0 8.0 9.0 7.0 9.0 9.0 8.0 8.0 7.0 
1108447 1984 5 17 82 9.0 10.0 10.0 10.0 10.0 10.0 10.0 10.0 10.0 10.0 10.0 10.0 9.0 9.0 9.0 9.0 10.0 10.0 9.0 9.0 10.0 10.0 7.0 8.0 
1108447 1984 5 18 82 10.0 10.0 10.0 10.0 10.0 10.0 10.0 10.0 10.0 10.0 10.0 10.0 10.0 10.0 10.0 10.0 10.0 10.0 10.0 10.0 10.0 10.0 10.0 10.0 
1108447 1984 5 19 82 10.0 10.0 10.0 10.0 10.0 10.0 10.0 10.0 10.0 10.0 10.0 10.0 9.0 9.0 8.0 5.0 6.0 5.0 5.0 5.0 6.0 7.0 7.0 2.0 
1108447 1984 5 20 82 3.0 2.0 2.0 6.0 9.0 9.0 7.0 9.0 8.0 6.0 6.0 3.0 3.0 8.0 8.0 7.0 8.0 9.0 8.0 7.0 6.0 6.0 7.0 5.0 
1108447 1984 5 21 82 6.0 5.0 7.0 8.0 9.0 8.0 8.0 7.0 8.0 6.0 5.0 6.0 5.0 7.0 8.0 8.0 7.0 7.0 8.0 8.0 3.0 2.0 1.0 0.0 
1108447 1984 5 22 82 0.0 1.0 0.0 5.0 10.0 10.0 10.0 10.0 10.0 10.0 10.0 10.0 10.0 10.0 9.0 9.0 9.0 10.0 10.0 10.0 10.0 9.0 8.0 7.0 
1108447 1984 5 23 82 10.0 8.0 8.0 6.0 7.0 8.0 9.0 9.0 9.0 9.0 7.0 4.0 7.0 8.0 5.0 4.0 5.0 8.0 7.0 8.0 8.0 8.0 8.0 8.0 
1108447 1984 5 24 82 7.0 6.0 6.0 5.0 7.0 8.0 8.0 9.0 7.0 6.0 5.0 3.0 2.0 2.0 2.0 3.0 2.0 2.0 2.0 2.0 1.0 0.0 0.0 0.0 
1108447 1984 5 25 82 0.0 0.0 0.0 0.0 6.0 10.0 10.0 10.0 10.0 10.0 10.0 10.0 10.0 10.0 10.0 10.0 10.0 10.0 10.0 10.0 10.0 10.0 10.0 10.0 
1108447 1984 5 26 82 10.0 10.0 10.0 10.0 10.0 8.0 7.0 9.0 9.0 8.0 8.0 8.0 3.0 2.0 2.0 2.0 2.0 1.0 1.0 1.0 2.0 4.0 5.0 1.0 
1108447 1984 5 27 82 2.0 1.0 1.0 3.0 8.0 4.0 3.0 4.0 6.0 2.0 4.0 3.0 2.0 1.0 1.0 2.0 8.0 7.0 9.0 9.0 7.0 7.0 7.0 2.0 
1108447 1984 5 28 82 3.0 4.0 6.0 8.0 10.0 8.0 8.0 9.0 5.0 9.0 9.0 9.0 9.0 3.0 4.0 6.0 8.0 9.0 9.0 9.0 9.0 8.0 7.0 7.0 
1108447 1984 5 29 82 7.0 8.0 6.0 8.0 8.0 9.0 9.0 9.0 5.0 7.0 8.0 8.0 9.0 9.0 9.0 9.0 9.0 10.0 10.0 10.0 9.0 9.0 10.0 10.0 
1108447 1984 5 30 82 10.0 10.0 9.0 9.0 9.0 9.0 7.0 5.0 7.0 6.0 5.0 4.0 3.0 7.0 9.0 9.0 8.0 4.0 7.0 8.0 8.0 9.0 7.0 7.0 
1108447 1984 5 31 82 5.0 3.0 5.0 7.0 7.0 6.0 6.0 4.0 3.0 2.0 4.0 2.0 2.0 2.0 2.0 2.0 2.0 2.0 2.0 2.0 2.0 2.0 1.0 0.0 
1108447 1984 6 1 82 0.0 1.0 1.0 4.0 6.0 6.0 7.0 7.0 5.0 7.0 8.0 7.0 9.0 10.0 10.0 10.0 10.0 10.0 10.0 10.0 10.0 10.0 10.0 9.0 
1108447 1984 6 2 82 9.0 9.0 9.0 8.0 10.0 10.0 10.0 10.0 10.0 9.0 7.0 6.0 8.0 4.0 2.0 7.0 4.0 4.0 9.0 9.0 7.0 4.0 3.0 8.0 
1108447 1984 6 3 82 9.0 9.0 10.0 10.0 10.0 10.0 10.0 10.0 10.0 10.0 10.0 10.0 10.0 10.0 10.0 10.0 10.0 10.0 10.0 10.0 10.0 10.0 10.0 10.0 
1108447 1984 6 4 82 10.0 10.0 10.0 10.0 10.0 10.0 10.0 10.0 10.0 10.0 10.0 9.0 9.0 9.0 9.0 8.0 7.0 7.0 5.0 3.0 8.0 9.0 9.0 9.0 
1108447 1984 6 5 82 9.0 9.0 9.0 9.0 9.0 9.0 9.0 9.0 9.0 9.0 9.0 10.0 10.0 10.0 9.0 9.0 9.0 9.0 9.0 9.0 10.0 10.0 10.0 10.0 
1108447 1984 6 6 82 10.0 9.0 10.0 10.0 10.0 10.0 10.0 10.0 10.0 10.0 10.0 8.0 5.0 4.0 4.0 4.0 5.0 5.0 5.0 7.0 8.0 7.0 8.0 8.0 
1108447 1984 6 7 82 8.0 9.0 9.0 9.0 10.0 10.0 10.0 10.0 10.0 10.0 9.0 9.0 10.0 10.0 10.0 10.0 10.0 10.0 10.0 10.0 10.0 9.0 10.0 10.0 
1108447 1984 6 8 82 10.0 10.0 9.0 9.0 10.0 10.0 9.0 8.0 8.0 9.0 9.0 8.0 7.0 7.0 8.0 9.0 9.0 10.0 10.0 10.0 9.0 7.0 8.0 9.0 
1108447 1984 6 9 82 9.0 9.0 9.0 9.0 9.0 9.0 10.0 9.0 9.0 9.0 9.0 9.0 9.0 9.0 9.0 9.0 9.0 9.0 9.0 9.0 9.0 8.0 8.0 9.0 
1108447 1984 6 10 82 9.0 7.0 10.0 10.0 9.0 9.0 10.0 10.0 10.0 7.0 8.0 8.0 8.0 6.0 3.0 4.0 2.0 2.0 4.0 4.0 3.0 5.0 8.0 4.0 
1108447 1984 6 11 82 5.0 8.0 5.0 3.0 4.0 3.0 4.0 8.0 7.0 9.0 7.0 4.0 4.0 4.0 3.0 2.0 2.0 3.0 5.0 6.0 5.0 7.0 9.0 9.0 
1108447 1984 6 12 82 10.0 9.0 9.0 6.0 4.0 5.0 8.0 4.0 7.0 3.0 1.0 1.0 2.0 3.0 3.0 8.0 8.0 5.0 3.0 4.0 4.0 3.0 2.0 1.0 
1108447 1984 6 13 82 0.0 0.0 0.0 1.0 2.0 2.0 7.0 2.0 2.0 2.0 2.0 2.0 2.0 0.0 0.0 0.0 0.0 1.0 1.0 4.0 5.0 2.0 2.0 0.0 
1108447 1984 6 14 82 0.0 0.0 0.0 0.0 3.0 8.0 7.0 8.0 6.0 7.0 9.0 9.0 9.0 10.0 9.0 6.0 8.0 9.0 9.0 9.0 9.0 9.0 9.0 8.0 
1108447 1984 6 15 82 9.0 3.0 7.0 8.0 10.0 10.0 10.0 10.0 9.0 10.0 10.0 10.0 9.0 10.0 9.0 8.0 7.0 6.0 7.0 8.0 9.0 9.0 9.0 10.0 
1108447 1984 6 16 82 10.0 10.0 10.0 10.0 10.0 5.0 3.0 8.0 5.0 6.0 4.0 5.0 3.0 2.0 1.0 2.0 2.0 3.0 2.0 2.0 2.0 2.0 2.0 1.0 
1108447 1984 6 17 82 0.0 0.0 0.0 4.0 3.0 2.0 1.0 3.0 8.0 5.0 4.0 4.0 4.0 4.0 5.0 4.0 4.0 7.0 8.0 7.0 8.0 7.0 9.0 7.0 
1108447 1984 6 18 82 8.0 7.0 3.0 2.0 4.0 9.0 9.0 9.0 9.0 10.0 9.0 9.0 10.0 10.0 9.0 9.0 9.0 9.0 9.0 9.0 9.0 10.0 9.0 8.0 
1108447 1984 6 19 82 6.0 8.0 9.0 9.0 9.0 9.0 10.0 9.0 9.0 9.0 9.0 5.0 4.0 5.0 6.0 6.0 7.0 8.0 9.0 9.0 9.0 9.0 9.0 10.0 
1108447 1984 6 20 82 10.0 10.0 10.0 10.0 10.0 9.0 9.0 9.0 9.0 9.0 9.0 9.0 9.0 9.0 9.0 9.0 9.0 9.0 9.0 10.0 9.0 8.0 8.0 6.0 
1108447 1984 6 21 82 9.0 9.0 9.0 10.0 10.0 9.0 9.0 10.0 10.0 10.0 10.0 8.0 5.0 4.0 2.0 3.0 3.0 1.0 2.0 3.0 2.0 7.0 9.0 8.0 
1108447 1984 6 22 82 10.0 9.0 8.0 9.0 7.0 8.0 9.0 7.0 5.0 7.0 8.0 9.0 9.0 9.0 9.0 9.0 10.0 10.0 10.0 10.0 9.0 4.0 4.0 4.0 
1108447 1984 6 23 82 3.0 5.0 5.0 8.0 9.0 10.0 10.0 7.0 8.0 7.0 9.0 9.0 9.0 10.0 10.0 10.0 10.0 9.0 10.0 10.0 10.0 9.0 10.0 10.0 
1108447 1984 6 24 82 10.0 10.0 10.0 10.0 9.0 9.0 8.0 8.0 9.0 10.0 9.0 6.0 8.0 8.0 10.0 8.0 4.0 2.0 3.0 2.0 1.0 1.0 2.0 1.0 
1108447 1984 6 25 82 2.0 2.0 2.0 3.0 7.0 9.0 7.0 7.0 8.0 8.0 7.0 7.0 8.0 9.0 9.0 9.0 9.0 8.0 7.0 7.0 7.0 9.0 6.0 7.0 
1108447 1984 6 26 82 4.0 2.0 9.0 9.0 9.0 9.0 10.0 10.0 10.0 10.0 10.0 10.0 10.0 10.0 9.0 9.0 8.0 7.0 9.0 8.0 7.0 7.0 4.0 4.0 
1108447 1984 6 27 82 2.0 3.0 6.0 8.0 8.0 9.0 9.0 10.0 10.0 10.0 10.0 10.0 10.0 10.0 10.0 10.0 10.0 10.0 10.0 10.0 10.0 10.0 10.0 10.0 
1108447 1984 6 28 82 10.0 10.0 10.0 10.0 10.0 10.0 10.0 10.0 10.0 10.0 10.0 10.0 10.0 10.0 10.0 10.0 10.0 10.0 10.0 10.0 10.0 10.0 10.0 10.0 
1108447 1984 6 29 82 10.0 10.0 10.0 10.0 10.0 7.0 4.0 9.0 6.0 7.0 9.0 8.0 8.0 9.0 9.0 9.0 6.0 8.0 9.0 9.0 8.0 6.0 3.0 3.0 
1108447 1984 6 30 82 4.0 2.0 3.0 8.0 9.0 9.0 8.0 9.0 9.0 9.0 9.0 10.0 10.0 10.0 10.0 10.0 10.0 10.0 10.0 10.0 10.0 10.0 10.0 10.0 
1108447 1984 7 1 82 10.0 10.0 10.0 10.0 10.0 10.0 10.0 10.0 10.0 10.0 10.0 10.0 10.0 10.0 9.0 9.0 9.0 9.0 5.0 1.0 1.0 1.0 1.0 0.0 
1108447 1984 7 2 82 0.0 1.0 0.0 7.0 3.0 3.0 9.0 9.0 9.0 9.0 8.0 5.0 3.0 3.0 2.0 1.0 1.0 6.0 2.0 3.0 7.0 9.0 9.0 5.0 
1108447 1984 7 3 82 2.0 2.0 2.0 6.0 7.0 4.0 4.0 3.0 5.0 8.0 8.0 8.0 9.0 9.0 9.0 8.0 9.0 9.0 9.0 9.0 9.0 9.0 9.0 9.0 
1108447 1984 7 4 82 9.0 4.0 6.0 8.0 9.0 9.0 9.0 9.0 9.0 9.0 9.0 9.0 10.0 10.0 10.0 9.0 10.0 10.0 10.0 9.0 9.0 9.0 9.0 9.0 
1108447 1984 7 5 82 8.0 3.0 1.0 2.0 2.0 4.0 3.0 4.0 5.0 7.0 6.0 2.0 2.0 3.0 3.0 2.0 2.0 2.0 2.0 2.0 5.0 4.0 2.0 2.0 
1108447 1984 7 6 82 4.0 8.0 8.0 8.0 6.0 8.0 8.0 8.0 8.0 7.0 5.0 2.0 2.0 2.0 3.0 3.0 3.0 5.0 4.0 7.0 5.0 3.0 7.0 6.0 
1108447 1984 7 7 82 8.0 8.0 9.0 10.0 8.0 9.0 9.0 10.0 10.0 10.0 9.0 9.0 9.0 8.0 8.0 8.0 9.0 9.0 10.0 10.0 10.0 9.0 9.0 6.0 
1108447 1984 7 8 82 6.0 9.0 9.0 8.0 9.0 10.0 9.0 9.0 9.0 9.0 9.0 9.0 8.0 8.0 8.0 7.0 3.0 1.0 1.0 1.0 2.0 2.0 2.0 0.0 
1108447 1984 7 9 82 0.0 1.0 3.0 4.0 3.0 2.0 6.0 9.0 8.0 7.0 7.0 3.0 1.0 0.0 0.0 1.0 2.0 3.0 4.0 3.0 2.0 1.0 1.0 0.0 
1108447 1984 7 10 82 0.0 0.0 0.0 0.0 0.0 1.0 2.0 2.0 5.0 8.0 10.0 10.0 10.0 10.0 10.0 10.0 9.0 7.0 4.0 2.0 1.0 0.0 0.0 0.0 
1108447 1984 7 11 82 2.0 0.0 0.0 0.0 0.0 0.0 1.0 6.0 2.0 2.0 2.0 2.0 2.0 3.0 4.0 7.0 5.0 6.0 2.0 0.0 1.0 1.0 1.0 10.0 
1108447 1984 7 12 82 7.0 9.0 9.0 9.0 8.0 10.0 10.0 10.0 10.0 10.0 10.0 10.0 10.0 8.0 9.0 7.0 6.0 7.0 7.0 8.0 8.0 9.0 7.0 8.0 
1108447 1984 7 13 82 8.0 3.0 6.0 9.0 6.0 9.0 9.0 9.0 10.0 10.0 5.0 4.0 3.0 1.0 1.0 2.0 2.0 1.0 2.0 7.0 2.0 0.0 0.0 0.0 
1108447 1984 7 14 82 0.0 0.0 0.0 0.0 0.0 0.0 0.0 0.0 0.0 2.0 7.0 7.0 7.0 6.0 2.0 1.0 0.0 0.0 0.0 0.0 0.0 0.0 0.0 0.0 
1108447 1984 7 15 82 0.0 0.0 0.0 0.0 0.0 0.0 0.0 0.0 0.0 0.0 0.0 0.0 0.0 0.0 0.0 0.0 0.0 0.0 0.0 0.0 0.0 0.0 0.0 0.0 
1108447 1984 7 16 82 0.0 0.0 0.0 0.0 0.0 0.0 0.0 0.0 0.0 0.0 0.0 0.0 0.0 0.0 0.0 0.0 0.0 0.0 0.0 0.0 0.0 0.0 0.0 0.0 
1108447 1984 7 17 82 0.0 0.0 0.0 0.0 0.0 0.0 0.0 1.0 2.0 0.0 0.0 0.0 0.0 0.0 0.0 0.0 0.0 0.0 0.0 0.0 0.0 0.0 0.0 0.0 
1108447 1984 7 18 82 0.0 0.0 0.0 0.0 1.0 0.0 0.0 0.0 0.0 0.0 0.0 0.0 0.0 0.0 0.0 0.0 0.0 0.0 0.0 0.0 0.0 0.0 0.0 0.0 
1108447 1984 7 19 82 0.0 0.0 0.0 1.0 1.0 2.0 2.0 4.0 4.0 4.0 1.0 1.0 1.0 1.0 7.0 8.0 3.0 2.0 7.0 9.0 9.0 9.0 9.0 10.0 
1108447 1984 7 20 82 10.0 10.0 9.0 10.0 10.0 10.0 10.0 10.0 10.0 10.0 9.0 9.0 5.0 6.0 6.0 8.0 7.0 8.0 9.0 8.0 8.0 5.0 5.0 8.0 
1108447 1984 7 21 82 3.0 2.0 2.0 8.0 8.0 9.0 9.0 9.0 8.0 9.0 10.0 9.0 3.0 3.0 2.0 1.0 0.0 0.0 1.0 1.0 1.0 1.0 0.0 0.0 
1108447 1984 7 22 82 0.0 0.0 0.0 0.0 0.0 0.0 0.0 0.0 0.0 0.0 0.0 0.0 0.0 0.0 0.0 0.0 0.0 0.0 0.0 0.0 0.0 1.0 0.0 0.0 
1108447 1984 7 23 82 0.0 0.0 0.0 0.0 5.0 5.0 7.0 8.0 5.0 8.0 8.0 8.0 8.0 7.0 4.0 6.0 0.0 0.0 0.0 0.0 0.0 0.0 0.0 2.0 
1108447 1984 7 24 82 1.0 0.0 0.0 2.0 0.0 0.0 0.0 0.0 0.0 0.0 0.0 1.0 1.0 2.0 2.0 3.0 2.0 2.0 3.0 3.0 2.0 4.0 5.0 0.0 
1108447 1984 7 25 82 0.0 0.0 0.0 0.0 5.0 2.0 0.0 1.0 1.0 4.0 5.0 5.0 4.0 6.0 4.0 3.0 4.0 4.0 4.0 9.0 9.0 8.0 4.0 3.0 
1108447 1984 7 26 82 4.0 4.0 9.0 9.0 10.0 10.0 9.0 7.0 10.0 10.0 9.0 7.0 5.0 1.0 1.0 1.0 1.0 1.0 0.0 0.0 1.0 3.0 3.0 4.0 
1108447 1984 7 27 82 4.0 3.0 5.0 3.0 4.0 4.0 2.0 3.0 6.0 2.0 1.0 1.0 1.0 1.0 1.0 1.0 1.0 1.0 2.0 2.0 2.0 1.0 2.0 2.0 
1108447 1984 7 28 82 1.0 2.0 1.0 1.0 5.0 1.0 3.0 3.0 2.0 1.0 0.0 0.0 0.0 1.0 1.0 1.0 0.0 0.0 0.0 0.0 0.0 0.0 0.0 0.0 
1108447 1984 7 29 82 0.0 0.0 1.0 0.0 0.0 0.0 0.0 0.0 0.0 0.0 0.0 0.0 0.0 0.0 0.0 0.0 0.0 0.0 0.0 0.0 0.0 0.0 0.0 0.0 
1108447 1984 7 30 82 0.0 0.0 0.0 0.0 0.0 0.0 0.0 0.0 0.0 0.0 0.0 0.0 0.0 0.0 0.0 0.0 0.0 0.0 0.0 0.0 0.0 0.0 0.0 0.0 
1108447 1984 7 31 82 0.0 0.0 0.0 0.0 0.0 0.0 2.0 2.0 2.0 2.0 1.0 1.0 1.0 3.0 4.0 5.0 5.0 4.0 2.0 1.0 1.0 1.0 1.0 2.0 
1108447 1984 8 1 82 3.0 7.0 1.0 4.0 6.0 4.0 4.0 3.0 2.0 4.0 4.0 3.0 6.0 4.0 7.0 7.0 9.0 7.0 6.0 5.0 4.0 1.0 5.0 2.0 
1108447 1984 8 2 82 5.0 6.0 2.0 2.0 8.0 8.0 8.0 9.0 9.0 9.0 9.0 9.0 9.0 7.0 4.0 5.0 3.0 2.0 5.0 4.0 4.0 1.0 1.0 0.0 
1108447 1984 8 3 82 0.0 0.0 0.0 0.0 7.0 9.0 9.0 9.0 8.0 9.0 9.0 9.0 9.0 9.0 10.0 10.0 8.0 8.0 4.0 3.0 3.0 6.0 4.0 4.0 
1108447 1984 8 4 82 7.0 6.0 3.0 6.0 9.0 9.0 8.0 8.0 4.0 1.0 2.0 5.0 4.0 5.0 5.0 2.0 2.0 2.0 1.0 2.0 1.0 0.0 0.0 1.0 
1108447 1984 8 5 82 4.0 4.0 4.0 5.0 4.0 8.0 9.0 9.0 9.0 10.0 10.0 10.0 10.0 10.0 10.0 10.0 10.0 10.0 10.0 9.0 9.0 4.0 8.0 7.0 
1108447 1984 8 6 82 4.0 3.0 2.0 0.0 6.0 5.0 8.0 8.0 6.0 7.0 7.0 7.0 7.0 7.0 5.0 7.0 7.0 8.0 9.0 9.0 10.0 10.0 10.0 10.0 
1108447 1984 8 7 82 10.0 10.0 10.0 10.0 10.0 10.0 10.0 10.0 10.0 10.0 10.0 10.0 10.0 10.0 10.0 9.0 9.0 8.0 7.0 7.0 8.0 2.0 1.0 0.0 
1108447 1984 8 8 82 0.0 0.0 0.0 0.0 0.0 0.0 0.0 0.0 0.0 0.0 0.0 1.0 5.0 3.0 2.0 1.0 2.0 1.0 1.0 3.0 2.0 1.0 1.0 0.0 
1108447 1984 8 9 82 1.0 2.0 1.0 0.0 2.0 3.0 3.0 2.0 1.0 1.0 2.0 2.0 2.0 2.0 2.0 2.0 3.0 3.0 4.0 3.0 3.0 2.0 1.0 1.0 
1108447 1984 8 10 82 1.0 1.0 0.0 1.0 3.0 6.0 4.0 2.0 2.0 4.0 7.0 7.0 8.0 5.0 3.0 2.0 1.0 0.0 0.0 0.0 1.0 0.0 1.0 1.0 
1108447 1984 8 11 82 1.0 0.0 4.0 7.0 7.0 5.0 7.0 9.0 9.0 6.0 5.0 7.0 9.0 9.0 10.0 10.0 10.0 10.0 9.0 9.0 6.0 4.0 2.0 2.0 
1108447 1984 8 12 82 2.0 3.0 5.0 9.0 9.0 9.0 10.0 10.0 10.0 10.0 10.0 10.0 10.0 9.0 9.0 9.0 8.0 8.0 9.0 9.0 8.0 7.0 9.0 9.0 
1108447 1984 8 13 82 9.0 9.0 9.0 10.0 10.0 9.0 9.0 9.0 9.0 9.0 9.0 8.0 8.0 7.0 4.0 5.0 4.0 4.0 3.0 6.0 9.0 9.0 10.0 9.0 
1108447 1984 8 14 82 9.0 9.0 9.0 9.0 8.0 10.0 9.0 9.0 9.0 9.0 7.0 3.0 5.0 6.0 7.0 8.0 8.0 8.0 3.0 3.0 3.0 2.0 2.0 0.0 
1108447 1984 8 15 82 2.0 2.0 4.0 9.0 9.0 8.0 9.0 9.0 3.0 3.0 2.0 4.0 9.0 10.0 10.0 9.0 9.0 9.0 9.0 9.0 9.0 10.0 9.0 10.0 
1108447 1984 8 16 82 10.0 10.0 10.0 10.0 10.0 9.0 9.0 8.0 5.0 5.0 8.0 8.0 3.0 2.0 2.0 2.0 2.0 6.0 8.0 9.0 9.0 9.0 7.0 9.0 
1108447 1984 8 17 82 10.0 9.0 9.0 10.0 9.0 10.0 9.0 9.0 9.0 6.0 8.0 4.0 3.0 4.0 2.0 2.0 1.0 1.0 1.0 3.0 7.0 8.0 7.0 8.0 
1108447 1984 8 18 82 8.0 9.0 8.0 5.0 7.0 8.0 9.0 4.0 2.0 7.0 5.0 4.0 4.0 8.0 9.0 9.0 9.0 9.0 9.0 7.0 3.0 1.0 0.0 0.0 
1108447 1984 8 19 82 0.0 0.0 0.0 0.0 0.0 1.0 2.0 3.0 3.0 4.0 5.0 3.0 1.0 1.0 1.0 1.0 1.0 1.0 1.0 1.0 0.0 0.0 0.0 0.0 
1108447 1984 8 20 82 0.0 0.0 0.0 0.0 0.0 0.0 1.0 1.0 0.0 0.0 0.0 0.0 0.0 0.0 0.0 1.0 1.0 1.0 1.0 0.0 0.0 0.0 0.0 0.0 
1108447 1984 8 21 82 0.0 0.0 0.0 0.0 0.0 1.0 1.0 1.0 2.0 3.0 6.0 7.0 8.0 9.0 9.0 8.0 9.0 9.0 9.0 9.0 9.0 9.0 9.0 6.0 
1108447 1984 8 22 82 7.0 7.0 3.0 2.0 1.0 1.0 1.0 1.0 2.0 3.0 7.0 8.0 8.0 8.0 5.0 2.0 2.0 2.0 1.0 3.0 4.0 2.0 2.0 3.0 
1108447 1984 8 23 82 4.0 2.0 4.0 7.0 7.0 6.0 6.0 8.0 9.0 9.0 9.0 8.0 8.0 7.0 5.0 7.0 9.0 10.0 7.0 7.0 8.0 3.0 5.0 4.0 
1108447 1984 8 24 82 2.0 2.0 0.0 3.0 2.0 6.0 7.0 5.0 4.0 3.0 3.0 3.0 2.0 1.0 2.0 2.0 1.0 1.0 1.0 3.0 1.0 0.0 0.0 0.0 
1108447 1984 8 25 82 0.0 2.0 2.0 0.0 0.0 0.0 0.0 1.0 1.0 2.0 4.0 4.0 2.0 2.0 8.0 8.0 7.0 8.0 9.0 9.0 9.0 9.0 8.0 5.0 
1108447 1984 8 26 82 2.0 2.0 3.0 0.0 9.0 10.0 9.0 9.0 9.0 9.0 9.0 9.0 9.0 9.0 9.0 10.0 10.0 10.0 10.0 9.0 9.0 10.0 10.0 10.0 
1108447 1984 8 27 82 10.0 10.0 10.0 10.0 9.0 7.0 5.0 8.0 3.0 6.0 8.0 6.0 3.0 9.0 8.0 4.0 3.0 2.0 3.0 9.0 7.0 6.0 4.0 2.0 
1108447 1984 8 28 82 2.0 7.0 3.0 5.0 8.0 9.0 9.0 9.0 9.0 9.0 9.0 9.0 9.0 9.0 9.0 9.0 9.0 9.0 9.0 8.0 4.0 7.0 8.0 6.0 
1108447 1984 8 29 82 7.0 8.0 5.0 4.0 4.0 3.0 1.0 1.0 0.0 0.0 1.0 1.0 1.0 0.0 1.0 1.0 1.0 2.0 2.0 4.0 3.0 0.0 0.0 0.0 
1108447 1984 8 30 82 0.0 0.0 0.0 0.0 0.0 1.0 1.0 7.0 8.0 8.0 7.0 5.0 8.0 8.0 7.0 9.0 3.0 3.0 4.0 2.0 1.0 0.0 0.0 0.0 
1108447 1984 8 31 82 0.0 4.0 7.0 8.0 9.0 9.0 9.0 9.0 10.0 7.0 9.0 8.0 9.0 9.0 9.0 10.0 9.0 9.0 9.0 3.0 9.0 10.0 8.0 8.0 
1108447 1984 9 1 82 9.0 7.0 5.0 2.0 0.0 0.0 1.0 1.0 2.0 2.0 2.0 2.0 1.0 2.0 8.0 9.0 7.0 6.0 4.0 3.0 2.0 1.0 0.0 0.0 
1108447 1984 9 2 82 0.0 0.0 0.0 0.0 0.0 2.0 10.0 10.0 10.0 10.0 10.0 10.0 10.0 10.0 10.0 10.0 10.0 9.0 9.0 10.0 10.0 10.0 10.0 10.0 
1108447 1984 9 3 82 10.0 10.0 10.0 10.0 10.0 9.0 10.0 10.0 10.0 9.0 9.0 9.0 7.0 9.0 9.0 9.0 9.0 9.0 9.0 10.0 10.0 9.0 8.0 9.0 
1108447 1984 9 4 82 9.0 10.0 6.0 3.0 7.0 9.0 10.0 10.0 10.0 10.0 10.0 10.0 10.0 10.0 10.0 10.0 10.0 10.0 10.0 10.0 10.0 10.0 10.0 10.0 
1108447 1984 9 5 82 10.0 10.0 10.0 10.0 10.0 10.0 10.0 10.0 10.0 10.0 10.0 10.0 10.0 10.0 10.0 10.0 10.0 10.0 10.0 10.0 10.0 9.0 9.0 10.0 
1108447 1984 9 6 82 10.0 9.0 4.0 6.0 7.0 2.0 2.0 1.0 1.0 2.0 3.0 3.0 3.0 4.0 4.0 8.0 5.0 6.0 3.0 3.0 2.0 1.0 1.0 0.0 
1108447 1984 9 7 82 0.0 0.0 0.0 0.0 0.0 0.0 8.0 9.0 9.0 9.0 9.0 9.0 9.0 10.0 10.0 10.0 10.0 10.0 10.0 10.0 10.0 10.0 10.0 10.0 
1108447 1984 9 8 82 10.0 10.0 10.0 10.0 10.0 8.0 4.0 8.0 8.0 9.0 10.0 9.0 8.0 9.0 9.0 9.0 9.0 8.0 7.0 7.0 8.0 8.0 8.0 9.0 
1108447 1984 9 9 82 8.0 9.0 7.0 9.0 10.0 10.0 9.0 9.0 7.0 6.0 9.0 9.0 9.0 6.0 3.0 7.0 8.0 8.0 9.0 10.0 9.0 9.0 8.0 9.0 
1108447 1984 9 10 82 5.0 9.0 9.0 9.0 9.0 8.0 9.0 10.0 9.0 10.0 10.0 7.0 5.0 4.0 3.0 6.0 8.0 9.0 9.0 9.0 9.0 9.0 9.0 10.0 
1108447 1984 9 11 82 10.0 9.0 8.0 8.0 4.0 7.0 5.0 9.0 9.0 9.0 9.0 9.0 9.0 9.0 8.0 9.0 9.0 9.0 9.0 8.0 9.0 9.0 8.0 9.0 
1108447 1984 9 12 82 9.0 10.0 9.0 9.0 8.0 9.0 8.0 9.0 9.0 9.0 10.0 9.0 9.0 7.0 9.0 7.0 8.0 3.0 2.0 2.0 1.0 5.0 2.0 0.0 
1108447 1984 9 13 82 0.0 0.0 0.0 0.0 0.0 0.0 1.0 1.0 1.0 0.0 0.0 0.0 0.0 0.0 0.0 0.0 0.0 1.0 2.0 1.0 0.0 0.0 0.0 6.0 
1108447 1984 9 14 82 6.0 7.0 3.0 4.0 4.0 6.0 9.0 8.0 7.0 8.0 9.0 9.0 9.0 10.0 9.0 9.0 9.0 9.0 9.0 9.0 4.0 4.0 9.0 6.0 
1108447 1984 9 15 82 7.0 10.0 10.0 9.0 9.0 8.0 7.0 5.0 8.0 8.0 8.0 8.0 8.0 9.0 9.0 10.0 10.0 9.0 10.0 10.0 10.0 10.0 10.0 10.0 
1108447 1984 9 16 82 10.0 10.0 10.0 10.0 10.0 10.0 10.0 10.0 10.0 10.0 10.0 10.0 9.0 9.0 9.0 9.0 9.0 9.0 9.0 9.0 9.0 9.0 9.0 10.0 
1108447 1984 9 17 82 10.0 9.0 9.0 9.0 9.0 9.0 9.0 9.0 9.0 9.0 9.0 9.0 8.0 7.0 9.0 9.0 9.0 8.0 9.0 9.0 2.0 7.0 8.0 9.0 
1108447 1984 9 18 82 9.0 9.0 8.0 9.0 9.0 5.0 3.0 6.0 6.0 8.0 7.0 6.0 5.0 4.0 5.0 2.0 3.0 1.0 1.0 1.0 1.0 0.0 0.0 0.0 
1108447 1984 9 19 82 0.0 0.0 0.0 0.0 0.0 2.0 3.0 0.0 1.0 1.0 3.0 4.0 6.0 8.0 9.0 9.0 10.0 10.0 10.0 8.0 7.0 7.0 5.0 7.0 
1108447 1984 9 20 82 9.0 9.0 10.0 10.0 10.0 10.0 10.0 10.0 9.0 9.0 9.0 8.0 6.0 2.0 3.0 2.0 1.0 1.0 1.0 1.0 1.0 0.0 0.0 1.0 
1108447 1984 9 21 82 1.0 1.0 9.0 8.0 2.0 9.0 9.0 9.0 9.0 2.0 3.0 9.0 1.0 4.0 3.0 5.0 7.0 4.0 4.0 6.0 9.0 9.0 8.0 10.0 
1108447 1984 9 22 82 10.0 10.0 10.0 9.0 10.0 10.0 10.0 10.0 9.0 9.0 9.0 9.0 8.0 9.0 9.0 6.0 8.0 8.0 5.0 8.0 6.0 5.0 5.0 2.0 
1108447 1984 9 23 82 3.0 3.0 5.0 2.0 4.0 7.0 8.0 9.0 9.0 7.0 8.0 8.0 4.0 4.0 7.0 8.0 8.0 7.0 5.0 7.0 3.0 2.0 0.0 0.0 
1108447 1984 9 24 82 0.0 0.0 0.0 0.0 0.0 0.0 0.0 9.0 9.0 9.0 9.0 9.0 9.0 9.0 10.0 10.0 10.0 9.0 10.0 10.0 9.0 10.0 10.0 10.0 
1108447 1984 9 25 82 10.0 10.0 10.0 10.0 10.0 9.0 10.0 10.0 9.0 9.0 8.0 9.0 9.0 9.0 9.0 8.0 7.0 8.0 6.0 3.0 4.0 3.0 4.0 8.0 
1108447 1984 9 26 82 8.0 8.0 9.0 9.0 9.0 9.0 9.0 9.0 10.0 9.0 7.0 3.0 2.0 3.0 3.0 3.0 3.0 9.0 9.0 8.0 9.0 8.0 8.0 1.0 
1108447 1984 9 27 82 1.0 0.0 0.0 0.0 0.0 0.0 9.0 9.0 9.0 9.0 8.0 3.0 6.0 4.0 1.0 1.0 3.0 3.0 3.0 2.0 1.0 0.0 3.0 3.0 
1108447 1984 9 28 82 3.0 3.0 3.0 0.0 0.0 0.0 5.0 9.0 9.0 9.0 9.0 8.0 9.0 7.0 4.0 3.0 1.0 1.0 2.0 1.0 0.0 0.0 1.0 1.0 
1108447 1984 9 29 82 0.0 0.0 0.0 0.0 0.0 0.0 0.0 0.0 0.0 0.0 0.0 0.0 0.0 0.0 0.0 0.0 0.0 1.0 1.0 1.0 0.0 0.0 1.0 1.0 
1108447 1984 9 30 82 5.0 4.0 4.0 4.0 3.0 2.0 3.0 1.0 2.0 3.0 1.0 1.0 2.0 1.0 0.0 0.0 1.0 0.0 1.0 0.0 0.0 2.0 2.0 0.0 
1108447 1984 10 1 82 0.0 0.0 0.0 0.0 0.0 1.0 10.0 10.0 10.0 9.0 9.0 5.0 7.0 8.0 9.0 9.0 9.0 9.0 10.0 4.0 3.0 2.0 2.0 2.0 
1108447 1984 10 2 82 3.0 3.0 0.0 2.0 2.0 8.0 7.0 9.0 9.0 9.0 10.0 10.0 10.0 9.0 9.0 9.0 9.0 3.0 3.0 3.0 2.0 2.0 2.0 5.0 
1108447 1984 10 3 82 7.0 8.0 8.0 9.0 9.0 9.0 9.0 9.0 9.0 10.0 10.0 10.0 10.0 10.0 10.0 10.0 10.0 10.0 10.0 9.0 10.0 10.0 10.0 10.0 
1108447 1984 10 4 82 10.0 10.0 10.0 10.0 10.0 10.0 10.0 9.0 9.0 9.0 7.0 3.0 3.0 7.0 8.0 9.0 9.0 9.0 9.0 8.0 6.0 8.0 8.0 9.0 
1108447 1984 10 5 82 8.0 8.0 9.0 6.0 6.0 3.0 8.0 9.0 9.0 9.0 9.0 5.0 8.0 9.0 10.0 10.0 10.0 9.0 10.0 10.0 10.0 10.0 10.0 9.0 
1108447 1984 10 6 82 10.0 10.0 10.0 10.0 10.0 10.0 10.0 10.0 10.0 10.0 10.0 10.0 10.0 9.0 10.0 10.0 10.0 10.0 10.0 10.0 10.0 10.0 10.0 10.0 
1108447 1984 10 7 82 10.0 10.0 10.0 10.0 10.0 10.0 10.0 10.0 10.0 10.0 10.0 10.0 10.0 10.0 10.0 10.0 10.0 10.0 10.0 10.0 10.0 10.0 10.0 10.0 
1108447 1984 10 8 82 10.0 10.0 10.0 10.0 10.0 10.0 10.0 10.0 10.0 10.0 10.0 10.0 10.0 10.0 10.0 10.0 10.0 10.0 9.0 10.0 10.0 7.0 8.0 2.0 
1108447 1984 10 9 82 8.0 2.0 4.0 8.0 10.0 10.0 9.0 9.0 9.0 10.0 10.0 10.0 10.0 10.0 10.0 10.0 10.0 10.0 10.0 10.0 10.0 10.0 10.0 10.0 
1108447 1984 10 10 82 10.0 10.0 10.0 10.0 10.0 10.0 10.0 10.0 10.0 10.0 10.0 10.0 10.0 10.0 10.0 10.0 10.0 9.0 9.0 10.0 10.0 10.0 10.0 10.0 
1108447 1984 10 11 82 10.0 10.0 10.0 10.0 10.0 10.0 10.0 10.0 9.0 9.0 9.0 9.0 10.0 9.0 8.0 7.0 2.0 2.0 4.0 2.0 7.0 7.0 6.0 10.0 
1108447 1984 10 12 82 9.0 10.0 9.0 10.0 10.0 10.0 10.0 10.0 10.0 10.0 10.0 10.0 9.0 9.0 9.0 9.0 9.0 8.0 9.0 8.0 10.0 10.0 9.0 7.0 
1108447 1984 10 13 82 6.0 7.0 7.0 10.0 10.0 10.0 9.0 9.0 9.0 9.0 9.0 9.0 9.0 9.0 9.0 9.0 9.0 9.0 9.0 8.0 8.0 7.0 6.0 6.0 
1108447 1984 10 14 82 7.0 6.0 4.0 5.0 10.0 10.0 9.0 9.0 9.0 9.0 9.0 9.0 9.0 6.0 7.0 5.0 4.0 3.0 4.0 7.0 1.0 0.0 0.0 8.0 
1108447 1984 10 15 82 10.0 9.0 9.0 9.0 9.0 9.0 9.0 9.0 9.0 9.0 4.0 5.0 4.0 4.0 6.0 7.0 8.0 8.0 8.0 5.0 2.0 1.0 0.0 9.0 
1108447 1984 10 16 82 4.0 8.0 9.0 4.0 6.0 6.0 4.0 2.0 2.0 2.0 6.0 2.0 0.0 1.0 1.0 1.0 1.0 1.0 1.0 0.0 0.0 0.0 0.0 0.0 
1108447 1984 10 17 82 0.0 1.0 2.0 3.0 6.0 7.0 7.0 2.0 4.0 2.0 1.0 0.0 0.0 1.0 1.0 1.0 1.0 1.0 1.0 1.0 1.0 6.0 8.0 2.0 
1108447 1984 10 18 82 4.0 8.0 5.0 9.0 8.0 9.0 9.0 7.0 8.0 3.0 1.0 0.0 0.0 0.0 0.0 0.0 0.0 0.0 0.0 0.0 0.0 0.0 0.0 0.0 
1108447 1984 10 19 82 0.0 0.0 0.0 0.0 2.0 0.0 1.0 1.0 0.0 1.0 2.0 1.0 1.0 3.0 4.0 5.0 6.0 7.0 8.0 8.0 6.0 7.0 9.0 9.0 
1108447 1984 10 20 82 9.0 10.0 9.0 9.0 8.0 9.0 10.0 10.0 10.0 10.0 10.0 9.0 7.0 2.0 2.0 1.0 1.0 0.0 1.0 1.0 0.0 0.0 0.0 0.0 
1108447 1984 10 21 82 0.0 3.0 9.0 10.0 10.0 10.0 10.0 10.0 10.0 10.0 9.0 9.0 9.0 9.0 8.0 6.0 4.0 4.0 3.0 2.0 1.0 1.0 0.0 0.0 
1108447 1984 10 22 82 0.0 0.0 0.0 2.0 7.0 7.0 8.0 9.0 9.0 6.0 9.0 7.0 4.0 2.0 1.0 6.0 8.0 9.0 9.0 8.0 8.0 3.0 9.0 7.0 
1108447 1984 10 23 82 10.0 10.0 10.0 10.0 10.0 10.0 10.0 10.0 10.0 10.0 10.0 10.0 10.0 10.0 10.0 10.0 10.0 10.0 10.0 10.0 10.0 10.0 10.0 10.0 
1108447 1984 10 24 82 10.0 10.0 10.0 10.0 10.0 10.0 7.0 9.0 10.0 10.0 10.0 10.0 10.0 10.0 10.0 10.0 10.0 10.0 10.0 10.0 10.0 10.0 10.0 10.0 
1108447 1984 10 25 82 10.0 10.0 10.0 10.0 8.0 5.0 2.0 8.0 9.0 9.0 10.0 10.0 10.0 9.0 9.0 9.0 8.0 6.0 1.0 9.0 3.0 8.0 9.0 9.0 
1108447 1984 10 26 82 9.0 9.0 10.0 10.0 10.0 10.0 10.0 10.0 9.0 10.0 9.0 9.0 9.0 7.0 4.0 2.0 1.0 1.0 1.0 4.0 7.0 8.0 9.0 7.0 
1108447 1984 10 27 82 9.0 9.0 9.0 9.0 9.0 9.0 9.0 9.0 9.0 10.0 10.0 10.0 10.0 10.0 9.0 9.0 9.0 10.0 10.0 10.0 10.0 10.0 10.0 6.0 
1108447 1984 10 28 82 2.0 3.0 9.0 7.0 8.0 7.0 7.0 9.0 9.0 3.0 3.0 8.0 9.0 7.0 9.0 8.0 8.0 9.0 9.0 9.0 6.0 3.0 2.0 2.0 
1108447 1984 10 29 82 4.0 9.0 9.0 9.0 8.0 8.0 9.0 4.0 7.0 9.0 9.0 9.0 9.0 9.0 8.0 9.0 9.0 9.0 7.0 9.0 9.0 9.0 9.0 10.0 
1108447 1984 10 30 82 10.0 10.0 10.0 10.0 10.0 10.0 10.0 7.0 5.0 8.0 8.0 8.0 7.0 3.0 1.0 2.0 2.0 2.0 2.0 8.0 9.0 9.0 9.0 9.0 
1108447 1984 10 31 82 9.0 9.0 3.0 8.0 9.0 7.0 3.0 1.0 0.0 0.0 3.0 8.0 9.0 9.0 10.0 10.0 10.0 10.0 10.0 10.0 10.0 10.0 10.0 10.0 
1108447 1984 11 1 82 10.0 10.0 10.0 10.0 10.0 10.0 10.0 10.0 10.0 10.0 10.0 10.0 10.0 10.0 10.0 10.0 10.0 10.0 10.0 10.0 10.0 10.0 10.0 10.0 
1108447 1984 11 2 82 10.0 10.0 10.0 10.0 10.0 10.0 10.0 10.0 10.0 10.0 10.0 9.0 10.0 10.0 10.0 10.0 10.0 9.0 10.0 10.0 10.0 10.0 10.0 10.0 
1108447 1984 11 3 82 10.0 10.0 10.0 10.0 10.0 10.0 10.0 9.0 9.0 9.0 9.0 10.0 9.0 9.0 9.0 9.0 9.0 9.0 9.0 10.0 9.0 9.0 9.0 10.0 
1108447 1984 11 4 82 10.0 10.0 10.0 9.0 10.0 10.0 10.0 9.0 9.0 5.0 6.0 9.0 9.0 8.0 9.0 9.0 8.0 9.0 6.0 7.0 9.0 7.0 2.0 4.0 
1108447 1984 11 5 82 2.0 0.0 1.0 9.0 7.0 3.0 8.0 9.0 8.0 8.0 3.0 8.0 9.0 9.0 10.0 10.0 10.0 10.0 10.0 10.0 10.0 10.0 10.0 10.0 
1108447 1984 11 6 82 10.0 10.0 10.0 10.0 10.0 10.0 10.0 10.0 10.0 10.0 10.0 9.0 10.0 10.0 10.0 10.0 9.0 9.0 9.0 9.0 9.0 10.0 10.0 10.0 
1108447 1984 11 7 82 10.0 10.0 9.0 9.0 9.0 9.0 9.0 8.0 9.0 6.0 8.0 9.0 8.0 7.0 6.0 8.0 10.0 7.0 8.0 9.0 9.0 9.0 9.0 9.0 
1108447 1984 11 8 82 10.0 10.0 10.0 9.0 8.0 7.0 4.0 8.0 9.0 10.0 10.0 10.0 10.0 10.0 10.0 10.0 10.0 10.0 10.0 10.0 10.0 10.0 10.0 6.0 
1108447 1984 11 9 82 10.0 10.0 9.0 7.0 6.0 8.0 2.0 2.0 8.0 5.0 9.0 9.0 8.0 9.0 9.0 8.0 9.0 9.0 9.0 8.0 3.0 3.0 3.0 8.0 
1108447 1984 11 10 82 9.0 10.0 10.0 10.0 10.0 10.0 10.0 10.0 10.0 10.0 10.0 10.0 10.0 10.0 10.0 10.0 10.0 10.0 10.0 10.0 10.0 10.0 9.0 9.0 
1108447 1984 11 11 82 6.0 6.0 7.0 8.0 9.0 8.0 9.0 8.0 9.0 9.0 10.0 10.0 10.0 10.0 10.0 10.0 10.0 10.0 10.0 10.0 10.0 10.0 10.0 10.0 
1108447 1984 11 12 82 10.0 10.0 10.0 10.0 10.0 10.0 10.0 10.0 10.0 10.0 10.0 10.0 10.0 9.0 9.0 9.0 9.0 10.0 10.0 10.0 10.0 10.0 10.0 10.0 
1108447 1984 11 13 82 10.0 10.0 10.0 9.0 10.0 10.0 10.0 10.0 10.0 10.0 9.0 9.0 9.0 9.0 7.0 3.0 6.0 8.0 8.0 4.0 3.0 8.0 8.0 2.0 
1108447 1984 11 14 82 2.0 3.0 1.0 0.0 0.0 1.0 0.0 1.0 3.0 4.0 3.0 7.0 7.0 9.0 8.0 7.0 7.0 6.0 2.0 2.0 2.0 0.0 1.0 1.0 
1108447 1984 11 15 82 2.0 1.0 1.0 0.0 0.0 7.0 2.0 7.0 8.0 9.0 10.0 8.0 9.0 10.0 9.0 9.0 9.0 10.0 10.0 10.0 10.0 10.0 10.0 10.0 
1108447 1984 11 16 82 9.0 7.0 9.0 9.0 8.0 8.0 8.0 8.0 7.0 0.0 1.0 0.0 1.0 9.0 10.0 10.0 10.0 10.0 10.0 10.0 10.0 10.0 10.0 10.0 
1108447 1984 11 17 82 10.0 10.0 10.0 10.0 10.0 10.0 10.0 10.0 10.0 10.0 10.0 10.0 10.0 10.0 10.0 10.0 10.0 10.0 10.0 10.0 10.0 10.0 10.0 10.0 
1108447 1984 11 18 82 10.0 10.0 10.0 10.0 10.0 10.0 9.0 10.0 10.0 10.0 10.0 9.0 9.0 9.0 8.0 9.0 9.0 9.0 9.0 9.0 9.0 9.0 10.0 9.0 
1108447 1984 11 19 82 9.0 9.0 10.0 10.0 10.0 10.0 10.0 10.0 10.0 10.0 10.0 10.0 10.0 10.0 10.0 9.0 9.0 3.0 9.0 10.0 10.0 10.0 10.0 10.0 
1108447 1984 11 20 82 10.0 10.0 10.0 10.0 10.0 10.0 10.0 7.0 9.0 9.0 9.0 9.0 8.0 7.0 5.0 2.0 1.0 1.0 1.0 1.0 1.0 0.0 2.0 8.0 
1108447 1984 11 21 82 5.0 8.0 4.0 9.0 9.0 9.0 9.0 10.0 9.0 10.0 10.0 10.0 10.0 10.0 9.0 9.0 9.0 9.0 9.0 8.0 6.0 6.0 10.0 9.0 
1108447 1984 11 22 82 10.0 10.0 10.0 10.0 10.0 10.0 10.0 10.0 9.0 9.0 10.0 10.0 10.0 10.0 10.0 10.0 10.0 10.0 10.0 10.0 10.0 10.0 10.0 10.0 
1108447 1984 11 23 82 10.0 10.0 10.0 10.0 10.0 10.0 10.0 10.0 10.0 10.0 9.0 9.0 7.0 3.0 2.0 2.0 2.0 2.0 2.0 7.0 9.0 7.0 4.0 5.0 
1108447 1984 11 24 82 7.0 7.0 3.0 2.0 1.0 1.0 1.0 1.0 8.0 10.0 10.0 9.0 10.0 10.0 10.0 10.0 10.0 10.0 10.0 10.0 10.0 10.0 10.0 10.0 
1108447 1984 11 25 82 9.0 9.0 1.0 3.0 9.0 9.0 8.0 10.0 10.0 10.0 10.0 10.0 10.0 10.0 9.0 9.0 9.0 9.0 9.0 7.0 9.0 9.0 9.0 9.0 
1108447 1984 11 26 82 9.0 10.0 9.0 8.0 9.0 9.0 9.0 9.0 9.0 9.0 10.0 10.0 10.0 10.0 10.0 10.0 10.0 10.0 10.0 10.0 10.0 10.0 10.0 10.0 
1108447 1984 11 27 82 10.0 10.0 10.0 10.0 10.0 10.0 10.0 10.0 10.0 10.0 10.0 10.0 10.0 10.0 10.0 10.0 10.0 10.0 10.0 10.0 10.0 10.0 10.0 10.0 
1108447 1984 11 28 82 10.0 9.0 10.0 10.0 10.0 10.0 10.0 10.0 10.0 10.0 10.0 10.0 10.0 10.0 10.0 9.0 9.0 9.0 9.0 7.0 5.0 1.0 1.0 6.0 
1108447 1984 11 29 82 9.0 9.0 7.0 3.0 4.0 3.0 9.0 10.0 10.0 10.0 10.0 10.0 10.0 10.0 10.0 10.0 10.0 10.0 10.0 10.0 10.0 10.0 10.0 10.0 
1108447 1984 11 30 82 10.0 10.0 10.0 10.0 6.0 9.0 10.0 9.0 8.0 9.0 9.0 9.0 9.0 9.0 9.0 8.0 5.0 4.0 1.0 4.0 9.0 9.0 9.0 8.0 
1108447 1984 12 1 82 8.0 5.0 5.0 6.0 8.0 3.0 4.0 10.0 9.0 9.0 8.0 3.0 8.0 7.0 7.0 4.0 1.0 0.0 0.0 0.0 0.0 0.0 0.0 2.0 
1108447 1984 12 2 82 0.0 2.0 0.0 1.0 0.0 0.0 0.0 0.0 0.0 0.0 0.0 0.0 0.0 0.0 1.0 1.0 3.0 2.0 0.0 0.0 0.0 0.0 2.0 2.0 
1108447 1984 12 3 82 2.0 0.0 0.0 0.0 0.0 0.0 0.0 1.0 1.0 2.0 4.0 8.0 6.0 8.0 9.0 8.0 6.0 5.0 3.0 1.0 1.0 1.0 4.0 2.0 
1108447 1984 12 4 82 2.0 1.0 1.0 1.0 2.0 0.0 1.0 1.0 0.0 0.0 0.0 0.0 0.0 0.0 0.0 0.0 0.0 0.0 0.0 0.0 0.0 0.0 0.0 0.0 
1108447 1984 12 5 82 3.0 0.0 0.0 0.0 0.0 0.0 0.0 0.0 0.0 0.0 1.0 0.0 2.0 4.0 9.0 10.0 9.0 5.0 3.0 3.0 1.0 3.0 2.0 2.0 
1108447 1984 12 6 82 2.0 3.0 4.0 9.0 10.0 10.0 10.0 10.0 10.0 10.0 10.0 10.0 10.0 10.0 10.0 10.0 10.0 10.0 10.0 10.0 10.0 10.0 10.0 10.0 
1108447 1984 12 7 82 10.0 10.0 10.0 10.0 10.0 10.0 10.0 10.0 10.0 10.0 10.0 10.0 10.0 10.0 10.0 10.0 10.0 10.0 10.0 10.0 10.0 10.0 10.0 10.0 
1108447 1984 12 8 82 10.0 10.0 10.0 10.0 10.0 10.0 10.0 10.0 10.0 10.0 9.0 9.0 6.0 3.0 2.0 2.0 1.0 1.0 0.0 0.0 0.0 6.0 8.0 0.0 
1108447 1984 12 9 82 2.0 4.0 8.0 10.0 10.0 10.0 10.0 10.0 9.0 10.0 10.0 10.0 10.0 10.0 10.0 10.0 10.0 10.0 10.0 10.0 10.0 10.0 10.0 10.0 
1108447 1984 12 10 82 9.0 2.0 2.0 2.0 4.0 3.0 1.0 2.0 8.0 8.0 2.0 1.0 1.0 1.0 1.0 2.0 2.0 2.0 3.0 10.0 10.0 10.0 10.0 8.0 
1108447 1984 12 11 82 4.0 6.0 10.0 10.0 10.0 10.0 10.0 10.0 10.0 10.0 10.0 10.0 10.0 10.0 10.0 10.0 10.0 10.0 10.0 10.0 10.0 10.0 10.0 10.0 
1108447 1984 12 12 82 10.0 10.0 10.0 10.0 10.0 10.0 10.0 8.0 9.0 5.0 8.0 9.0 9.0 10.0 10.0 10.0 9.0 9.0 10.0 10.0 10.0 10.0 10.0 10.0 
1108447 1984 12 13 82 10.0 10.0 10.0 9.0 9.0 9.0 8.0 10.0 10.0 10.0 10.0 10.0 10.0 10.0 10.0 10.0 10.0 10.0 10.0 10.0 10.0 10.0 10.0 10.0 
1108447 1984 12 14 82 10.0 10.0 10.0 10.0 10.0 10.0 10.0 10.0 10.0 10.0 10.0 10.0 10.0 10.0 10.0 9.0 7.0 3.0 8.0 7.0 8.0 8.0 9.0 9.0 
1108447 1984 12 15 82 9.0 9.0 5.0 9.0 9.0 10.0 9.0 8.0 9.0 10.0 9.0 9.0 9.0 9.0 9.0 10.0 10.0 10.0 10.0 9.0 8.0 10.0 10.0 10.0 
1108447 1984 12 16 82 10.0 10.0 10.0 10.0 10.0 10.0 10.0 10.0 10.0 10.0 10.0 10.0 10.0 10.0 10.0 10.0 10.0 10.0 10.0 10.0 10.0 10.0 10.0 9.0 
1108447 1984 12 17 82 9.0 8.0 8.0 7.0 4.0 5.0 4.0 5.0 5.0 2.0 1.0 1.0 1.0 1.0 1.0 1.0 1.0 0.0 0.0 0.0 0.0 0.0 0.0 0.0 
1108447 1984 12 18 82 0.0 0.0 0.0 1.0 0.0 0.0 0.0 3.0 9.0 9.0 9.0 8.0 9.0 7.0 2.0 3.0 3.0 2.0 1.0 1.0 0.0 0.0 2.0 0.0 
1108447 1984 12 19 82 8.0 7.0 4.0 4.0 9.0 9.0 9.0 9.0 9.0 9.0 8.0 6.0 5.0 6.0 4.0 3.0 2.0 6.0 2.0 7.0 9.0 10.0 10.0 10.0 
1108447 1984 12 20 82 10.0 10.0 10.0 10.0 10.0 10.0 10.0 10.0 10.0 10.0 10.0 10.0 10.0 10.0 10.0 10.0 10.0 10.0 10.0 10.0 10.0 9.0 9.0 10.0 
1108447 1984 12 21 82 9.0 10.0 10.0 10.0 10.0 10.0 10.0 10.0 10.0 10.0 10.0 10.0 10.0 10.0 10.0 10.0 10.0 10.0 10.0 9.0 9.0 10.0 10.0 10.0 
1108447 1984 12 22 82 10.0 10.0 9.0 9.0 9.0 9.0 9.0 10.0 10.0 10.0 10.0 10.0 10.0 10.0 10.0 10.0 10.0 10.0 10.0 10.0 10.0 10.0 10.0 10.0 
1108447 1984 12 23 82 10.0 10.0 10.0 10.0 8.0 10.0 9.0 10.0 9.0 9.0 9.0 6.0 9.0 9.0 2.0 1.0 9.0 9.0 9.0 8.0 3.0 8.0 10.0 10.0 
1108447 1984 12 24 82 10.0 9.0 9.0 8.0 7.0 9.0 10.0 9.0 10.0 10.0 10.0 9.0 10.0 10.0 10.0 10.0 10.0 10.0 9.0 10.0 10.0 10.0 10.0 10.0 
1108447 1984 12 25 82 10.0 10.0 10.0 10.0 9.0 9.0 9.0 9.0 10.0 10.0 10.0 10.0 10.0 10.0 9.0 9.0 10.0 10.0 10.0 10.0 10.0 10.0 10.0 9.0 
1108447 1984 12 26 82 7.0 5.0 7.0 7.0 9.0 9.0 10.0 9.0 9.0 9.0 10.0 9.0 9.0 10.0 10.0 9.0 9.0 8.0 7.0 9.0 9.0 6.0 5.0 6.0 
1108447 1984 12 27 82 9.0 8.0 9.0 9.0 5.0 3.0 4.0 4.0 9.0 5.0 5.0 4.0 4.0 2.0 2.0 2.0 4.0 9.0 9.0 5.0 8.0 10.0 10.0 9.0 
1108447 1984 12 28 82 9.0 10.0 10.0 10.0 10.0 10.0 10.0 10.0 9.0 9.0 8.0 9.0 8.0 7.0 6.0 9.0 10.0 10.0 10.0 10.0 10.0 10.0 9.0 10.0 
1108447 1984 12 29 82 10.0 10.0 10.0 10.0 10.0 10.0 10.0 10.0 10.0 9.0 9.0 9.0 10.0 10.0 10.0 10.0 10.0 10.0 10.0 10.0 10.0 10.0 10.0 10.0 
1108447 1984 12 30 82 10.0 10.0 10.0 10.0 10.0 10.0 9.0 9.0 10.0 10.0 10.0 10.0 10.0 10.0 10.0 10.0 10.0 10.0 10.0 10.0 10.0 9.0 9.0 7.0 
1108447 1984 12 31 82 5.0 4.0 7.0 4.0 4.0 4.0 8.0 4.0 7.0 3.0 3.0 3.0 4.0 7.0 7.0 7.0 7.0 6.0 2.0 1.0 1.0 0.0 0.0 0.0 
1108447 1985 1 1 82 2.0 2.0 4.0 8.0 9.0 9.0 8.0 6.0 8.0 9.0 10.0 9.0 10.0 10.0 10.0 10.0 9.0 6.0 8.0 3.0 3.0 2.0 1.0 1.0 
