1108447 2003 1 1 82 10.0 10.0 10.0 10.0 10.0 10.0 10.0 10.0 10.0 10.0 10.0 10.0 10.0 10.0 10.0 10.0 10.0 10.0 10.0 10.0 10.0 10.0 10.0 10.0 
1108447 2003 1 2 82 10.0 10.0 10.0 10.0 10.0 10.0 10.0 10.0 10.0 9.0 9.0 10.0 9.0 8.0 10.0 10.0 9.0 9.0 9.0 10.0 10.0 10.0 10.0 10.0 
1108447 2003 1 3 82 10.0 10.0 9.0 9.0 9.0 10.0 9.0 10.0 10.0 10.0 10.0 10.0 9.0 10.0 10.0 7.0 9.0 9.0 10.0 10.0 10.0 10.0 10.0 10.0 
1108447 2003 1 4 82 10.0 10.0 10.0 10.0 10.0 10.0 10.0 10.0 10.0 10.0 10.0 10.0 10.0 9.0 7.0 9.0 7.0 8.0 5.0 3.0 2.0 3.0 1.0 2.0 
1108447 2003 1 5 82 1.0 2.0 2.0 8.0 8.0 10.0 10.0 10.0 7.0 8.0 10.0 10.0 10.0 9.0 8.0 7.0 6.0 5.0 4.0 3.0 3.0 3.0 3.0 0.0 
1108447 2003 1 6 82 0.0 0.0 0.0 0.0 0.0 0.0 0.0 0.0 0.0 0.0 0.0 0.0 0.0 0.0 0.0 0.0 0.0 0.0 0.0 0.0 0.0 0.0 0.0 0.0 
1108447 2003 1 7 82 0.0 0.0 0.0 0.0 0.0 0.0 0.0 0.0 6.0 6.0 5.0 3.0 4.0 5.0 7.0 7.0 8.0 8.0 8.0 9.0 9.0 8.0 6.0 5.0 
1108447 2003 1 8 82 1.0 2.0 1.0 0.0 1.0 1.0 0.0 1.0 0.0 1.0 0.0 1.0 1.0 0.0 0.0 0.0 0.0 0.0 0.0 0.0 0.0 0.0 0.0 0.0 
1108447 2003 1 9 82 0.0 0.0 0.0 0.0 0.0 0.0 0.0 5.0 9.0 9.0 3.0 2.0 2.0 2.0 2.0 4.0 5.0 6.0 6.0 4.0 4.0 0.0 5.0 4.0 
1108447 2003 1 10 82 6.0 5.0 4.0 5.0 8.0 0.0 0.0 0.0 1.0 7.0 7.0 7.0 3.0 5.0 4.0 5.0 6.0 5.0 4.0 3.0 3.0 0.0 8.0 8.0 
1108447 2003 1 11 82 5.0 3.0 2.0 7.0 8.0 9.0 9.0 10.0 9.0 9.0 10.0 10.0 10.0 10.0 10.0 10.0 10.0 10.0 10.0 10.0 10.0 10.0 10.0 10.0 
1108447 2003 1 12 82 10.0 10.0 10.0 10.0 10.0 10.0 10.0 10.0 10.0 10.0 10.0 10.0 10.0 10.0 9.0 9.0 9.0 10.0 8.0 7.0 7.0 7.0 8.0 10.0 
1108447 2003 1 13 82 9.0 10.0 10.0 10.0 9.0 9.0 10.0 10.0 9.0 9.0 9.0 10.0 10.0 10.0 10.0 10.0 10.0 10.0 10.0 10.0 10.0 10.0 10.0 7.0 
1108447 2003 1 14 82 4.0 3.0 2.0 5.0 7.0 2.0 4.0 10.0 10.0 7.0 4.0 5.0 6.0 6.0 6.0 6.0 4.0 1.0 10.0 10.0 1.0 0.0 9.0 9.0 
1108447 2003 1 15 82 9.0 9.0 9.0 9.0 9.0 9.0 9.0 10.0 10.0 10.0 10.0 10.0 10.0 10.0 9.0 9.0 9.0 9.0 9.0 10.0 9.0 10.0 10.0 10.0 
1108447 2003 1 16 82 10.0 10.0 10.0 10.0 8.0 9.0 9.0 10.0 10.0 10.0 10.0 6.0 8.0 10.0 10.0 10.0 10.0 7.0 7.0 7.0 6.0 3.0 4.0 5.0 
1108447 2003 1 17 82 3.0 5.0 7.0 7.0 5.0 5.0 7.0 3.0 3.0 8.0 9.0 9.0 5.0 9.0 10.0 10.0 10.0 10.0 10.0 8.0 4.0 3.0 2.0 1.0 
1108447 2003 1 18 82 10.0 4.0 6.0 2.0 8.0 4.0 3.0 10.0 10.0 10.0 10.0 10.0 10.0 10.0 10.0 10.0 10.0 10.0 10.0 10.0 10.0 9.0 2.0 8.0 
1108447 2003 1 19 82 9.0 4.0 7.0 10.0 10.0 10.0 10.0 10.0 10.0 10.0 10.0 10.0 10.0 10.0 10.0 10.0 10.0 10.0 10.0 10.0 10.0 10.0 10.0 10.0 
1108447 2003 1 20 82 10.0 10.0 10.0 10.0 10.0 10.0 10.0 10.0 8.0 10.0 10.0 9.0 9.0 9.0 9.0 9.0 9.0 8.0 9.0 9.0 9.0 9.0 9.0 9.0 
1108447 2003 1 21 82 9.0 9.0 10.0 10.0 10.0 10.0 10.0 10.0 10.0 10.0 10.0 10.0 10.0 10.0 10.0 10.0 10.0 10.0 10.0 10.0 10.0 10.0 10.0 10.0 
1108447 2003 1 22 82 10.0 10.0 10.0 10.0 10.0 10.0 10.0 10.0 10.0 10.0 10.0 10.0 10.0 10.0 10.0 10.0 10.0 10.0 8.0 8.0 10.0 10.0 10.0 10.0 
1108447 2003 1 23 82 10.0 10.0 10.0 10.0 10.0 10.0 10.0 10.0 10.0 9.0 7.0 7.0 8.0 8.0 8.0 8.0 10.0 10.0 10.0 10.0 10.0 10.0 10.0 10.0 
1108447 2003 1 24 82 10.0 10.0 10.0 10.0 10.0 9.0 10.0 9.0 10.0 10.0 9.0 9.0 10.0 10.0 10.0 10.0 10.0 10.0 10.0 10.0 10.0 10.0 10.0 10.0 
1108447 2003 1 25 82 10.0 10.0 10.0 10.0 10.0 10.0 10.0 10.0 10.0 10.0 10.0 10.0 10.0 10.0 10.0 10.0 10.0 10.0 10.0 10.0 10.0 10.0 10.0 10.0 
1108447 2003 1 26 82 10.0 10.0 10.0 10.0 10.0 10.0 10.0 10.0 8.0 9.0 8.0 8.0 9.0 10.0 10.0 9.0 9.0 8.0 8.0 9.0 9.0 9.0 9.0 8.0 
1108447 2003 1 27 82 9.0 9.0 9.0 9.0 9.0 9.0 9.0 10.0 10.0 8.0 8.0 5.0 6.0 7.0 3.0 1.0 2.0 2.0 3.0 7.0 8.0 9.0 10.0 5.0 
1108447 2003 1 28 82 8.0 10.0 10.0 10.0 10.0 10.0 10.0 10.0 10.0 10.0 10.0 10.0 10.0 10.0 9.0 9.0 9.0 8.0 8.0 7.0 8.0 7.0 7.0 8.0 
1108447 2003 1 29 82 9.0 10.0 10.0 10.0 10.0 10.0 10.0 10.0 10.0 10.0 10.0 10.0 10.0 10.0 10.0 10.0 10.0 10.0 10.0 10.0 10.0 10.0 10.0 10.0 
1108447 2003 1 30 82 10.0 10.0 9.0 6.0 6.0 9.0 9.0 9.0 9.0 10.0 10.0 10.0 10.0 10.0 10.0 10.0 10.0 10.0 10.0 10.0 10.0 10.0 10.0 9.0 
1108447 2003 1 31 82 4.0 8.0 8.0 6.0 6.0 9.0 9.0 9.0 10.0 9.0 9.0 10.0 9.0 8.0 9.0 9.0 9.0 8.0 8.0 7.0 7.0 8.0 8.0 8.0 
1108447 2003 2 1 82 9.0 9.0 10.0 8.0 7.0 5.0 3.0 5.0 8.0 9.0 10.0 10.0 10.0 9.0 9.0 9.0 9.0 10.0 10.0 7.0 9.0 9.0 9.0 10.0 
1108447 2003 2 2 82 10.0 8.0 10.0 9.0 10.0 10.0 9.0 7.0 7.0 9.0 10.0 9.0 10.0 10.0 9.0 10.0 10.0 9.0 9.0 10.0 9.0 10.0 9.0 8.0 
1108447 2003 2 3 82 9.0 3.0 5.0 2.0 2.0 2.0 1.0 7.0 8.0 4.0 0.0 1.0 8.0 9.0 9.0 8.0 8.0 6.0 5.0 3.0 1.0 2.0 1.0 0.0 
1108447 2003 2 4 82 0.0 0.0 1.0 1.0 1.0 3.0 2.0 1.0 0.0 1.0 1.0 2.0 2.0 2.0 2.0 4.0 4.0 5.0 3.0 3.0 3.0 2.0 2.0 7.0 
1108447 2003 2 5 82 6.0 3.0 0.0 0.0 0.0 0.0 0.0 0.0 0.0 0.0 0.0 0.0 0.0 0.0 0.0 1.0 4.0 2.0 0.0 0.0 0.0 0.0 0.0 0.0 
1108447 2003 2 6 82 0.0 0.0 0.0 0.0 0.0 0.0 0.0 0.0 1.0 1.0 1.0 3.0 5.0 7.0 8.0 3.0 1.0 2.0 2.0 1.0 3.0 8.0 10.0 10.0 
1108447 2003 2 7 82 10.0 10.0 10.0 10.0 10.0 10.0 10.0 10.0 10.0 10.0 10.0 10.0 10.0 10.0 9.0 9.0 10.0 10.0 10.0 10.0 10.0 10.0 10.0 10.0 
1108447 2003 2 8 82 10.0 10.0 10.0 10.0 10.0 10.0 9.0 7.0 9.0 10.0 10.0 10.0 10.0 9.0 8.0 8.0 9.0 9.0 9.0 9.0 10.0 10.0 10.0 10.0 
1108447 2003 2 9 82 10.0 10.0 10.0 10.0 10.0 10.0 10.0 10.0 10.0 10.0 10.0 10.0 10.0 10.0 10.0 10.0 10.0 10.0 10.0 10.0 10.0 10.0 9.0 9.0 
1108447 2003 2 10 82 9.0 9.0 9.0 9.0 6.0 5.0 5.0 5.0 4.0 5.0 9.0 9.0 10.0 10.0 9.0 8.0 9.0 9.0 9.0 7.0 7.0 5.0 6.0 2.0 
1108447 2003 2 11 82 4.0 4.0 4.0 3.0 3.0 3.0 3.0 1.0 1.0 1.0 0.0 0.0 0.0 0.0 0.0 0.0 0.0 0.0 0.0 0.0 0.0 0.0 0.0 0.0 
1108447 2003 2 12 82 0.0 0.0 0.0 0.0 0.0 0.0 0.0 0.0 0.0 0.0 0.0 0.0 0.0 0.0 0.0 0.0 0.0 0.0 0.0 0.0 0.0 8.0 8.0 9.0 
1108447 2003 2 13 82 9.0 6.0 9.0 9.0 9.0 6.0 9.0 3.0 8.0 8.0 8.0 8.0 8.0 9.0 8.0 9.0 10.0 10.0 10.0 10.0 10.0 10.0 10.0 9.0 
1108447 2003 2 14 82 9.0 8.0 8.0 9.0 9.0 8.0 9.0 9.0 9.0 8.0 9.0 9.0 9.0 8.0 9.0 10.0 10.0 10.0 10.0 7.0 10.0 10.0 10.0 9.0 
1108447 2003 2 15 82 9.0 10.0 10.0 10.0 10.0 10.0 10.0 10.0 10.0 10.0 10.0 10.0 10.0 10.0 10.0 10.0 10.0 10.0 10.0 10.0 10.0 10.0 10.0 10.0 
1108447 2003 2 16 82 10.0 10.0 10.0 10.0 10.0 10.0 10.0 10.0 9.0 9.0 9.0 8.0 7.0 9.0 9.0 9.0 10.0 10.0 10.0 10.0 10.0 10.0 10.0 10.0 
1108447 2003 2 17 82 10.0 10.0 10.0 10.0 10.0 10.0 9.0 9.0 9.0 9.0 9.0 9.0 9.0 8.0 8.0 7.0 9.0 9.0 7.0 2.0 0.0 7.0 9.0 8.0 
1108447 2003 2 18 82 8.0 5.0 6.0 6.0 5.0 7.0 7.0 8.0 7.0 9.0 10.0 10.0 9.0 9.0 9.0 9.0 9.0 9.0 10.0 10.0 9.0 10.0 10.0 10.0 
1108447 2003 2 19 82 10.0 10.0 10.0 10.0 10.0 10.0 10.0 10.0 10.0 10.0 10.0 10.0 10.0 10.0 10.0 10.0 10.0 10.0 10.0 10.0 10.0 10.0 10.0 10.0 
1108447 2003 2 20 82 10.0 10.0 10.0 10.0 10.0 10.0 10.0 10.0 10.0 10.0 10.0 10.0 10.0 10.0 10.0 10.0 8.0 9.0 9.0 8.0 8.0 8.0 9.0 10.0 
1108447 2003 2 21 82 9.0 10.0 7.0 10.0 10.0 10.0 8.0 10.0 9.0 9.0 9.0 10.0 10.0 9.0 9.0 10.0 6.0 4.0 5.0 3.0 2.0 2.0 3.0 2.0 
1108447 2003 2 22 82 1.0 2.0 2.0 2.0 2.0 3.0 4.0 4.0 5.0 8.0 8.0 8.0 8.0 6.0 3.0 3.0 3.0 2.0 1.0 1.0 1.0 0.0 1.0 1.0 
1108447 2003 2 23 82 7.0 7.0 6.0 5.0 2.0 1.0 1.0 0.0 0.0 0.0 0.0 0.0 0.0 0.0 1.0 0.0 0.0 0.0 0.0 0.0 0.0 0.0 0.0 0.0 
1108447 2003 2 24 82 0.0 0.0 0.0 0.0 0.0 0.0 0.0 0.0 0.0 0.0 0.0 1.0 1.0 0.0 0.0 0.0 1.0 1.0 1.0 0.0 0.0 0.0 0.0 0.0 
1108447 2003 2 25 82 0.0 0.0 0.0 0.0 0.0 0.0 0.0 1.0 2.0 3.0 5.0 5.0 5.0 7.0 7.0 9.0 9.0 9.0 10.0 10.0 10.0 10.0 10.0 10.0 
1108447 2003 2 26 82 10.0 10.0 10.0 8.0 9.0 9.0 10.0 10.0 9.0 9.0 9.0 9.0 8.0 8.0 7.0 7.0 2.0 2.0 1.0 3.0 2.0 1.0 1.0 2.0 
1108447 2003 2 27 82 2.0 2.0 2.0 2.0 2.0 2.0 2.0 2.0 1.0 1.0 1.0 1.0 3.0 3.0 5.0 8.0 9.0 10.0 10.0 10.0 10.0 10.0 10.0 10.0 
1108447 2003 2 28 82 10.0 10.0 10.0 10.0 10.0 10.0 10.0 10.0 10.0 10.0 10.0 10.0 10.0 10.0 9.0 9.0 7.0 5.0 5.0 4.0 3.0 1.0 1.0 1.0 
1108447 2003 3 1 82 0.0 0.0 0.0 0.0 0.0 2.0 4.0 8.0 8.0 10.0 10.0 9.0 8.0 3.0 3.0 2.0 3.0 3.0 4.0 5.0 6.0 8.0 10.0 10.0 
1108447 2003 3 2 82 10.0 10.0 8.0 7.0 9.0 10.0 10.0 10.0 10.0 9.0 10.0 10.0 10.0 10.0 10.0 10.0 10.0 10.0 10.0 10.0 10.0 10.0 9.0 10.0 
1108447 2003 3 3 82 10.0 10.0 10.0 9.0 1.0 0.0 0.0 0.0 1.0 0.0 2.0 7.0 7.0 5.0 5.0 2.0 2.0 5.0 9.0 9.0 7.0 10.0 10.0 10.0 
1108447 2003 3 4 82 8.0 10.0 10.0 10.0 10.0 10.0 10.0 10.0 10.0 10.0 10.0 10.0 9.0 9.0 9.0 10.0 10.0 9.0 10.0 10.0 10.0 10.0 10.0 10.0 
1108447 2003 3 5 82 10.0 10.0 10.0 10.0 10.0 10.0 10.0 10.0 10.0 9.0 10.0 10.0 10.0 10.0 10.0 9.0 9.0 10.0 8.0 8.0 8.0 6.0 5.0 5.0 
1108447 2003 3 6 82 8.0 8.0 5.0 3.0 4.0 3.0 8.0 4.0 4.0 5.0 7.0 9.0 9.0 8.0 8.0 7.0 6.0 7.0 8.0 8.0 7.0 7.0 5.0 9.0 
1108447 2003 3 7 82 9.0 5.0 5.0 9.0 10.0 10.0 9.0 10.0 10.0 9.0 7.0 9.0 6.0 6.0 7.0 8.0 9.0 8.0 7.0 8.0 8.0 5.0 4.0 5.0 
1108447 2003 3 8 82 7.0 8.0 10.0 10.0 10.0 10.0 10.0 9.0 9.0 9.0 9.0 9.0 9.0 10.0 10.0 10.0 10.0 10.0 10.0 10.0 10.0 10.0 10.0 10.0 
1108447 2003 3 9 82 10.0 10.0 10.0 10.0 10.0 10.0 10.0 10.0 10.0 10.0 10.0 10.0 10.0 10.0 10.0 10.0 10.0 10.0 10.0 10.0 10.0 9.0 10.0 10.0 
1108447 2003 3 10 82 10.0 10.0 10.0 10.0 10.0 10.0 10.0 9.0 8.0 9.0 9.0 9.0 9.0 9.0 9.0 9.0 10.0 10.0 10.0 10.0 9.0 9.0 8.0 9.0 
1108447 2003 3 11 82 10.0 10.0 10.0 10.0 10.0 10.0 10.0 10.0 10.0 10.0 10.0 10.0 10.0 10.0 10.0 10.0 10.0 10.0 8.0 8.0 8.0 8.0 4.0 7.0 
1108447 2003 3 12 82 8.0 10.0 10.0 10.0 10.0 10.0 10.0 10.0 10.0 10.0 10.0 10.0 10.0 10.0 10.0 10.0 10.0 10.0 10.0 10.0 10.0 10.0 10.0 10.0 
1108447 2003 3 13 82 10.0 10.0 10.0 10.0 10.0 10.0 10.0 10.0 10.0 10.0 10.0 9.0 9.0 9.0 10.0 10.0 10.0 10.0 10.0 10.0 10.0 10.0 10.0 10.0 
1108447 2003 3 14 82 10.0 10.0 10.0 9.0 9.0 10.0 10.0 10.0 10.0 10.0 10.0 9.0 9.0 9.0 9.0 8.0 8.0 5.0 7.0 8.0 9.0 10.0 10.0 9.0 
1108447 2003 3 15 82 9.0 10.0 10.0 8.0 10.0 8.0 5.0 6.0 3.0 6.0 9.0 9.0 9.0 9.0 9.0 9.0 9.0 9.0 9.0 9.0 8.0 9.0 9.0 10.0 
1108447 2003 3 16 82 9.0 9.0 9.0 9.0 9.0 9.0 10.0 9.0 9.0 9.0 9.0 9.0 9.0 9.0 10.0 9.0 8.0 6.0 6.0 4.0 3.0 3.0 6.0 8.0 
1108447 2003 3 17 82 5.0 1.0 1.0 1.0 5.0 7.0 10.0 7.0 8.0 9.0 8.0 9.0 9.0 10.0 8.0 8.0 9.0 9.0 8.0 7.0 4.0 3.0 2.0 2.0 
1108447 2003 3 18 82 3.0 7.0 9.0 10.0 10.0 10.0 9.0 9.0 10.0 10.0 9.0 9.0 9.0 9.0 9.0 9.0 8.0 9.0 7.0 7.0 7.0 6.0 4.0 1.0 
1108447 2003 3 19 82 4.0 8.0 9.0 10.0 10.0 10.0 10.0 10.0 10.0 10.0 10.0 10.0 10.0 10.0 10.0 10.0 10.0 10.0 10.0 10.0 10.0 10.0 10.0 10.0 
1108447 2003 3 20 82 10.0 10.0 9.0 10.0 9.0 9.0 10.0 10.0 10.0 9.0 9.0 9.0 9.0 10.0 9.0 8.0 9.0 9.0 9.0 9.0 10.0 10.0 10.0 10.0 
1108447 2003 3 21 82 10.0 10.0 10.0 10.0 10.0 10.0 10.0 9.0 6.0 9.0 10.0 10.0 10.0 10.0 10.0 10.0 10.0 10.0 10.0 10.0 10.0 10.0 10.0 10.0 
1108447 2003 3 22 82 10.0 10.0 10.0 10.0 10.0 10.0 8.0 2.0 3.0 3.0 6.0 9.0 9.0 8.0 7.0 8.0 9.0 8.0 7.0 6.0 6.0 5.0 4.0 1.0 
1108447 2003 3 23 82 0.0 9.0 10.0 10.0 10.0 10.0 10.0 10.0 9.0 9.0 9.0 6.0 7.0 5.0 2.0 2.0 2.0 3.0 1.0 1.0 0.0 0.0 0.0 0.0 
1108447 2003 3 24 82 1.0 0.0 0.0 0.0 0.0 0.0 2.0 2.0 7.0 5.0 7.0 9.0 9.0 9.0 10.0 10.0 10.0 10.0 10.0 10.0 10.0 10.0 10.0 10.0 
1108447 2003 3 25 82 10.0 10.0 9.0 4.0 2.0 2.0 6.0 6.0 8.0 10.0 9.0 9.0 7.0 5.0 4.0 5.0 8.0 8.0 9.0 9.0 9.0 8.0 10.0 10.0 
1108447 2003 3 26 82 10.0 10.0 10.0 10.0 6.0 7.0 9.0 8.0 9.0 9.0 7.0 4.0 4.0 5.0 5.0 7.0 9.0 9.0 9.0 9.0 9.0 9.0 9.0 10.0 
1108447 2003 3 27 82 9.0 10.0 10.0 10.0 10.0 10.0 10.0 10.0 10.0 10.0 10.0 10.0 10.0 10.0 8.0 9.0 9.0 9.0 8.0 6.0 3.0 2.0 2.0 4.0 
1108447 2003 3 28 82 3.0 7.0 7.0 6.0 6.0 6.0 6.0 9.0 9.0 9.0 9.0 9.0 9.0 9.0 10.0 10.0 10.0 10.0 10.0 10.0 10.0 10.0 10.0 10.0 
1108447 2003 3 29 82 10.0 10.0 10.0 10.0 10.0 10.0 10.0 10.0 10.0 10.0 10.0 10.0 10.0 10.0 10.0 10.0 10.0 10.0 10.0 10.0 10.0 10.0 10.0 10.0 
1108447 2003 3 30 82 10.0 10.0 10.0 10.0 10.0 9.0 10.0 9.0 10.0 10.0 10.0 10.0 10.0 10.0 10.0 10.0 10.0 10.0 10.0 10.0 10.0 10.0 10.0 10.0 
1108447 2003 3 31 82 9.0 9.0 9.0 2.0 2.0 2.0 2.0 6.0 8.0 8.0 9.0 10.0 10.0 10.0 10.0 10.0 10.0 10.0 9.0 9.0 8.0 8.0 8.0 7.0 
1108447 2003 4 1 82 8.0 10.0 10.0 10.0 10.0 10.0 10.0 10.0 10.0 10.0 10.0 9.0 8.0 5.0 4.0 6.0 7.0 9.0 10.0 10.0 10.0 10.0 10.0 10.0 
1108447 2003 4 2 82 10.0 10.0 10.0 10.0 10.0 9.0 10.0 9.0 9.0 8.0 9.0 9.0 9.0 8.0 8.0 8.0 6.0 7.0 6.0 6.0 6.0 8.0 8.0 10.0 
1108447 2003 4 3 82 10.0 10.0 10.0 10.0 10.0 10.0 10.0 9.0 10.0 9.0 7.0 7.0 7.0 7.0 8.0 9.0 9.0 9.0 9.0 9.0 8.0 8.0 9.0 8.0 
1108447 2003 4 4 82 9.0 10.0 10.0 7.0 10.0 9.0 7.0 8.0 8.0 8.0 4.0 5.0 8.0 9.0 8.0 8.0 7.0 7.0 8.0 9.0 9.0 6.0 3.0 5.0 
1108447 2003 4 5 82 7.0 9.0 9.0 9.0 9.0 9.0 9.0 10.0 10.0 10.0 10.0 10.0 10.0 10.0 10.0 10.0 10.0 10.0 10.0 10.0 10.0 10.0 10.0 10.0 
1108447 2003 4 6 82 10.0 10.0 10.0 10.0 10.0 9.0 8.0 9.0 9.0 9.0 10.0 10.0 10.0 10.0 9.0 9.0 9.0 9.0 9.0 9.0 9.0 8.0 10.0 10.0 
1108447 2003 4 7 82 10.0 10.0 10.0 10.0 10.0 10.0 10.0 10.0 10.0 10.0 10.0 10.0 10.0 10.0 10.0 10.0 10.0 10.0 10.0 10.0 10.0 10.0 10.0 10.0 
1108447 2003 4 8 82 10.0 10.0 10.0 10.0 10.0 10.0 10.0 10.0 10.0 10.0 10.0 10.0 10.0 10.0 10.0 10.0 10.0 10.0 10.0 10.0 10.0 10.0 10.0 10.0 
1108447 2003 4 9 82 10.0 6.0 3.0 8.0 8.0 9.0 9.0 10.0 7.0 7.0 7.0 5.0 6.0 5.0 7.0 9.0 9.0 10.0 10.0 10.0 10.0 10.0 9.0 9.0 
1108447 2003 4 10 82 9.0 9.0 10.0 10.0 10.0 9.0 10.0 10.0 10.0 10.0 10.0 10.0 10.0 10.0 10.0 10.0 10.0 10.0 10.0 10.0 10.0 10.0 10.0 10.0 
1108447 2003 4 11 82 10.0 10.0 10.0 10.0 10.0 10.0 9.0 9.0 9.0 10.0 9.0 9.0 9.0 9.0 9.0 10.0 10.0 10.0 10.0 10.0 10.0 9.0 8.0 8.0 
1108447 2003 4 12 82 8.0 3.0 3.0 1.0 1.0 8.0 9.0 9.0 9.0 9.0 10.0 10.0 10.0 10.0 10.0 10.0 10.0 10.0 10.0 10.0 10.0 10.0 10.0 1.0 
1108447 2003 4 13 82 1.0 4.0 7.0 9.0 8.0 10.0 9.0 9.0 9.0 10.0 10.0 10.0 10.0 10.0 10.0 10.0 10.0 10.0 10.0 10.0 10.0 10.0 10.0 8.0 
1108447 2003 4 14 82 9.0 9.0 9.0 9.0 9.0 9.0 10.0 10.0 9.0 9.0 9.0 9.0 10.0 10.0 9.0 9.0 9.0 8.0 9.0 4.0 6.0 7.0 7.0 5.0 
1108447 2003 4 15 82 6.0 7.0 8.0 8.0 9.0 10.0 10.0 10.0 10.0 10.0 10.0 9.0 9.0 9.0 8.0 8.0 8.0 8.0 8.0 9.0 9.0 9.0 10.0 10.0 
1108447 2003 4 16 82 10.0 10.0 9.0 9.0 9.0 10.0 10.0 10.0 10.0 10.0 10.0 10.0 9.0 10.0 10.0 10.0 10.0 10.0 10.0 10.0 10.0 10.0 9.0 9.0 
1108447 2003 4 17 82 9.0 10.0 9.0 7.0 8.0 9.0 9.0 10.0 10.0 9.0 8.0 7.0 9.0 8.0 8.0 8.0 8.0 9.0 9.0 9.0 9.0 7.0 9.0 8.0 
1108447 2003 4 18 82 3.0 10.0 10.0 8.0 10.0 10.0 9.0 9.0 9.0 9.0 9.0 8.0 8.0 8.0 9.0 8.0 9.0 9.0 8.0 9.0 10.0 10.0 10.0 10.0 
1108447 2003 4 19 82 10.0 10.0 10.0 10.0 10.0 10.0 10.0 10.0 10.0 10.0 10.0 10.0 10.0 10.0 10.0 10.0 10.0 10.0 9.0 10.0 10.0 10.0 10.0 10.0 
1108447 2003 4 20 82 10.0 10.0 9.0 9.0 9.0 10.0 10.0 10.0 10.0 10.0 10.0 10.0 10.0 10.0 10.0 10.0 10.0 10.0 10.0 9.0 8.0 9.0 10.0 10.0 
1108447 2003 4 21 82 10.0 10.0 10.0 10.0 10.0 10.0 10.0 10.0 10.0 9.0 9.0 10.0 10.0 10.0 10.0 10.0 10.0 9.0 9.0 9.0 8.0 7.0 4.0 6.0 
1108447 2003 4 22 82 5.0 6.0 10.0 10.0 10.0 10.0 9.0 9.0 5.0 5.0 5.0 5.0 4.0 5.0 8.0 3.0 1.0 1.0 3.0 8.0 5.0 7.0 8.0 8.0 
1108447 2003 4 23 82 6.0 6.0 7.0 7.0 9.0 10.0 10.0 10.0 10.0 10.0 10.0 10.0 10.0 10.0 10.0 10.0 10.0 10.0 10.0 10.0 10.0 10.0 10.0 10.0 
1108447 2003 4 24 82 10.0 9.0 10.0 10.0 10.0 10.0 10.0 10.0 10.0 10.0 10.0 10.0 10.0 10.0 10.0 10.0 10.0 10.0 10.0 10.0 10.0 10.0 10.0 10.0 
1108447 2003 4 25 82 10.0 10.0 10.0 10.0 10.0 10.0 10.0 10.0 10.0 8.0 8.0 6.0 6.0 4.0 4.0 5.0 4.0 5.0 6.0 7.0 6.0 4.0 3.0 1.0 
1108447 2003 4 26 82 1.0 1.0 1.0 1.0 1.0 2.0 4.0 6.0 5.0 5.0 5.0 6.0 8.0 8.0 8.0 9.0 10.0 10.0 10.0 10.0 10.0 10.0 10.0 10.0 
1108447 2003 4 27 82 10.0 10.0 10.0 10.0 10.0 10.0 10.0 9.0 9.0 9.0 10.0 10.0 9.0 9.0 9.0 9.0 9.0 9.0 9.0 9.0 9.0 9.0 6.0 2.0 
1108447 2003 4 28 82 2.0 2.0 2.0 2.0 1.0 1.0 1.0 1.0 2.0 1.0 3.0 2.0 2.0 3.0 4.0 5.0 5.0 5.0 4.0 6.0 5.0 5.0 3.0 3.0 
1108447 2003 4 29 82 3.0 1.0 1.0 2.0 2.0 4.0 7.0 6.0 7.0 7.0 8.0 8.0 8.0 8.0 9.0 9.0 8.0 7.0 7.0 8.0 8.0 3.0 2.0 2.0 
1108447 2003 4 30 82 2.0 2.0 2.0 7.0 6.0 4.0 3.0 3.0 7.0 6.0 5.0 5.0 4.0 3.0 3.0 1.0 1.0 1.0 4.0 3.0 1.0 1.0 1.0 1.0 
1108447 2003 5 1 82 1.0 2.0 2.0 3.0 6.0 9.0 7.0 8.0 8.0 3.0 3.0 4.0 6.0 6.0 4.0 3.0 2.0 2.0 3.0 3.0 1.0 1.0 1.0 1.0 
1108447 2003 5 2 82 1.0 3.0 4.0 4.0 8.0 9.0 9.0 10.0 10.0 9.0 9.0 9.0 7.0 7.0 5.0 3.0 2.0 2.0 1.0 5.0 3.0 4.0 7.0 8.0 
1108447 2003 5 3 82 9.0 10.0 10.0 10.0 10.0 10.0 10.0 9.0 8.0 9.0 9.0 10.0 10.0 10.0 10.0 10.0 10.0 9.0 9.0 10.0 10.0 10.0 10.0 10.0 
1108447 2003 5 4 82 10.0 10.0 10.0 10.0 10.0 10.0 10.0 10.0 10.0 10.0 10.0 10.0 10.0 10.0 10.0 10.0 9.0 9.0 10.0 10.0 9.0 5.0 5.0 5.0 
1108447 2003 5 5 82 4.0 6.0 8.0 9.0 6.0 5.0 6.0 5.0 5.0 6.0 5.0 2.0 2.0 2.0 4.0 3.0 2.0 2.0 2.0 2.0 2.0 2.0 0.0 1.0 
1108447 2003 5 6 82 1.0 2.0 0.0 0.0 1.0 2.0 2.0 6.0 2.0 4.0 3.0 2.0 2.0 2.0 2.0 1.0 3.0 3.0 4.0 4.0 4.0 4.0 2.0 2.0 
1108447 2003 5 7 82 2.0 4.0 6.0 9.0 9.0 9.0 10.0 10.0 10.0 10.0 9.0 10.0 10.0 9.0 8.0 8.0 9.0 9.0 9.0 7.0 8.0 8.0 8.0 9.0 
1108447 2003 5 8 82 9.0 6.0 7.0 8.0 7.0 6.0 9.0 8.0 9.0 9.0 7.0 7.0 6.0 5.0 3.0 3.0 4.0 5.0 4.0 5.0 3.0 2.0 4.0 7.0 
1108447 2003 5 9 82 8.0 7.0 8.0 9.0 10.0 10.0 9.0 7.0 9.0 9.0 9.0 9.0 8.0 6.0 7.0 9.0 9.0 9.0 9.0 9.0 9.0 8.0 6.0 8.0 
1108447 2003 5 10 82 5.0 6.0 7.0 8.0 9.0 8.0 7.0 5.0 3.0 4.0 3.0 1.0 1.0 1.0 3.0 3.0 3.0 3.0 3.0 4.0 4.0 4.0 2.0 1.0 
1108447 2003 5 11 82 7.0 3.0 3.0 1.0 5.0 8.0 7.0 4.0 4.0 4.0 4.0 4.0 6.0 3.0 4.0 4.0 4.0 4.0 3.0 2.0 1.0 1.0 1.0 3.0 
1108447 2003 5 12 82 1.0 1.0 2.0 1.0 2.0 8.0 8.0 8.0 9.0 9.0 9.0 10.0 9.0 7.0 7.0 8.0 9.0 9.0 10.0 10.0 10.0 10.0 3.0 8.0 
1108447 2003 5 13 82 5.0 8.0 7.0 8.0 9.0 9.0 7.0 7.0 8.0 8.0 8.0 9.0 9.0 9.0 10.0 10.0 10.0 9.0 9.0 9.0 9.0 10.0 9.0 8.0 
1108447 2003 5 14 82 7.0 9.0 9.0 9.0 9.0 9.0 9.0 9.0 9.0 10.0 9.0 5.0 4.0 9.0 9.0 8.0 4.0 3.0 3.0 4.0 4.0 2.0 1.0 1.0 
1108447 2003 5 15 82 1.0 6.0 5.0 4.0 8.0 8.0 5.0 5.0 7.0 8.0 9.0 9.0 6.0 8.0 10.0 7.0 8.0 9.0 8.0 8.0 7.0 5.0 9.0 8.0 
1108447 2003 5 16 82 9.0 7.0 9.0 9.0 9.0 9.0 9.0 9.0 9.0 6.0 8.0 7.0 9.0 9.0 9.0 9.0 10.0 9.0 9.0 8.0 9.0 9.0 9.0 10.0 
1108447 2003 5 17 82 10.0 10.0 10.0 10.0 10.0 10.0 10.0 10.0 10.0 10.0 9.0 9.0 9.0 9.0 8.0 7.0 7.0 5.0 7.0 8.0 5.0 8.0 7.0 8.0 
1108447 2003 5 18 82 9.0 9.0 9.0 10.0 9.0 9.0 4.0 4.0 5.0 7.0 8.0 8.0 4.0 4.0 5.0 5.0 5.0 4.0 3.0 1.0 1.0 1.0 1.0 1.0 
1108447 2003 5 19 82 2.0 2.0 0.0 0.0 0.0 2.0 2.0 4.0 7.0 8.0 9.0 10.0 10.0 9.0 8.0 7.0 9.0 8.0 7.0 8.0 8.0 5.0 5.0 4.0 
1108447 2003 5 20 82 10.0 10.0 10.0 10.0 10.0 10.0 10.0 10.0 10.0 10.0 10.0 10.0 10.0 10.0 10.0 10.0 10.0 10.0 10.0 10.0 10.0 10.0 10.0 10.0 
1108447 2003 5 21 82 10.0 10.0 10.0 10.0 10.0 10.0 10.0 10.0 10.0 10.0 10.0 10.0 9.0 9.0 9.0 9.0 10.0 10.0 10.0 10.0 10.0 10.0 10.0 10.0 
1108447 2003 5 22 82 10.0 10.0 10.0 10.0 10.0 10.0 10.0 10.0 10.0 10.0 10.0 10.0 10.0 10.0 10.0 10.0 10.0 10.0 10.0 10.0 10.0 10.0 10.0 10.0 
1108447 2003 5 23 82 10.0 10.0 10.0 10.0 10.0 10.0 10.0 10.0 10.0 10.0 10.0 10.0 10.0 9.0 9.0 10.0 10.0 10.0 10.0 9.0 10.0 10.0 10.0 10.0 
1108447 2003 5 24 82 10.0 10.0 10.0 10.0 10.0 10.0 10.0 10.0 10.0 10.0 10.0 10.0 10.0 10.0 10.0 10.0 10.0 10.0 10.0 10.0 10.0 8.0 10.0 10.0 
1108447 2003 5 25 82 10.0 10.0 10.0 10.0 10.0 9.0 9.0 9.0 9.0 8.0 9.0 10.0 10.0 10.0 10.0 10.0 8.0 4.0 4.0 6.0 3.0 2.0 2.0 1.0 
1108447 2003 5 26 82 1.0 2.0 2.0 2.0 3.0 4.0 7.0 7.0 9.0 9.0 9.0 8.0 4.0 2.0 9.0 10.0 10.0 10.0 10.0 10.0 10.0 10.0 10.0 10.0 
1108447 2003 5 27 82 10.0 10.0 10.0 10.0 10.0 9.0 9.0 9.0 10.0 10.0 10.0 10.0 10.0 10.0 10.0 10.0 10.0 10.0 10.0 10.0 10.0 10.0 4.0 4.0 
1108447 2003 5 28 82 5.0 4.0 5.0 7.0 7.0 8.0 10.0 10.0 10.0 10.0 10.0 10.0 10.0 10.0 6.0 5.0 3.0 5.0 5.0 4.0 4.0 4.0 1.0 1.0 
1108447 2003 5 29 82 1.0 3.0 4.0 5.0 5.0 7.0 3.0 2.0 2.0 2.0 4.0 7.0 6.0 7.0 7.0 7.0 8.0 9.0 9.0 9.0 6.0 4.0 4.0 4.0 
1108447 2003 5 30 82 4.0 4.0 6.0 6.0 8.0 10.0 9.0 9.0 9.0 10.0 8.0 9.0 6.0 9.0 10.0 10.0 9.0 10.0 10.0 10.0 10.0 10.0 8.0 6.0 
1108447 2003 5 31 82 3.0 5.0 8.0 10.0 10.0 10.0 10.0 10.0 10.0 10.0 10.0 9.0 9.0 9.0 9.0 8.0 8.0 9.0 9.0 9.0 10.0 8.0 8.0 8.0 
1108447 2003 6 1 82 9.0 9.0 8.0 5.0 5.0 8.0 10.0 10.0 9.0 10.0 10.0 10.0 10.0 10.0 10.0 10.0 10.0 10.0 9.0 9.0 10.0 9.0 9.0 9.0 
1108447 2003 6 2 82 8.0 4.0 9.0 8.0 2.0 1.0 2.0 3.0 4.0 7.0 2.0 1.0 2.0 1.0 2.0 2.0 1.0 1.0 1.0 1.0 2.0 1.0 0.0 0.0 
1108447 2003 6 3 82 0.0 0.0 0.0 0.0 0.0 0.0 0.0 0.0 0.0 0.0 0.0 2.0 3.0 2.0 2.0 2.0 1.0 1.0 1.0 1.0 1.0 1.0 0.0 0.0 
1108447 2003 6 4 82 0.0 0.0 0.0 1.0 2.0 2.0 2.0 1.0 7.0 4.0 3.0 1.0 1.0 2.0 2.0 2.0 3.0 3.0 4.0 5.0 5.0 3.0 2.0 2.0 
1108447 2003 6 5 82 2.0 3.0 3.0 2.0 4.0 6.0 5.0 3.0 3.0 3.0 5.0 4.0 5.0 4.0 3.0 1.0 1.0 0.0 0.0 0.0 1.0 2.0 2.0 2.0 
1108447 2003 6 6 82 2.0 3.0 1.0 2.0 6.0 8.0 8.0 4.0 3.0 2.0 1.0 1.0 1.0 1.0 1.0 1.0 2.0 5.0 9.0 9.0 6.0 3.0 3.0 2.0 
1108447 2003 6 7 82 2.0 2.0 4.0 4.0 3.0 3.0 3.0 1.0 1.0 0.0 0.0 0.0 0.0 0.0 0.0 0.0 0.0 0.0 1.0 1.0 1.0 1.0 0.0 0.0 
1108447 2003 6 8 82 0.0 0.0 3.0 3.0 1.0 1.0 2.0 8.0 7.0 5.0 4.0 1.0 1.0 0.0 1.0 1.0 0.0 0.0 0.0 0.0 3.0 3.0 1.0 1.0 
1108447 2003 6 9 82 2.0 2.0 1.0 2.0 2.0 3.0 1.0 2.0 2.0 1.0 2.0 1.0 1.0 1.0 1.0 1.0 1.0 7.0 4.0 6.0 6.0 9.0 9.0 6.0 
1108447 2003 6 10 82 8.0 9.0 10.0 10.0 10.0 9.0 9.0 9.0 9.0 10.0 10.0 10.0 9.0 9.0 9.0 8.0 8.0 5.0 2.0 5.0 4.0 5.0 5.0 6.0 
1108447 2003 6 11 82 10.0 5.0 8.0 9.0 10.0 10.0 10.0 9.0 9.0 9.0 9.0 9.0 9.0 6.0 6.0 8.0 7.0 9.0 10.0 7.0 7.0 8.0 10.0 9.0 
1108447 2003 6 12 82 7.0 3.0 10.0 8.0 7.0 9.0 9.0 10.0 10.0 10.0 10.0 10.0 9.0 10.0 10.0 10.0 10.0 10.0 10.0 10.0 10.0 10.0 10.0 10.0 
1108447 2003 6 13 82 10.0 10.0 10.0 10.0 10.0 7.0 9.0 8.0 7.0 8.0 6.0 6.0 6.0 7.0 8.0 7.0 8.0 8.0 9.0 10.0 8.0 9.0 10.0 10.0 
1108447 2003 6 14 82 10.0 10.0 10.0 10.0 10.0 10.0 7.0 8.0 9.0 7.0 6.0 7.0 9.0 9.0 9.0 9.0 8.0 8.0 9.0 9.0 9.0 10.0 10.0 8.0 
1108447 2003 6 15 82 10.0 10.0 10.0 9.0 6.0 6.0 5.0 5.0 6.0 5.0 6.0 6.0 3.0 4.0 4.0 4.0 4.0 2.0 5.0 5.0 5.0 2.0 2.0 3.0 
1108447 2003 6 16 82 5.0 5.0 8.0 6.0 2.0 2.0 3.0 7.0 6.0 4.0 7.0 5.0 8.0 8.0 9.0 9.0 8.0 9.0 8.0 7.0 4.0 3.0 2.0 2.0 
1108447 2003 6 17 82 3.0 1.0 2.0 4.0 4.0 5.0 9.0 7.0 7.0 8.0 7.0 8.0 10.0 9.0 9.0 9.0 8.0 8.0 9.0 9.0 8.0 6.0 3.0 4.0 
1108447 2003 6 18 82 3.0 5.0 6.0 5.0 7.0 7.0 7.0 7.0 7.0 8.0 9.0 9.0 9.0 9.0 9.0 10.0 9.0 6.0 7.0 8.0 9.0 9.0 8.0 8.0 
1108447 2003 6 19 82 5.0 3.0 4.0 4.0 4.0 5.0 6.0 5.0 7.0 6.0 8.0 9.0 9.0 8.0 8.0 7.0 8.0 10.0 10.0 10.0 10.0 10.0 10.0 10.0 
1108447 2003 6 20 82 10.0 10.0 10.0 10.0 10.0 10.0 10.0 10.0 10.0 10.0 10.0 10.0 10.0 10.0 10.0 10.0 10.0 10.0 10.0 10.0 10.0 9.0 10.0 10.0 
1108447 2003 6 21 82 10.0 8.0 8.0 9.0 10.0 10.0 10.0 10.0 10.0 10.0 10.0 10.0 9.0 8.0 9.0 6.0 3.0 3.0 2.0 8.0 9.0 9.0 10.0 10.0 
1108447 2003 6 22 82 10.0 10.0 10.0 10.0 10.0 10.0 10.0 10.0 10.0 10.0 10.0 10.0 10.0 10.0 10.0 9.0 8.0 7.0 8.0 8.0 8.0 7.0 9.0 10.0 
1108447 2003 6 23 82 10.0 10.0 9.0 9.0 9.0 9.0 4.0 4.0 9.0 9.0 8.0 7.0 6.0 6.0 6.0 7.0 4.0 2.0 1.0 1.0 1.0 1.0 0.0 5.0 
1108447 2003 6 24 82 3.0 0.0 0.0 1.0 3.0 5.0 2.0 1.0 1.0 1.0 1.0 1.0 1.0 1.0 1.0 1.0 3.0 3.0 3.0 4.0 5.0 3.0 1.0 0.0 
1108447 2003 6 25 82 0.0 0.0 0.0 4.0 4.0 4.0 4.0 5.0 5.0 4.0 3.0 4.0 4.0 5.0 8.0 5.0 6.0 8.0 8.0 8.0 4.0 1.0 0.0 0.0 
1108447 2003 6 26 82 0.0 0.0 0.0 1.0 1.0 2.0 5.0 4.0 4.0 4.0 5.0 5.0 3.0 3.0 4.0 7.0 5.0 3.0 3.0 5.0 7.0 9.0 9.0 5.0 
1108447 2003 6 27 82 3.0 2.0 1.0 2.0 2.0 3.0 3.0 4.0 8.0 5.0 2.0 1.0 1.0 1.0 1.0 0.0 0.0 0.0 0.0 0.0 0.0 0.0 1.0 1.0 
1108447 2003 6 28 82 1.0 0.0 0.0 0.0 0.0 0.0 0.0 0.0 0.0 0.0 0.0 0.0 0.0 0.0 0.0 0.0 0.0 0.0 0.0 0.0 0.0 0.0 0.0 0.0 
1108447 2003 6 29 82 0.0 0.0 0.0 1.0 1.0 1.0 1.0 1.0 7.0 10.0 10.0 10.0 10.0 10.0 10.0 10.0 10.0 10.0 10.0 10.0 8.0 10.0 10.0 10.0 
1108447 2003 6 30 82 10.0 10.0 10.0 10.0 8.0 8.0 10.0 10.0 10.0 7.0 9.0 9.0 7.0 7.0 8.0 8.0 9.0 8.0 8.0 8.0 6.0 8.0 7.0 4.0 
1108447 2003 7 1 82 5.0 7.0 6.0 6.0 7.0 5.0 5.0 5.0 6.0 6.0 4.0 3.0 3.0 3.0 3.0 3.0 4.0 4.0 6.0 5.0 3.0 3.0 2.0 2.0 
1108447 2003 7 2 82 2.0 1.0 1.0 2.0 3.0 3.0 3.0 5.0 6.0 9.0 8.0 7.0 4.0 3.0 3.0 3.0 8.0 8.0 8.0 6.0 5.0 4.0 4.0 2.0 
1108447 2003 7 3 82 1.0 2.0 1.0 1.0 2.0 4.0 3.0 2.0 2.0 3.0 3.0 3.0 5.0 7.0 7.0 8.0 7.0 4.0 3.0 2.0 2.0 2.0 3.0 3.0 
1108447 2003 7 4 82 4.0 2.0 1.0 3.0 3.0 3.0 4.0 7.0 7.0 8.0 7.0 5.0 6.0 7.0 7.0 8.0 9.0 9.0 10.0 10.0 10.0 10.0 10.0 10.0 
1108447 2003 7 5 82 10.0 10.0 10.0 10.0 10.0 10.0 9.0 10.0 9.0 7.0 5.0 4.0 2.0 2.0 3.0 2.0 2.0 1.0 1.0 1.0 0.0 0.0 0.0 0.0 
1108447 2003 7 6 82 0.0 0.0 1.0 0.0 1.0 1.0 1.0 1.0 2.0 2.0 2.0 3.0 3.0 3.0 4.0 3.0 3.0 3.0 2.0 4.0 3.0 3.0 3.0 2.0 
1108447 2003 7 7 82 0.0 1.0 1.0 1.0 4.0 3.0 2.0 2.0 3.0 3.0 4.0 6.0 7.0 8.0 7.0 8.0 7.0 8.0 8.0 8.0 8.0 9.0 9.0 8.0 
1108447 2003 7 8 82 5.0 4.0 2.0 4.0 9.0 10.0 10.0 10.0 9.0 8.0 9.0 9.0 10.0 9.0 9.0 9.0 10.0 10.0 10.0 10.0 10.0 9.0 9.0 6.0 
1108447 2003 7 9 82 5.0 4.0 9.0 9.0 4.0 3.0 5.0 2.0 2.0 2.0 2.0 2.0 2.0 2.0 1.0 0.0 0.0 0.0 0.0 0.0 0.0 0.0 0.0 0.0 
1108447 2003 7 10 82 0.0 0.0 0.0 0.0 0.0 0.0 0.0 0.0 3.0 4.0 2.0 2.0 2.0 4.0 6.0 7.0 8.0 8.0 7.0 4.0 5.0 1.0 1.0 1.0 
1108447 2003 7 11 82 0.0 0.0 0.0 0.0 0.0 0.0 0.0 0.0 1.0 3.0 5.0 5.0 3.0 3.0 3.0 3.0 7.0 4.0 4.0 7.0 6.0 4.0 5.0 7.0 
1108447 2003 7 12 82 3.0 4.0 2.0 8.0 7.0 4.0 4.0 5.0 5.0 6.0 9.0 7.0 5.0 8.0 9.0 10.0 10.0 10.0 10.0 10.0 10.0 10.0 10.0 10.0 
1108447 2003 7 13 82 10.0 10.0 10.0 8.0 10.0 10.0 9.0 9.0 9.0 8.0 9.0 9.0 10.0 10.0 10.0 10.0 10.0 10.0 10.0 10.0 10.0 10.0 10.0 10.0 
1108447 2003 7 14 82 10.0 9.0 10.0 10.0 10.0 9.0 10.0 10.0 9.0 10.0 8.0 10.0 9.0 9.0 9.0 8.0 8.0 8.0 7.0 8.0 8.0 9.0 9.0 10.0 
1108447 2003 7 15 82 9.0 9.0 9.0 9.0 8.0 8.0 4.0 5.0 9.0 9.0 7.0 8.0 8.0 9.0 8.0 8.0 9.0 9.0 8.0 6.0 3.0 5.0 2.0 3.0 
1108447 2003 7 16 82 8.0 7.0 8.0 7.0 7.0 5.0 8.0 8.0 9.0 8.0 8.0 8.0 9.0 9.0 8.0 5.0 3.0 3.0 6.0 6.0 4.0 2.0 3.0 2.0 
1108447 2003 7 17 82 2.0 1.0 1.0 1.0 1.0 1.0 1.0 1.0 2.0 2.0 2.0 1.0 1.0 1.0 0.0 0.0 0.0 0.0 0.0 0.0 0.0 0.0 0.0 0.0 
1108447 2003 7 18 82 0.0 0.0 0.0 7.0 7.0 5.0 2.0 1.0 5.0 6.0 4.0 6.0 6.0 8.0 9.0 3.0 3.0 3.0 2.0 2.0 2.0 1.0 0.0 2.0 
1108447 2003 7 19 82 3.0 1.0 1.0 1.0 1.0 2.0 2.0 4.0 9.0 9.0 8.0 9.0 9.0 8.0 9.0 9.0 9.0 9.0 9.0 10.0 9.0 10.0 9.0 10.0 
1108447 2003 7 20 82 10.0 10.0 10.0 10.0 10.0 10.0 10.0 9.0 9.0 9.0 7.0 7.0 4.0 6.0 5.0 6.0 6.0 2.0 1.0 1.0 0.0 0.0 0.0 0.0 
1108447 2003 7 21 82 0.0 0.0 0.0 0.0 0.0 0.0 1.0 1.0 1.0 1.0 1.0 1.0 1.0 1.0 1.0 1.0 0.0 0.0 0.0 0.0 0.0 0.0 0.0 0.0 
1108447 2003 7 22 82 0.0 0.0 0.0 0.0 0.0 0.0 1.0 2.0 1.0 1.0 1.0 0.0 0.0 1.0 2.0 1.0 1.0 1.0 2.0 5.0 5.0 6.0 6.0 4.0 
1108447 2003 7 23 82 2.0 0.0 0.0 0.0 1.0 1.0 5.0 2.0 2.0 1.0 1.0 1.0 1.0 1.0 0.0 0.0 0.0 0.0 0.0 0.0 0.0 0.0 0.0 0.0 
1108447 2003 7 24 82 0.0 0.0 0.0 1.0 1.0 2.0 3.0 4.0 4.0 3.0 2.0 2.0 2.0 2.0 1.0 1.0 1.0 0.0 0.0 0.0 0.0 0.0 0.0 0.0 
1108447 2003 7 25 82 0.0 0.0 0.0 0.0 0.0 1.0 2.0 4.0 5.0 4.0 4.0 4.0 6.0 7.0 7.0 7.0 6.0 3.0 2.0 3.0 4.0 6.0 7.0 7.0 
1108447 2003 7 26 82 7.0 8.0 8.0 4.0 2.0 1.0 1.0 1.0 1.0 1.0 1.0 0.0 1.0 2.0 1.0 0.0 0.0 0.0 1.0 0.0 0.0 0.0 0.0 0.0 
1108447 2003 7 27 82 0.0 0.0 0.0 0.0 0.0 0.0 1.0 1.0 2.0 4.0 1.0 0.0 0.0 0.0 0.0 0.0 0.0 0.0 0.0 0.0 0.0 0.0 0.0 0.0 
1108447 2003 7 28 82 0.0 0.0 0.0 0.0 0.0 0.0 0.0 0.0 0.0 0.0 0.0 0.0 0.0 0.0 0.0 0.0 0.0 0.0 0.0 0.0 0.0 0.0 0.0 0.0 
1108447 2003 7 29 82 0.0 0.0 0.0 0.0 0.0 0.0 0.0 0.0 0.0 0.0 0.0 0.0 0.0 0.0 0.0 0.0 0.0 0.0 0.0 0.0 0.0 0.0 0.0 0.0 
1108447 2003 7 30 82 0.0 0.0 0.0 0.0 0.0 0.0 0.0 0.0 0.0 0.0 0.0 0.0 0.0 0.0 0.0 0.0 1.0 1.0 1.0 1.0 2.0 2.0 1.0 2.0 
1108447 2003 7 31 82 2.0 1.0 2.0 1.0 0.0 1.0 8.0 5.0 9.0 6.0 2.0 1.0 1.0 1.0 1.0 1.0 0.0 0.0 0.0 1.0 1.0 1.0 0.0 0.0 
1108447 2003 8 1 82 0.0 0.0 0.0 0.0 6.0 8.0 9.0 9.0 9.0 9.0 9.0 4.0 1.0 1.0 1.0 1.0 2.0 4.0 5.0 7.0 5.0 1.0 1.0 2.0 
1108447 2003 8 2 82 2.0 2.0 2.0 2.0 6.0 6.0 7.0 7.0 7.0 6.0 5.0 2.0 2.0 2.0 2.0 2.0 2.0 2.0 2.0 2.0 2.0 1.0 1.0 2.0 
1108447 2003 8 3 82 2.0 1.0 1.0 1.0 1.0 3.0 2.0 2.0 2.0 3.0 5.0 5.0 5.0 4.0 6.0 4.0 4.0 4.0 3.0 3.0 2.0 2.0 2.0 3.0 
1108447 2003 8 4 82 0.0 0.0 0.0 0.0 0.0 1.0 1.0 1.0 1.0 1.0 2.0 4.0 4.0 4.0 4.0 4.0 4.0 3.0 3.0 2.0 1.0 1.0 0.0 0.0 
1108447 2003 8 5 82 0.0 0.0 0.0 0.0 0.0 2.0 3.0 3.0 2.0 3.0 3.0 3.0 5.0 4.0 3.0 3.0 3.0 4.0 5.0 5.0 2.0 3.0 5.0 8.0 
1108447 2003 8 6 82 10.0 10.0 10.0 10.0 10.0 10.0 10.0 9.0 9.0 10.0 10.0 9.0 7.0 5.0 6.0 4.0 2.0 1.0 1.0 2.0 2.0 1.0 0.0 1.0 
1108447 2003 8 7 82 2.0 5.0 5.0 5.0 5.0 7.0 4.0 3.0 1.0 3.0 3.0 2.0 3.0 1.0 1.0 0.0 0.0 0.0 1.0 5.0 2.0 3.0 3.0 7.0 
1108447 2003 8 8 82 4.0 7.0 2.0 2.0 5.0 6.0 6.0 7.0 7.0 7.0 8.0 8.0 8.0 9.0 10.0 9.0 9.0 10.0 9.0 7.0 8.0 6.0 6.0 5.0 
1108447 2003 8 9 82 5.0 6.0 5.0 5.0 5.0 8.0 9.0 8.0 7.0 7.0 8.0 9.0 9.0 9.0 9.0 8.0 9.0 7.0 6.0 4.0 4.0 5.0 5.0 5.0 
1108447 2003 8 10 82 4.0 5.0 5.0 4.0 5.0 7.0 8.0 9.0 9.0 10.0 9.0 9.0 8.0 8.0 3.0 3.0 3.0 3.0 2.0 3.0 3.0 6.0 6.0 8.0 
1108447 2003 8 11 82 9.0 7.0 6.0 5.0 5.0 8.0 8.0 7.0 8.0 9.0 9.0 8.0 5.0 6.0 6.0 6.0 6.0 7.0 5.0 4.0 4.0 3.0 5.0 5.0 
1108447 2003 8 12 82 3.0 3.0 6.0 6.0 6.0 4.0 9.0 9.0 9.0 10.0 9.0 8.0 7.0 6.0 4.0 3.0 3.0 3.0 2.0 2.0 1.0 1.0 0.0 0.0 
1108447 2003 8 13 82 0.0 0.0 1.0 1.0 0.0 2.0 2.0 2.0 1.0 2.0 1.0 1.0 2.0 2.0 4.0 4.0 4.0 4.0 2.0 3.0 3.0 2.0 2.0 0.0 
1108447 2003 8 14 82 0.0 0.0 0.0 0.0 0.0 1.0 1.0 1.0 2.0 1.0 0.0 0.0 0.0 0.0 0.0 0.0 2.0 2.0 4.0 2.0 2.0 1.0 1.0 2.0 
1108447 2003 8 15 82 2.0 5.0 4.0 4.0 2.0 2.0 8.0 8.0 9.0 7.0 8.0 9.0 9.0 6.0 5.0 3.0 4.0 6.0 7.0 7.0 7.0 7.0 7.0 7.0 
1108447 2003 8 16 82 5.0 4.0 2.0 2.0 2.0 2.0 3.0 3.0 1.0 2.0 4.0 7.0 4.0 3.0 2.0 3.0 9.0 9.0 9.0 9.0 9.0 5.0 9.0 8.0 
1108447 2003 8 17 82 7.0 4.0 7.0 9.0 9.0 9.0 6.0 8.0 5.0 3.0 2.0 3.0 4.0 2.0 2.0 2.0 2.0 1.0 0.0 0.0 1.0 1.0 1.0 1.0 
1108447 2003 8 18 82 0.0 0.0 0.0 0.0 0.0 1.0 3.0 3.0 3.0 6.0 7.0 5.0 3.0 2.0 2.0 2.0 2.0 2.0 2.0 2.0 2.0 1.0 0.0 0.0 
1108447 2003 8 19 82 5.0 5.0 5.0 3.0 4.0 6.0 7.0 7.0 8.0 8.0 7.0 8.0 6.0 2.0 2.0 1.0 1.0 1.0 2.0 1.0 1.0 1.0 0.0 0.0 
1108447 2003 8 20 82 0.0 2.0 2.0 2.0 0.0 1.0 1.0 2.0 1.0 2.0 1.0 1.0 1.0 1.0 0.0 0.0 0.0 0.0 0.0 0.0 1.0 1.0 0.0 0.0 
1108447 2003 8 21 82 0.0 0.0 0.0 2.0 2.0 3.0 4.0 5.0 6.0 6.0 3.0 5.0 3.0 4.0 5.0 4.0 5.0 8.0 8.0 8.0 6.0 6.0 6.0 6.0 
1108447 2003 8 22 82 5.0 6.0 7.0 8.0 8.0 10.0 9.0 9.0 9.0 10.0 10.0 10.0 9.0 9.0 8.0 7.0 7.0 5.0 5.0 6.0 3.0 3.0 2.0 1.0 
1108447 2003 8 23 82 3.0 1.0 1.0 5.0 5.0 4.0 5.0 4.0 3.0 7.0 7.0 6.0 5.0 9.0 9.0 9.0 9.0 4.0 2.0 2.0 1.0 1.0 0.0 0.0 
1108447 2003 8 24 82 2.0 1.0 2.0 2.0 2.0 2.0 5.0 8.0 7.0 8.0 7.0 8.0 5.0 8.0 9.0 9.0 9.0 9.0 9.0 9.0 9.0 9.0 9.0 9.0 
1108447 2003 8 25 82 7.0 7.0 7.0 8.0 7.0 7.0 9.0 9.0 9.0 9.0 9.0 10.0 10.0 9.0 10.0 10.0 10.0 9.0 9.0 8.0 9.0 9.0 8.0 7.0 
1108447 2003 8 26 82 7.0 6.0 6.0 7.0 7.0 9.0 10.0 10.0 9.0 9.0 8.0 8.0 8.0 9.0 6.0 5.0 7.0 5.0 7.0 5.0 3.0 2.0 1.0 2.0 
1108447 2003 8 27 82 3.0 3.0 5.0 9.0 8.0 5.0 7.0 5.0 6.0 7.0 4.0 2.0 2.0 2.0 2.0 2.0 2.0 2.0 2.0 2.0 2.0 2.0 0.0 0.0 
1108447 2003 8 28 82 0.0 0.0 0.0 0.0 0.0 1.0 1.0 1.0 1.0 0.0 1.0 1.0 1.0 1.0 1.0 1.0 1.0 0.0 0.0 0.0 0.0 0.0 0.0 0.0 
1108447 2003 8 29 82 0.0 0.0 0.0 0.0 0.0 0.0 0.0 0.0 0.0 0.0 0.0 0.0 0.0 0.0 0.0 0.0 1.0 1.0 2.0 3.0 2.0 2.0 1.0 1.0 
1108447 2003 8 30 82 0.0 2.0 2.0 2.0 2.0 1.0 1.0 0.0 0.0 0.0 0.0 3.0 7.0 6.0 7.0 7.0 9.0 9.0 9.0 7.0 5.0 3.0 3.0 2.0 
1108447 2003 8 31 82 2.0 2.0 3.0 3.0 3.0 3.0 3.0 3.0 2.0 3.0 3.0 5.0 4.0 4.0 5.0 6.0 6.0 6.0 6.0 3.0 3.0 3.0 1.0 1.0 
1108447 2003 9 1 82 0.0 0.0 0.0 0.0 0.0 1.0 5.0 6.0 4.0 7.0 7.0 4.0 3.0 1.0 1.0 2.0 1.0 1.0 2.0 3.0 3.0 3.0 2.0 3.0 
1108447 2003 9 2 82 2.0 0.0 0.0 0.0 0.0 2.0 2.0 3.0 1.0 2.0 1.0 1.0 1.0 0.0 0.0 0.0 0.0 0.0 0.0 0.0 0.0 0.0 0.0 0.0 
1108447 2003 9 3 82 0.0 0.0 0.0 0.0 0.0 1.0 1.0 1.0 0.0 0.0 0.0 0.0 0.0 0.0 0.0 1.0 1.0 2.0 6.0 6.0 4.0 5.0 5.0 5.0 
1108447 2003 9 4 82 5.0 5.0 5.0 3.0 3.0 4.0 4.0 5.0 5.0 4.0 3.0 3.0 3.0 3.0 2.0 2.0 2.0 2.0 3.0 2.0 1.0 1.0 1.0 3.0 
1108447 2003 9 5 82 3.0 0.0 2.0 3.0 3.0 4.0 8.0 9.0 6.0 8.0 8.0 7.0 8.0 7.0 7.0 5.0 4.0 3.0 6.0 4.0 3.0 3.0 3.0 3.0 
1108447 2003 9 6 82 2.0 2.0 0.0 0.0 0.0 2.0 3.0 5.0 5.0 4.0 5.0 6.0 9.0 10.0 10.0 10.0 10.0 10.0 10.0 10.0 10.0 10.0 10.0 10.0 
1108447 2003 9 7 82 10.0 10.0 10.0 10.0 4.0 9.0 9.0 9.0 9.0 9.0 9.0 9.0 8.0 9.0 9.0 9.0 8.0 7.0 7.0 7.0 6.0 4.0 3.0 4.0 
1108447 2003 9 8 82 4.0 8.0 6.0 4.0 8.0 5.0 9.0 8.0 6.0 9.0 8.0 6.0 3.0 3.0 3.0 3.0 4.0 4.0 7.0 9.0 9.0 9.0 10.0 10.0 
1108447 2003 9 9 82 10.0 9.0 9.0 9.0 7.0 5.0 7.0 7.0 4.0 3.0 2.0 3.0 2.0 2.0 2.0 2.0 1.0 1.0 1.0 1.0 1.0 0.0 2.0 3.0 
1108447 2003 9 10 82 5.0 8.0 8.0 9.0 10.0 10.0 10.0 10.0 10.0 10.0 10.0 10.0 10.0 10.0 10.0 10.0 10.0 10.0 10.0 10.0 10.0 8.0 8.0 10.0 
1108447 2003 9 11 82 9.0 8.0 10.0 9.0 9.0 10.0 10.0 10.0 10.0 9.0 9.0 9.0 9.0 9.0 8.0 7.0 4.0 4.0 4.0 3.0 6.0 3.0 2.0 2.0 
1108447 2003 9 12 82 2.0 2.0 1.0 1.0 1.0 2.0 2.0 1.0 3.0 5.0 7.0 9.0 7.0 3.0 2.0 2.0 2.0 1.0 1.0 1.0 0.0 0.0 0.0 0.0 
1108447 2003 9 13 82 0.0 0.0 0.0 3.0 1.0 1.0 2.0 0.0 5.0 5.0 4.0 3.0 3.0 7.0 9.0 8.0 8.0 9.0 9.0 10.0 6.0 8.0 8.0 8.0 
1108447 2003 9 14 82 9.0 9.0 10.0 10.0 10.0 10.0 10.0 10.0 10.0 10.0 7.0 7.0 6.0 4.0 3.0 3.0 2.0 2.0 2.0 2.0 1.0 1.0 1.0 1.0 
1108447 2003 9 15 82 4.0 0.0 2.0 5.0 7.0 7.0 7.0 7.0 8.0 8.0 8.0 8.0 9.0 9.0 9.0 9.0 6.0 8.0 5.0 5.0 6.0 7.0 5.0 8.0 
1108447 2003 9 16 82 8.0 9.0 9.0 9.0 9.0 8.0 9.0 8.0 9.0 9.0 9.0 9.0 9.0 8.0 6.0 6.0 4.0 5.0 5.0 3.0 6.0 5.0 9.0 10.0 
1108447 2003 9 17 82 10.0 7.0 6.0 9.0 7.0 9.0 6.0 9.0 9.0 9.0 10.0 10.0 10.0 10.0 10.0 10.0 10.0 10.0 10.0 10.0 10.0 10.0 10.0 10.0 
1108447 2003 9 18 82 10.0 10.0 10.0 10.0 10.0 10.0 10.0 10.0 10.0 10.0 10.0 10.0 10.0 10.0 10.0 10.0 10.0 10.0 10.0 10.0 10.0 10.0 10.0 10.0 
1108447 2003 9 19 82 10.0 5.0 5.0 3.0 6.0 7.0 9.0 6.0 6.0 7.0 4.0 5.0 5.0 4.0 3.0 4.0 4.0 5.0 5.0 3.0 3.0 2.0 4.0 3.0 
1108447 2003 9 20 82 0.0 1.0 1.0 2.0 8.0 9.0 8.0 9.0 10.0 10.0 10.0 8.0 5.0 4.0 5.0 4.0 3.0 2.0 0.0 1.0 1.0 0.0 0.0 0.0 
1108447 2003 9 21 82 0.0 0.0 0.0 0.0 0.0 0.0 2.0 3.0 3.0 5.0 6.0 8.0 7.0 8.0 7.0 6.0 7.0 6.0 8.0 8.0 4.0 4.0 7.0 3.0 
1108447 2003 9 22 82 3.0 2.0 3.0 3.0 1.0 1.0 4.0 7.0 7.0 4.0 5.0 3.0 2.0 2.0 3.0 4.0 6.0 8.0 5.0 5.0 5.0 2.0 4.0 7.0 
1108447 2003 9 23 82 6.0 6.0 7.0 6.0 4.0 3.0 3.0 9.0 10.0 9.0 8.0 10.0 10.0 8.0 6.0 3.0 3.0 3.0 2.0 2.0 2.0 2.0 2.0 2.0 
1108447 2003 9 24 82 2.0 0.0 0.0 0.0 0.0 0.0 1.0 1.0 2.0 2.0 6.0 4.0 6.0 8.0 9.0 9.0 9.0 9.0 5.0 6.0 8.0 8.0 2.0 4.0 
1108447 2003 9 25 82 4.0 3.0 1.0 1.0 1.0 1.0 1.0 8.0 2.0 1.0 2.0 5.0 4.0 8.0 9.0 7.0 4.0 3.0 1.0 1.0 0.0 0.0 0.0 2.0 
1108447 2003 9 26 82 0.0 0.0 0.0 0.0 0.0 1.0 1.0 1.0 1.0 1.0 1.0 1.0 1.0 1.0 0.0 0.0 0.0 0.0 0.0 0.0 0.0 0.0 0.0 0.0 
1108447 2003 9 27 82 0.0 0.0 0.0 0.0 0.0 0.0 0.0 0.0 0.0 1.0 1.0 1.0 2.0 1.0 1.0 1.0 1.0 1.0 1.0 1.0 1.0 1.0 0.0 0.0 
1108447 2003 9 28 82 0.0 0.0 0.0 0.0 0.0 0.0 0.0 0.0 0.0 0.0 0.0 0.0 0.0 0.0 0.0 0.0 0.0 0.0 0.0 0.0 0.0 0.0 0.0 0.0 
1108447 2003 9 29 82 0.0 0.0 0.0 0.0 0.0 0.0 1.0 0.0 0.0 0.0 2.0 2.0 1.0 1.0 1.0 1.0 1.0 0.0 1.0 0.0 0.0 0.0 0.0 2.0 
1108447 2003 9 30 82 1.0 5.0 7.0 8.0 8.0 8.0 9.0 8.0 9.0 9.0 4.0 1.0 2.0 1.0 3.0 7.0 8.0 9.0 8.0 7.0 5.0 4.0 4.0 3.0 
1108447 2003 10 1 82 2.0 2.0 2.0 8.0 5.0 5.0 7.0 7.0 6.0 5.0 5.0 3.0 5.0 4.0 9.0 7.0 6.0 4.0 4.0 4.0 2.0 2.0 0.0 3.0 
1108447 2003 10 2 82 2.0 2.0 2.0 2.0 0.0 7.0 8.0 9.0 9.0 9.0 9.0 9.0 10.0 9.0 7.0 2.0 2.0 1.0 0.0 0.0 0.0 0.0 0.0 2.0 
1108447 2003 10 3 82 3.0 10.0 10.0 10.0 10.0 10.0 10.0 10.0 10.0 10.0 10.0 10.0 10.0 10.0 9.0 10.0 10.0 10.0 10.0 10.0 10.0 10.0 10.0 10.0 
1108447 2003 10 4 82 10.0 10.0 10.0 10.0 10.0 10.0 10.0 10.0 10.0 10.0 10.0 10.0 9.0 10.0 10.0 10.0 10.0 10.0 10.0 10.0 10.0 10.0 10.0 10.0 
1108447 2003 10 5 82 10.0 10.0 10.0 10.0 10.0 10.0 10.0 10.0 10.0 10.0 10.0 10.0 10.0 10.0 10.0 10.0 10.0 10.0 10.0 10.0 10.0 10.0 10.0 10.0 
1108447 2003 10 6 82 10.0 10.0 10.0 10.0 10.0 10.0 10.0 10.0 10.0 10.0 10.0 10.0 10.0 10.0 10.0 10.0 10.0 10.0 10.0 10.0 10.0 10.0 9.0 8.0 
1108447 2003 10 7 82 8.0 9.0 6.0 4.0 3.0 6.0 9.0 9.0 10.0 9.0 7.0 5.0 5.0 6.0 4.0 6.0 9.0 8.0 10.0 10.0 10.0 10.0 10.0 10.0 
1108447 2003 10 8 82 10.0 10.0 10.0 10.0 10.0 10.0 9.0 9.0 10.0 10.0 9.0 9.0 9.0 8.0 7.0 7.0 4.0 4.0 9.0 8.0 8.0 9.0 9.0 9.0 
1108447 2003 10 9 82 8.0 9.0 9.0 8.0 9.0 10.0 8.0 7.0 9.0 9.0 9.0 9.0 10.0 9.0 10.0 9.0 6.0 7.0 6.0 8.0 4.0 7.0 8.0 7.0 
1108447 2003 10 10 82 7.0 9.0 9.0 9.0 9.0 9.0 8.0 8.0 7.0 8.0 6.0 7.0 7.0 7.0 6.0 5.0 6.0 10.0 8.0 9.0 9.0 10.0 10.0 10.0 
1108447 2003 10 11 82 10.0 10.0 10.0 10.0 10.0 9.0 9.0 10.0 10.0 10.0 10.0 10.0 10.0 10.0 10.0 10.0 10.0 8.0 9.0 8.0 9.0 10.0 10.0 10.0 
1108447 2003 10 12 82 10.0 10.0 10.0 10.0 10.0 10.0 10.0 9.0 9.0 8.0 8.0 8.0 9.0 9.0 10.0 10.0 10.0 10.0 8.0 5.0 3.0 2.0 1.0 2.0 
1108447 2003 10 13 82 2.0 1.0 1.0 2.0 8.0 7.0 4.0 6.0 7.0 8.0 9.0 7.0 8.0 8.0 8.0 7.0 8.0 9.0 8.0 9.0 8.0 8.0 7.0 7.0 
1108447 2003 10 14 82 8.0 10.0 10.0 7.0 8.0 4.0 3.0 3.0 2.0 2.0 2.0 2.0 1.0 1.0 3.0 3.0 6.0 8.0 7.0 6.0 5.0 4.0 3.0 4.0 
1108447 2003 10 15 82 3.0 2.0 1.0 1.0 0.0 5.0 5.0 9.0 9.0 10.0 10.0 10.0 10.0 10.0 9.0 9.0 10.0 10.0 10.0 10.0 10.0 10.0 10.0 10.0 
1108447 2003 10 16 82 10.0 10.0 10.0 10.0 10.0 10.0 10.0 10.0 10.0 10.0 10.0 10.0 10.0 10.0 10.0 10.0 10.0 10.0 10.0 10.0 10.0 10.0 10.0 10.0 
1108447 2003 10 17 82 10.0 10.0 10.0 10.0 10.0 10.0 10.0 10.0 10.0 10.0 10.0 10.0 10.0 10.0 10.0 10.0 10.0 10.0 10.0 10.0 10.0 10.0 10.0 10.0 
1108447 2003 10 18 82 10.0 10.0 10.0 10.0 10.0 10.0 10.0 10.0 10.0 10.0 10.0 10.0 10.0 10.0 10.0 10.0 9.0 9.0 9.0 10.0 10.0 10.0 10.0 10.0 
1108447 2003 10 19 82 10.0 10.0 10.0 10.0 10.0 10.0 10.0 9.0 8.0 8.0 7.0 7.0 6.0 4.0 4.0 5.0 6.0 7.0 8.0 8.0 7.0 8.0 8.0 9.0 
1108447 2003 10 20 82 10.0 10.0 10.0 10.0 10.0 10.0 10.0 10.0 10.0 10.0 10.0 10.0 10.0 10.0 10.0 10.0 9.0 10.0 10.0 10.0 10.0 10.0 10.0 10.0 
1108447 2003 10 21 82 10.0 10.0 10.0 10.0 10.0 10.0 10.0 10.0 10.0 9.0 10.0 10.0 10.0 7.0 9.0 7.0 9.0 5.0 7.0 8.0 8.0 7.0 4.0 6.0 
1108447 2003 10 22 82 4.0 6.0 3.0 5.0 7.0 8.0 9.0 10.0 10.0 10.0 10.0 10.0 10.0 10.0 10.0 10.0 10.0 8.0 7.0 4.0 3.0 2.0 7.0 10.0 
1108447 2003 10 23 82 10.0 10.0 4.0 7.0 9.0 4.0 3.0 4.0 4.0 4.0 2.0 2.0 3.0 3.0 4.0 5.0 8.0 7.0 6.0 7.0 7.0 9.0 8.0 9.0 
1108447 2003 10 24 82 9.0 9.0 9.0 9.0 9.0 8.0 8.0 8.0 9.0 9.0 8.0 9.0 8.0 10.0 9.0 9.0 10.0 9.0 6.0 8.0 6.0 7.0 5.0 8.0 
1108447 2003 10 25 82 5.0 5.0 3.0 3.0 2.0 2.0 2.0 3.0 2.0 2.0 1.0 2.0 4.0 2.0 5.0 3.0 3.0 4.0 4.0 3.0 3.0 2.0 3.0 2.0 
1108447 2003 10 26 82 4.0 3.0 3.0 1.0 7.0 7.0 7.0 5.0 5.0 4.0 5.0 10.0 5.0 7.0 9.0 10.0 10.0 10.0 10.0 10.0 10.0 10.0 10.0 10.0 
1108447 2003 10 27 82 10.0 10.0 10.0 10.0 10.0 10.0 10.0 10.0 10.0 9.0 9.0 9.0 10.0 10.0 9.0 10.0 10.0 10.0 10.0 10.0 10.0 10.0 10.0 10.0 
1108447 2003 10 28 82 10.0 10.0 10.0 10.0 10.0 10.0 10.0 10.0 10.0 9.0 9.0 9.0 9.0 9.0 10.0 10.0 8.0 4.0 3.0 3.0 1.0 2.0 2.0 0.0 
1108447 2003 10 29 82 0.0 2.0 0.0 0.0 0.0 6.0 5.0 3.0 4.0 5.0 7.0 8.0 5.0 6.0 7.0 6.0 7.0 7.0 5.0 5.0 5.0 3.0 3.0 2.0 
1108447 2003 10 30 82 3.0 4.0 4.0 4.0 3.0 4.0 4.0 6.0 7.0 7.0 6.0 7.0 8.0 7.0 5.0 3.0 2.0 1.0 1.0 1.0 1.0 0.0 0.0 0.0 
1108447 2003 10 31 82 0.0 3.0 3.0 3.0 0.0 0.0 0.0 1.0 1.0 1.0 1.0 1.0 1.0 1.0 2.0 8.0 4.0 4.0 9.0 8.0 8.0 9.0 9.0 10.0 
1108447 2003 11 1 82 9.0 7.0 7.0 4.0 6.0 6.0 9.0 8.0 9.0 10.0 10.0 10.0 10.0 10.0 9.0 10.0 9.0 9.0 10.0 9.0 10.0 10.0 6.0 3.0 
1108447 2003 11 2 82 8.0 7.0 7.0 3.0 4.0 6.0 8.0 6.0 6.0 6.0 5.0 2.0 1.0 1.0 1.0 0.0 0.0 0.0 0.0 0.0 0.0 0.0 0.0 0.0 
1108447 2003 11 3 82 0.0 0.0 0.0 0.0 0.0 0.0 0.0 0.0 1.0 3.0 2.0 1.0 1.0 1.0 1.0 3.0 6.0 6.0 7.0 6.0 3.0 1.0 0.0 0.0 
1108447 2003 11 4 82 0.0 0.0 0.0 0.0 0.0 0.0 0.0 0.0 0.0 0.0 0.0 0.0 0.0 0.0 0.0 0.0 0.0 0.0 0.0 0.0 0.0 0.0 0.0 0.0 
1108447 2003 11 5 82 0.0 2.0 3.0 1.0 1.0 1.0 0.0 1.0 1.0 1.0 1.0 0.0 0.0 0.0 0.0 0.0 0.0 0.0 0.0 0.0 0.0 0.0 0.0 0.0 
1108447 2003 11 6 82 0.0 0.0 0.0 0.0 0.0 0.0 0.0 0.0 1.0 1.0 1.0 0.0 0.0 0.0 0.0 0.0 0.0 0.0 0.0 0.0 0.0 0.0 0.0 0.0 
1108447 2003 11 7 82 0.0 0.0 0.0 0.0 0.0 0.0 0.0 0.0 0.0 0.0 0.0 0.0 0.0 0.0 0.0 1.0 2.0 3.0 7.0 6.0 9.0 8.0 9.0 8.0 
1108447 2003 11 8 82 8.0 8.0 8.0 9.0 9.0 8.0 9.0 9.0 9.0 10.0 9.0 8.0 8.0 9.0 6.0 4.0 6.0 4.0 4.0 3.0 3.0 3.0 1.0 1.0 
1108447 2003 11 9 82 2.0 3.0 2.0 2.0 2.0 2.0 2.0 4.0 1.0 1.0 0.0 0.0 0.0 0.0 1.0 1.0 1.0 1.0 2.0 6.0 4.0 7.0 8.0 8.0 
1108447 2003 11 10 82 9.0 10.0 9.0 9.0 8.0 8.0 10.0 10.0 10.0 10.0 10.0 10.0 10.0 10.0 10.0 10.0 10.0 10.0 10.0 10.0 9.0 8.0 8.0 4.0 
1108447 2003 11 11 82 8.0 10.0 10.0 8.0 7.0 8.0 5.0 4.0 7.0 7.0 8.0 8.0 7.0 9.0 9.0 9.0 8.0 8.0 9.0 6.0 5.0 5.0 4.0 5.0 
1108447 2003 11 12 82 5.0 5.0 9.0 8.0 10.0 10.0 9.0 9.0 9.0 8.0 10.0 10.0 10.0 10.0 8.0 9.0 4.0 2.0 2.0 2.0 2.0 1.0 2.0 1.0 
1108447 2003 11 13 82 1.0 2.0 0.0 0.0 0.0 0.0 1.0 3.0 4.0 3.0 1.0 1.0 1.0 3.0 3.0 2.0 2.0 2.0 3.0 2.0 6.0 4.0 3.0 7.0 
1108447 2003 11 14 82 10.0 7.0 6.0 9.0 10.0 10.0 10.0 8.0 9.0 9.0 9.0 10.0 9.0 10.0 10.0 10.0 10.0 10.0 10.0 10.0 10.0 10.0 10.0 10.0 
1108447 2003 11 15 82 10.0 10.0 10.0 10.0 10.0 10.0 10.0 10.0 10.0 10.0 9.0 10.0 9.0 10.0 10.0 10.0 10.0 10.0 10.0 5.0 7.0 8.0 10.0 9.0 
1108447 2003 11 16 82 9.0 10.0 10.0 10.0 9.0 10.0 10.0 10.0 10.0 10.0 10.0 10.0 10.0 9.0 8.0 9.0 9.0 9.0 9.0 10.0 10.0 10.0 8.0 6.0 
1108447 2003 11 17 82 8.0 8.0 7.0 4.0 3.0 2.0 3.0 5.0 5.0 6.0 8.0 9.0 10.0 10.0 10.0 10.0 10.0 10.0 10.0 10.0 10.0 10.0 10.0 10.0 
1108447 2003 11 18 82 10.0 10.0 10.0 10.0 10.0 10.0 10.0 10.0 10.0 10.0 10.0 10.0 10.0 10.0 10.0 10.0 10.0 10.0 10.0 10.0 10.0 10.0 10.0 10.0 
1108447 2003 11 19 82 10.0 10.0 10.0 10.0 10.0 10.0 10.0 8.0 4.0 3.0 3.0 5.0 4.0 3.0 6.0 8.0 7.0 6.0 6.0 8.0 7.0 7.0 4.0 5.0 
1108447 2003 11 20 82 5.0 5.0 4.0 6.0 4.0 7.0 5.0 6.0 8.0 8.0 8.0 8.0 7.0 5.0 6.0 8.0 6.0 7.0 3.0 3.0 2.0 2.0 4.0 3.0 
1108447 2003 11 21 82 7.0 8.0 6.0 5.0 5.0 5.0 4.0 3.0 4.0 5.0 4.0 7.0 8.0 8.0 8.0 7.0 6.0 7.0 8.0 4.0 4.0 7.0 8.0 9.0 
1108447 2003 11 22 82 9.0 10.0 10.0 10.0 10.0 10.0 10.0 9.0 9.0 9.0 10.0 10.0 10.0 10.0 10.0 10.0 10.0 10.0 10.0 10.0 10.0 10.0 10.0 10.0 
1108447 2003 11 23 82 10.0 10.0 10.0 10.0 10.0 10.0 10.0 10.0 10.0 10.0 10.0 10.0 10.0 10.0 10.0 10.0 10.0 10.0 10.0 10.0 5.0 5.0 9.0 10.0 
1108447 2003 11 24 82 8.0 3.0 2.0 2.0 4.0 8.0 3.0 3.0 2.0 2.0 3.0 8.0 8.0 7.0 7.0 8.0 7.0 8.0 10.0 10.0 10.0 10.0 10.0 10.0 
1108447 2003 11 25 82 10.0 10.0 10.0 10.0 10.0 10.0 10.0 9.0 6.0 3.0 2.0 2.0 2.0 3.0 4.0 4.0 3.0 6.0 8.0 6.0 6.0 5.0 4.0 4.0 
1108447 2003 11 26 82 4.0 3.0 3.0 3.0 2.0 2.0 2.0 6.0 2.0 2.0 2.0 2.0 2.0 3.0 3.0 3.0 6.0 5.0 4.0 4.0 3.0 9.0 9.0 10.0 
1108447 2003 11 27 82 8.0 10.0 10.0 10.0 10.0 10.0 9.0 9.0 10.0 10.0 10.0 10.0 10.0 10.0 10.0 10.0 10.0 10.0 10.0 10.0 10.0 10.0 10.0 10.0 
1108447 2003 11 28 82 10.0 10.0 10.0 10.0 10.0 10.0 10.0 10.0 10.0 10.0 10.0 10.0 10.0 10.0 10.0 10.0 10.0 10.0 10.0 10.0 10.0 10.0 10.0 10.0 
1108447 2003 11 29 82 10.0 10.0 10.0 10.0 10.0 10.0 10.0 10.0 8.0 6.0 8.0 4.0 3.0 2.0 2.0 6.0 4.0 6.0 5.0 5.0 3.0 4.0 2.0 4.0 
1108447 2003 11 30 82 5.0 6.0 4.0 3.0 1.0 1.0 0.0 1.0 0.0 0.0 0.0 0.0 0.0 0.0 0.0 0.0 0.0 0.0 0.0 0.0 1.0 3.0 3.0 2.0 
1108447 2003 12 1 82 3.0 4.0 6.0 7.0 8.0 9.0 9.0 9.0 9.0 9.0 9.0 9.0 9.0 9.0 9.0 10.0 10.0 10.0 10.0 10.0 10.0 10.0 10.0 10.0 
1108447 2003 12 2 82 10.0 10.0 10.0 10.0 10.0 10.0 10.0 10.0 10.0 10.0 10.0 10.0 10.0 10.0 10.0 10.0 10.0 10.0 10.0 10.0 10.0 4.0 1.0 1.0 
1108447 2003 12 3 82 1.0 1.0 1.0 1.0 3.0 2.0 6.0 2.0 2.0 2.0 2.0 1.0 2.0 2.0 3.0 5.0 7.0 9.0 9.0 7.0 7.0 6.0 6.0 4.0 
1108447 2003 12 4 82 6.0 6.0 6.0 7.0 6.0 7.0 10.0 9.0 9.0 10.0 10.0 10.0 10.0 10.0 10.0 10.0 10.0 10.0 10.0 10.0 10.0 10.0 10.0 9.0 
1108447 2003 12 5 82 10.0 10.0 10.0 10.0 10.0 10.0 10.0 7.0 10.0 10.0 10.0 10.0 10.0 10.0 10.0 10.0 10.0 10.0 10.0 10.0 10.0 10.0 10.0 10.0 
1108447 2003 12 6 82 10.0 10.0 9.0 9.0 7.0 8.0 8.0 8.0 9.0 9.0 7.0 7.0 10.0 10.0 10.0 10.0 10.0 10.0 10.0 10.0 10.0 10.0 8.0 8.0 
1108447 2003 12 7 82 6.0 8.0 8.0 9.0 9.0 9.0 9.0 10.0 9.0 10.0 10.0 10.0 10.0 10.0 10.0 9.0 10.0 10.0 10.0 4.0 10.0 10.0 10.0 10.0 
1108447 2003 12 8 82 10.0 10.0 10.0 10.0 10.0 10.0 10.0 9.0 10.0 9.0 9.0 9.0 9.0 9.0 8.0 8.0 9.0 9.0 10.0 10.0 10.0 10.0 10.0 3.0 
1108447 2003 12 9 82 3.0 5.0 6.0 2.0 1.0 0.0 0.0 4.0 8.0 8.0 9.0 9.0 9.0 9.0 10.0 10.0 10.0 10.0 9.0 9.0 10.0 10.0 10.0 10.0 
1108447 2003 12 10 82 10.0 10.0 10.0 10.0 10.0 10.0 10.0 9.0 10.0 10.0 10.0 10.0 10.0 10.0 10.0 10.0 10.0 10.0 10.0 10.0 10.0 10.0 10.0 10.0 
1108447 2003 12 11 82 10.0 10.0 10.0 10.0 10.0 10.0 10.0 10.0 10.0 10.0 10.0 10.0 10.0 10.0 10.0 10.0 10.0 10.0 10.0 10.0 10.0 10.0 10.0 10.0 
1108447 2003 12 12 82 10.0 10.0 10.0 10.0 10.0 4.0 8.0 8.0 10.0 10.0 10.0 10.0 7.0 9.0 4.0 8.0 7.0 8.0 9.0 9.0 9.0 9.0 10.0 10.0 
1108447 2003 12 13 82 10.0 10.0 10.0 10.0 10.0 10.0 10.0 10.0 10.0 10.0 10.0 10.0 10.0 10.0 10.0 10.0 10.0 10.0 10.0 10.0 10.0 10.0 9.0 10.0 
1108447 2003 12 14 82 10.0 10.0 10.0 9.0 10.0 10.0 9.0 10.0 10.0 10.0 10.0 10.0 10.0 9.0 8.0 8.0 7.0 9.0 8.0 6.0 6.0 4.0 1.0 1.0 
1108447 2003 12 15 82 1.0 2.0 3.0 5.0 4.0 7.0 7.0 6.0 9.0 10.0 10.0 10.0 10.0 10.0 10.0 10.0 10.0 10.0 10.0 10.0 10.0 10.0 10.0 10.0 
1108447 2003 12 16 82 10.0 10.0 10.0 10.0 10.0 10.0 10.0 10.0 10.0 10.0 10.0 10.0 10.0 10.0 10.0 10.0 9.0 3.0 1.0 3.0 1.0 2.0 1.0 1.0 
1108447 2003 12 17 82 4.0 8.0 4.0 7.0 7.0 8.0 9.0 6.0 5.0 9.0 9.0 6.0 8.0 8.0 8.0 8.0 8.0 8.0 8.0 7.0 6.0 3.0 4.0 7.0 
1108447 2003 12 18 82 5.0 4.0 9.0 8.0 6.0 6.0 4.0 5.0 6.0 6.0 7.0 8.0 8.0 7.0 6.0 6.0 7.0 4.0 4.0 3.0 3.0 3.0 2.0 0.0 
1108447 2003 12 19 82 0.0 0.0 8.0 9.0 9.0 9.0 8.0 8.0 6.0 9.0 8.0 8.0 9.0 10.0 10.0 10.0 10.0 10.0 10.0 10.0 10.0 10.0 10.0 10.0 
1108447 2003 12 20 82 10.0 9.0 10.0 9.0 10.0 9.0 10.0 10.0 10.0 10.0 10.0 10.0 10.0 10.0 10.0 10.0 10.0 10.0 10.0 10.0 7.0 6.0 6.0 6.0 
1108447 2003 12 21 82 7.0 8.0 7.0 10.0 9.0 8.0 9.0 9.0 9.0 8.0 8.0 7.0 8.0 6.0 9.0 9.0 9.0 9.0 8.0 9.0 9.0 10.0 10.0 10.0 
1108447 2003 12 22 82 9.0 9.0 9.0 3.0 2.0 3.0 2.0 2.0 7.0 8.0 8.0 8.0 8.0 8.0 8.0 9.0 7.0 7.0 6.0 8.0 8.0 8.0 4.0 5.0 
1108447 2003 12 23 82 4.0 3.0 4.0 4.0 5.0 7.0 8.0 8.0 9.0 9.0 9.0 10.0 10.0 10.0 10.0 10.0 10.0 10.0 10.0 9.0 9.0 9.0 8.0 8.0 
1108447 2003 12 24 82 9.0 10.0 10.0 10.0 10.0 10.0 10.0 10.0 8.0 8.0 9.0 9.0 9.0 9.0 9.0 10.0 10.0 10.0 9.0 10.0 8.0 6.0 8.0 8.0 
1108447 2003 12 25 82 8.0 9.0 9.0 10.0 9.0 5.0 8.0 8.0 7.0 6.0 5.0 6.0 7.0 9.0 5.0 4.0 8.0 6.0 8.0 4.0 4.0 7.0 4.0 4.0 
1108447 2003 12 26 82 3.0 4.0 2.0 5.0 5.0 6.0 3.0 4.0 3.0 5.0 6.0 6.0 7.0 7.0 7.0 9.0 9.0 9.0 10.0 10.0 10.0 10.0 10.0 10.0 
1108447 2003 12 27 82 10.0 10.0 10.0 10.0 10.0 10.0 10.0 10.0 10.0 10.0 9.0 10.0 10.0 10.0 10.0 10.0 10.0 9.0 9.0 8.0 4.0 4.0 8.0 9.0 
1108447 2003 12 28 82 8.0 9.0 9.0 8.0 9.0 7.0 6.0 6.0 5.0 4.0 5.0 5.0 5.0 4.0 4.0 3.0 3.0 3.0 2.0 1.0 0.0 0.0 0.0 0.0 
1108447 2003 12 29 82 0.0 0.0 0.0 0.0 0.0 0.0 0.0 0.0 0.0 0.0 0.0 0.0 0.0 0.0 0.0 1.0 1.0 1.0 1.0 1.0 1.0 1.0 2.0 8.0 
1108447 2003 12 30 82 9.0 9.0 9.0 8.0 9.0 9.0 10.0 10.0 10.0 10.0 10.0 10.0 10.0 10.0 10.0 10.0 10.0 10.0 10.0 10.0 10.0 10.0 10.0 10.0 
1108447 2003 12 31 82 10.0 10.0 10.0 10.0 10.0 10.0 10.0 10.0 10.0 10.0 10.0 10.0 10.0 10.0 10.0 10.0 10.0 10.0 10.0 10.0 10.0 10.0 10.0 10.0 
1108447 2004 1 1 82 10.0 10.0 10.0 8.0 8.0 9.0 9.0 4.0 7.0 7.0 8.0 8.0 8.0 8.0 9.0 9.0 9.0 9.0 9.0 8.0 8.0 9.0 9.0 9.0 
1108447 2004 1 2 82 10.0 10.0 8.0 10.0 9.0 9.0 10.0 10.0 9.0 9.0 10.0 4.0 8.0 10.0 9.0 10.0 10.0 10.0 10.0 10.0 10.0 10.0 10.0 10.0 
1108447 2004 1 3 82 10.0 10.0 10.0 10.0 10.0 10.0 10.0 10.0 9.0 7.0 8.0 7.0 6.0 3.0 1.0 2.0 2.0 2.0 2.0 3.0 3.0 2.0 2.0 0.0 
1108447 2004 1 4 82 0.0 0.0 0.0 0.0 0.0 0.0 0.0 0.0 0.0 0.0 1.0 1.0 1.0 1.0 1.0 1.0 1.0 1.0 1.0 1.0 1.0 1.0 2.0 1.0 
1108447 2004 1 5 82 1.0 4.0 5.0 6.0 6.0 7.0 8.0 8.0 8.0 8.0 8.0 6.0 7.0 7.0 8.0 9.0 8.0 5.0 8.0 8.0 9.0 9.0 9.0 8.0 
1108447 2004 1 6 82 9.0 9.0 10.0 10.0 10.0 10.0 10.0 10.0 10.0 10.0 10.0 10.0 10.0 10.0 10.0 10.0 10.0 10.0 10.0 10.0 10.0 10.0 10.0 10.0 
1108447 2004 1 7 82 10.0 10.0 10.0 10.0 10.0 10.0 10.0 10.0 10.0 10.0 10.0 10.0 10.0 10.0 10.0 10.0 10.0 10.0 10.0 10.0 10.0 10.0 10.0 10.0 
1108447 2004 1 8 82 10.0 10.0 10.0 10.0 10.0 10.0 10.0 10.0 10.0 9.0 9.0 9.0 8.0 8.0 9.0 10.0 10.0 10.0 10.0 10.0 10.0 10.0 10.0 10.0 
1108447 2004 1 9 82 10.0 10.0 10.0 10.0 10.0 10.0 10.0 10.0 10.0 10.0 10.0 10.0 10.0 10.0 10.0 10.0 10.0 10.0 10.0 10.0 10.0 10.0 10.0 10.0 
1108447 2004 1 10 82 10.0 10.0 10.0 10.0 10.0 10.0 10.0 10.0 9.0 9.0 10.0 10.0 10.0 10.0 10.0 10.0 10.0 10.0 10.0 10.0 10.0 10.0 10.0 6.0 
1108447 2004 1 11 82 6.0 10.0 10.0 9.0 9.0 10.0 10.0 10.0 10.0 10.0 10.0 9.0 8.0 9.0 10.0 10.0 10.0 9.0 10.0 10.0 8.0 7.0 8.0 7.0 
1108447 2004 1 12 82 8.0 9.0 9.0 7.0 9.0 9.0 9.0 9.0 9.0 9.0 9.0 9.0 10.0 10.0 10.0 10.0 10.0 10.0 10.0 10.0 10.0 10.0 10.0 10.0 
1108447 2004 1 13 82 10.0 8.0 9.0 10.0 10.0 10.0 10.0 10.0 10.0 10.0 10.0 10.0 10.0 10.0 10.0 10.0 10.0 10.0 10.0 10.0 10.0 10.0 10.0 10.0 
1108447 2004 1 14 82 10.0 10.0 10.0 10.0 10.0 10.0 10.0 10.0 10.0 10.0 10.0 10.0 10.0 10.0 10.0 10.0 10.0 10.0 10.0 10.0 10.0 10.0 10.0 10.0 
1108447 2004 1 15 82 10.0 10.0 10.0 10.0 10.0 10.0 10.0 9.0 9.0 9.0 8.0 3.0 3.0 2.0 2.0 3.0 4.0 3.0 3.0 2.0 3.0 1.0 1.0 1.0 
1108447 2004 1 16 82 4.0 4.0 8.0 8.0 6.0 6.0 7.0 7.0 9.0 8.0 8.0 8.0 8.0 9.0 9.0 9.0 10.0 10.0 10.0 10.0 10.0 10.0 10.0 10.0 
1108447 2004 1 17 82 9.0 10.0 9.0 9.0 9.0 7.0 9.0 9.0 9.0 10.0 10.0 10.0 8.0 9.0 10.0 10.0 10.0 10.0 10.0 10.0 10.0 10.0 10.0 10.0 
1108447 2004 1 18 82 10.0 10.0 10.0 10.0 10.0 10.0 10.0 10.0 10.0 10.0 10.0 10.0 10.0 10.0 10.0 10.0 10.0 10.0 10.0 10.0 10.0 10.0 10.0 10.0 
1108447 2004 1 19 82 10.0 10.0 10.0 10.0 10.0 10.0 10.0 10.0 10.0 9.0 10.0 10.0 10.0 10.0 9.0 9.0 2.0 1.0 4.0 0.0 0.0 0.0 1.0 10.0 
1108447 2004 1 20 82 10.0 8.0 10.0 10.0 10.0 10.0 10.0 10.0 10.0 10.0 10.0 10.0 10.0 10.0 10.0 10.0 10.0 10.0 10.0 10.0 10.0 10.0 10.0 10.0 
1108447 2004 1 21 82 10.0 10.0 10.0 10.0 10.0 10.0 10.0 7.0 8.0 8.0 8.0 8.0 9.0 10.0 10.0 10.0 10.0 10.0 10.0 10.0 10.0 10.0 10.0 10.0 
1108447 2004 1 22 82 10.0 10.0 10.0 10.0 10.0 10.0 10.0 10.0 10.0 10.0 10.0 10.0 10.0 10.0 10.0 10.0 10.0 10.0 10.0 10.0 10.0 10.0 10.0 10.0 
1108447 2004 1 23 82 10.0 10.0 10.0 10.0 10.0 10.0 10.0 10.0 10.0 10.0 10.0 10.0 10.0 10.0 10.0 10.0 10.0 10.0 10.0 10.0 10.0 10.0 10.0 10.0 
1108447 2004 1 24 82 10.0 10.0 10.0 10.0 10.0 10.0 10.0 10.0 9.0 9.0 9.0 10.0 10.0 10.0 8.0 9.0 9.0 8.0 8.0 9.0 10.0 9.0 10.0 9.0 
1108447 2004 1 25 82 10.0 8.0 9.0 10.0 10.0 10.0 10.0 9.0 8.0 8.0 9.0 10.0 10.0 9.0 9.0 9.0 10.0 7.0 9.0 10.0 10.0 9.0 10.0 10.0 
1108447 2004 1 26 82 10.0 10.0 10.0 10.0 10.0 10.0 10.0 10.0 10.0 10.0 10.0 10.0 9.0 9.0 9.0 10.0 10.0 10.0 10.0 10.0 6.0 8.0 8.0 8.0 
1108447 2004 1 27 82 10.0 10.0 10.0 10.0 10.0 10.0 10.0 10.0 10.0 10.0 10.0 10.0 10.0 10.0 10.0 10.0 10.0 10.0 10.0 10.0 10.0 10.0 10.0 10.0 
1108447 2004 1 28 82 10.0 10.0 10.0 10.0 10.0 10.0 10.0 10.0 9.0 10.0 9.0 9.0 9.0 9.0 9.0 10.0 10.0 10.0 10.0 10.0 10.0 10.0 10.0 10.0 
1108447 2004 1 29 82 10.0 10.0 10.0 10.0 10.0 10.0 10.0 9.0 10.0 10.0 10.0 10.0 10.0 10.0 10.0 10.0 10.0 10.0 10.0 10.0 10.0 10.0 10.0 10.0 
1108447 2004 1 30 82 10.0 10.0 10.0 10.0 10.0 10.0 10.0 10.0 9.0 8.0 8.0 8.0 7.0 8.0 8.0 9.0 8.0 5.0 5.0 5.0 6.0 4.0 4.0 3.0 
1108447 2004 1 31 82 3.0 3.0 4.0 6.0 5.0 7.0 7.0 5.0 6.0 6.0 7.0 7.0 10.0 10.0 10.0 10.0 10.0 10.0 10.0 10.0 10.0 10.0 10.0 10.0 
1108447 2004 2 1 82 10.0 10.0 10.0 10.0 10.0 10.0 10.0 9.0 9.0 8.0 10.0 5.0 5.0 10.0 9.0 8.0 5.0 7.0 8.0 10.0 5.0 6.0 4.0 7.0 
1108447 2004 2 2 82 8.0 8.0 9.0 9.0 9.0 10.0 10.0 10.0 10.0 10.0 10.0 10.0 10.0 10.0 10.0 10.0 10.0 10.0 10.0 10.0 10.0 10.0 10.0 10.0 
1108447 2004 2 3 82 10.0 10.0 10.0 10.0 10.0 10.0 10.0 9.0 9.0 9.0 10.0 10.0 10.0 10.0 10.0 10.0 10.0 10.0 10.0 10.0 10.0 10.0 10.0 10.0 
1108447 2004 2 4 82 10.0 10.0 10.0 10.0 10.0 10.0 2.0 2.0 1.0 1.0 3.0 8.0 4.0 4.0 8.0 3.0 4.0 2.0 2.0 2.0 3.0 5.0 4.0 1.0 
1108447 2004 2 5 82 0.0 1.0 1.0 3.0 3.0 5.0 8.0 8.0 5.0 9.0 10.0 10.0 10.0 10.0 10.0 10.0 10.0 10.0 10.0 10.0 10.0 10.0 10.0 10.0 
1108447 2004 2 6 82 10.0 10.0 10.0 10.0 10.0 10.0 10.0 10.0 10.0 10.0 10.0 10.0 10.0 4.0 4.0 4.0 9.0 7.0 9.0 10.0 10.0 10.0 9.0 10.0 
1108447 2004 2 7 82 10.0 10.0 10.0 9.0 9.0 3.0 3.0 4.0 5.0 6.0 7.0 8.0 9.0 9.0 8.0 7.0 6.0 7.0 5.0 8.0 8.0 8.0 7.0 5.0 
1108447 2004 2 8 82 8.0 5.0 4.0 8.0 7.0 8.0 8.0 8.0 8.0 8.0 8.0 7.0 5.0 5.0 5.0 7.0 8.0 8.0 8.0 6.0 1.0 2.0 0.0 0.0 
1108447 2004 2 9 82 1.0 1.0 1.0 0.0 0.0 0.0 0.0 2.0 9.0 10.0 10.0 10.0 10.0 9.0 7.0 7.0 8.0 9.0 10.0 10.0 10.0 10.0 10.0 10.0 
1108447 2004 2 10 82 10.0 10.0 10.0 10.0 10.0 10.0 10.0 3.0 4.0 4.0 4.0 4.0 3.0 3.0 2.0 2.0 1.0 1.0 1.0 1.0 1.0 0.0 0.0 0.0 
1108447 2004 2 11 82 3.0 2.0 2.0 3.0 3.0 2.0 0.0 1.0 1.0 1.0 1.0 1.0 1.0 0.0 0.0 0.0 0.0 0.0 0.0 0.0 0.0 0.0 0.0 1.0 
1108447 2004 2 12 82 1.0 0.0 3.0 3.0 0.0 9.0 6.0 1.0 2.0 2.0 0.0 0.0 0.0 0.0 0.0 0.0 0.0 0.0 1.0 1.0 1.0 1.0 1.0 2.0 
1108447 2004 2 13 82 1.0 1.0 0.0 0.0 2.0 3.0 2.0 3.0 7.0 9.0 8.0 8.0 8.0 7.0 9.0 10.0 10.0 10.0 10.0 10.0 10.0 10.0 10.0 10.0 
1108447 2004 2 14 82 10.0 10.0 10.0 10.0 10.0 10.0 10.0 10.0 10.0 10.0 10.0 10.0 10.0 10.0 10.0 9.0 9.0 10.0 10.0 9.0 10.0 10.0 10.0 10.0 
1108447 2004 2 15 82 10.0 10.0 10.0 10.0 10.0 10.0 10.0 10.0 10.0 10.0 10.0 10.0 10.0 10.0 10.0 10.0 10.0 10.0 10.0 10.0 10.0 10.0 8.0 4.0 
1108447 2004 2 16 82 2.0 3.0 3.0 7.0 8.0 9.0 9.0 9.0 10.0 10.0 10.0 10.0 10.0 10.0 10.0 10.0 9.0 8.0 4.0 4.0 4.0 5.0 10.0 10.0 
1108447 2004 2 17 82 6.0 4.0 4.0 4.0 4.0 5.0 3.0 5.0 5.0 5.0 6.0 7.0 8.0 9.0 9.0 10.0 10.0 10.0 10.0 10.0 10.0 10.0 10.0 10.0 
1108447 2004 2 18 82 10.0 10.0 10.0 10.0 10.0 10.0 10.0 10.0 10.0 10.0 10.0 10.0 7.0 5.0 8.0 9.0 9.0 9.0 9.0 8.0 9.0 7.0 8.0 9.0 
1108447 2004 2 19 82 9.0 9.0 7.0 9.0 9.0 10.0 10.0 9.0 9.0 9.0 9.0 9.0 9.0 9.0 8.0 9.0 9.0 9.0 9.0 9.0 9.0 9.0 10.0 10.0 
1108447 2004 2 20 82 9.0 9.0 9.0 7.0 7.0 9.0 10.0 9.0 9.0 9.0 5.0 2.0 2.0 3.0 2.0 2.0 3.0 4.0 4.0 4.0 3.0 5.0 3.0 0.0 
1108447 2004 2 21 82 0.0 0.0 0.0 0.0 1.0 1.0 1.0 1.0 0.0 10.0 10.0 10.0 10.0 5.0 2.0 1.0 2.0 7.0 5.0 4.0 6.0 6.0 2.0 3.0 
1108447 2004 2 22 82 3.0 0.0 0.0 1.0 1.0 3.0 7.0 8.0 9.0 9.0 8.0 4.0 4.0 3.0 3.0 1.0 4.0 6.0 9.0 9.0 9.0 9.0 10.0 10.0 
1108447 2004 2 23 82 10.0 10.0 10.0 10.0 10.0 9.0 9.0 10.0 10.0 10.0 10.0 10.0 10.0 9.0 9.0 9.0 9.0 9.0 9.0 9.0 9.0 9.0 9.0 9.0 
1108447 2004 2 24 82 9.0 10.0 10.0 10.0 10.0 10.0 10.0 10.0 10.0 10.0 10.0 10.0 10.0 10.0 9.0 10.0 10.0 9.0 10.0 10.0 10.0 10.0 10.0 10.0 
1108447 2004 2 25 82 10.0 10.0 3.0 2.0 1.0 1.0 1.0 6.0 9.0 10.0 10.0 10.0 10.0 10.0 10.0 10.0 10.0 10.0 10.0 10.0 10.0 9.0 10.0 10.0 
1108447 2004 2 26 82 10.0 5.0 6.0 8.0 9.0 10.0 8.0 9.0 10.0 9.0 9.0 9.0 8.0 8.0 8.0 8.0 8.0 7.0 7.0 8.0 9.0 10.0 10.0 10.0 
1108447 2004 2 27 82 10.0 10.0 10.0 10.0 10.0 10.0 10.0 10.0 10.0 10.0 10.0 10.0 10.0 10.0 10.0 10.0 6.0 8.0 10.0 10.0 9.0 4.0 9.0 9.0 
1108447 2004 2 28 82 10.0 10.0 10.0 10.0 10.0 10.0 10.0 10.0 10.0 10.0 10.0 10.0 10.0 10.0 10.0 10.0 10.0 10.0 10.0 9.0 9.0 9.0 9.0 9.0 
1108447 2004 2 29 82 9.0 10.0 10.0 10.0 10.0 10.0 9.0 10.0 10.0 10.0 9.0 9.0 9.0 8.0 7.0 8.0 9.0 8.0 9.0 9.0 8.0 9.0 9.0 7.0 
1108447 2004 3 1 82 6.0 6.0 5.0 5.0 5.0 8.0 4.0 5.0 4.0 3.0 3.0 3.0 2.0 2.0 3.0 3.0 3.0 2.0 3.0 2.0 2.0 2.0 0.0 0.0 
1108447 2004 3 2 82 0.0 0.0 1.0 1.0 1.0 4.0 4.0 3.0 2.0 2.0 4.0 7.0 7.0 7.0 7.0 7.0 3.0 5.0 8.0 4.0 2.0 5.0 7.0 7.0 
1108447 2004 3 3 82 10.0 10.0 10.0 10.0 10.0 10.0 10.0 10.0 10.0 10.0 10.0 10.0 10.0 10.0 10.0 10.0 10.0 10.0 10.0 10.0 10.0 10.0 10.0 10.0 
1108447 2004 3 4 82 10.0 10.0 10.0 10.0 10.0 10.0 10.0 8.0 4.0 3.0 3.0 4.0 4.0 5.0 4.0 3.0 1.0 2.0 4.0 7.0 8.0 8.0 7.0 9.0 
1108447 2004 3 5 82 10.0 10.0 10.0 10.0 10.0 10.0 10.0 10.0 10.0 9.0 8.0 6.0 3.0 6.0 7.0 3.0 6.0 5.0 5.0 7.0 8.0 4.0 4.0 4.0 
1108447 2004 3 6 82 4.0 10.0 10.0 7.0 6.0 9.0 8.0 8.0 8.0 8.0 10.0 10.0 10.0 10.0 10.0 10.0 10.0 10.0 10.0 10.0 10.0 10.0 10.0 10.0 
1108447 2004 3 7 82 10.0 10.0 10.0 10.0 10.0 10.0 10.0 10.0 10.0 10.0 10.0 10.0 10.0 10.0 10.0 10.0 10.0 10.0 10.0 10.0 10.0 10.0 10.0 10.0 
1108447 2004 3 8 82 10.0 10.0 10.0 10.0 10.0 10.0 10.0 10.0 10.0 9.0 4.0 9.0 9.0 9.0 8.0 6.0 8.0 8.0 8.0 8.0 8.0 8.0 8.0 9.0 
1108447 2004 3 9 82 9.0 9.0 9.0 9.0 10.0 10.0 10.0 4.0 3.0 2.0 2.0 1.0 2.0 3.0 4.0 6.0 4.0 3.0 0.0 0.0 0.0 1.0 0.0 0.0 
1108447 2004 3 10 82 0.0 2.0 1.0 2.0 1.0 3.0 4.0 4.0 5.0 5.0 4.0 3.0 3.0 4.0 4.0 4.0 4.0 7.0 6.0 6.0 7.0 8.0 6.0 4.0 
1108447 2004 3 11 82 4.0 2.0 2.0 2.0 2.0 3.0 4.0 5.0 5.0 6.0 6.0 6.0 8.0 8.0 8.0 9.0 9.0 9.0 9.0 7.0 7.0 6.0 8.0 9.0 
1108447 2004 3 12 82 10.0 10.0 10.0 10.0 10.0 10.0 10.0 8.0 9.0 10.0 10.0 7.0 4.0 2.0 1.0 2.0 2.0 2.0 3.0 3.0 3.0 2.0 2.0 2.0 
1108447 2004 3 13 82 2.0 2.0 4.0 4.0 5.0 8.0 8.0 9.0 10.0 8.0 8.0 4.0 4.0 3.0 3.0 10.0 10.0 9.0 10.0 10.0 10.0 10.0 10.0 10.0 
1108447 2004 3 14 82 10.0 10.0 10.0 10.0 10.0 10.0 10.0 9.0 8.0 8.0 9.0 8.0 8.0 7.0 3.0 7.0 8.0 8.0 8.0 5.0 2.0 4.0 3.0 4.0 
1108447 2004 3 15 82 7.0 7.0 6.0 5.0 5.0 8.0 9.0 10.0 10.0 10.0 10.0 10.0 10.0 10.0 10.0 10.0 10.0 10.0 10.0 10.0 9.0 10.0 10.0 10.0 
1108447 2004 3 16 82 10.0 10.0 10.0 10.0 10.0 10.0 10.0 10.0 10.0 10.0 10.0 9.0 10.0 10.0 10.0 10.0 10.0 10.0 10.0 10.0 7.0 9.0 5.0 10.0 
1108447 2004 3 17 82 10.0 10.0 10.0 10.0 10.0 10.0 10.0 10.0 10.0 10.0 10.0 10.0 10.0 10.0 10.0 10.0 10.0 10.0 10.0 10.0 10.0 10.0 10.0 10.0 
1108447 2004 3 18 82 10.0 10.0 10.0 10.0 10.0 8.0 10.0 9.0 8.0 4.0 7.0 7.0 8.0 9.0 9.0 8.0 9.0 9.0 9.0 9.0 9.0 10.0 9.0 9.0 
1108447 2004 3 19 82 8.0 10.0 10.0 8.0 10.0 10.0 10.0 9.0 9.0 9.0 9.0 8.0 9.0 9.0 5.0 3.0 4.0 3.0 2.0 2.0 2.0 2.0 1.0 2.0 
1108447 2004 3 20 82 2.0 3.0 1.0 1.0 6.0 10.0 10.0 9.0 8.0 10.0 10.0 9.0 9.0 9.0 9.0 10.0 10.0 10.0 10.0 7.0 7.0 7.0 8.0 8.0 
1108447 2004 3 21 82 9.0 9.0 9.0 8.0 8.0 8.0 10.0 9.0 9.0 8.0 7.0 7.0 6.0 9.0 10.0 10.0 10.0 10.0 10.0 10.0 10.0 10.0 10.0 10.0 
1108447 2004 3 22 82 10.0 10.0 8.0 9.0 9.0 8.0 9.0 7.0 8.0 6.0 5.0 5.0 5.0 5.0 7.0 7.0 7.0 7.0 5.0 5.0 9.0 9.0 6.0 7.0 
1108447 2004 3 23 82 9.0 9.0 8.0 10.0 9.0 9.0 9.0 10.0 10.0 8.0 10.0 9.0 10.0 10.0 10.0 10.0 10.0 9.0 9.0 10.0 10.0 10.0 10.0 9.0 
1108447 2004 3 24 82 10.0 10.0 10.0 10.0 10.0 10.0 10.0 10.0 9.0 9.0 10.0 9.0 8.0 10.0 9.0 9.0 8.0 10.0 8.0 8.0 9.0 10.0 10.0 10.0 
1108447 2004 3 25 82 10.0 10.0 10.0 10.0 10.0 10.0 10.0 10.0 10.0 10.0 10.0 10.0 10.0 10.0 10.0 10.0 10.0 10.0 10.0 10.0 10.0 10.0 10.0 10.0 
1108447 2004 3 26 82 9.0 10.0 10.0 10.0 10.0 10.0 10.0 8.0 8.0 10.0 10.0 10.0 10.0 10.0 10.0 10.0 10.0 10.0 10.0 10.0 10.0 10.0 10.0 10.0 
1108447 2004 3 27 82 10.0 10.0 10.0 9.0 9.0 9.0 9.0 8.0 6.0 6.0 8.0 5.0 7.0 7.0 8.0 6.0 7.0 8.0 7.0 4.0 7.0 8.0 9.0 9.0 
1108447 2004 3 28 82 8.0 7.0 8.0 9.0 8.0 8.0 10.0 10.0 10.0 10.0 10.0 10.0 10.0 10.0 8.0 8.0 5.0 5.0 8.0 10.0 9.0 10.0 10.0 9.0 
1108447 2004 3 29 82 6.0 5.0 3.0 2.0 3.0 6.0 6.0 8.0 8.0 7.0 4.0 7.0 7.0 9.0 9.0 9.0 10.0 9.0 10.0 10.0 10.0 10.0 10.0 10.0 
1108447 2004 3 30 82 10.0 10.0 10.0 10.0 10.0 10.0 10.0 10.0 9.0 9.0 9.0 9.0 8.0 5.0 6.0 7.0 3.0 2.0 1.0 2.0 2.0 1.0 1.0 1.0 
1108447 2004 3 31 82 0.0 0.0 1.0 1.0 2.0 2.0 5.0 6.0 7.0 8.0 8.0 8.0 7.0 8.0 8.0 10.0 10.0 10.0 9.0 5.0 5.0 3.0 3.0 0.0 
1108447 2004 4 1 82 0.0 0.0 0.0 0.0 1.0 1.0 1.0 1.0 2.0 2.0 2.0 2.0 1.0 1.0 1.0 2.0 0.0 0.0 1.0 1.0 2.0 0.0 0.0 0.0 
1108447 2004 4 2 82 0.0 0.0 0.0 0.0 0.0 0.0 0.0 0.0 0.0 0.0 0.0 0.0 0.0 0.0 0.0 0.0 0.0 0.0 0.0 0.0 0.0 0.0 0.0 0.0 
1108447 2004 4 3 82 0.0 0.0 0.0 0.0 0.0 1.0 1.0 2.0 2.0 1.0 1.0 1.0 2.0 3.0 5.0 8.0 9.0 10.0 10.0 10.0 10.0 9.0 9.0 10.0 
1108447 2004 4 4 82 1.0 0.0 0.0 0.0 1.0 2.0 2.0 3.0 4.0 7.0 7.0 4.0 7.0 8.0 8.0 6.0 6.0 10.0 10.0 10.0 10.0 8.0 9.0 10.0 
1108447 2004 4 5 82 10.0 8.0 8.0 6.0 10.0 9.0 8.0 9.0 9.0 9.0 9.0 7.0 6.0 5.0 1.0 1.0 1.0 1.0 0.0 0.0 0.0 0.0 0.0 0.0 
1108447 2004 4 6 82 0.0 0.0 0.0 0.0 0.0 1.0 1.0 4.0 5.0 5.0 4.0 7.0 9.0 9.0 9.0 9.0 9.0 10.0 7.0 10.0 10.0 10.0 10.0 10.0 
1108447 2004 4 7 82 10.0 10.0 10.0 10.0 10.0 10.0 9.0 9.0 9.0 9.0 9.0 8.0 9.0 9.0 8.0 6.0 4.0 3.0 3.0 3.0 1.0 1.0 0.0 0.0 
1108447 2004 4 8 82 0.0 0.0 0.0 0.0 0.0 0.0 0.0 2.0 2.0 2.0 1.0 1.0 1.0 1.0 1.0 1.0 2.0 3.0 1.0 2.0 2.0 1.0 1.0 0.0 
1108447 2004 4 9 82 0.0 0.0 2.0 2.0 2.0 0.0 1.0 1.0 0.0 0.0 1.0 1.0 3.0 5.0 9.0 10.0 10.0 10.0 10.0 7.0 3.0 3.0 3.0 3.0 
1108447 2004 4 10 82 2.0 2.0 3.0 3.0 2.0 2.0 4.0 5.0 5.0 4.0 4.0 6.0 5.0 5.0 7.0 10.0 10.0 10.0 10.0 10.0 7.0 7.0 3.0 3.0 
1108447 2004 4 11 82 2.0 0.0 3.0 4.0 3.0 0.0 1.0 1.0 2.0 3.0 2.0 1.0 1.0 1.0 1.0 2.0 4.0 7.0 9.0 9.0 5.0 5.0 6.0 4.0 
1108447 2004 4 12 82 5.0 7.0 7.0 6.0 8.0 7.0 8.0 8.0 9.0 8.0 9.0 10.0 9.0 9.0 10.0 10.0 10.0 9.0 10.0 9.0 10.0 10.0 10.0 10.0 
1108447 2004 4 13 82 10.0 10.0 10.0 10.0 10.0 10.0 10.0 8.0 9.0 8.0 8.0 8.0 6.0 6.0 5.0 5.0 5.0 2.0 3.0 4.0 3.0 4.0 3.0 4.0 
1108447 2004 4 14 82 10.0 10.0 10.0 10.0 10.0 10.0 10.0 10.0 10.0 10.0 10.0 10.0 10.0 9.0 9.0 9.0 9.0 9.0 8.0 9.0 8.0 9.0 10.0 10.0 
1108447 2004 4 15 82 10.0 10.0 10.0 10.0 10.0 10.0 10.0 9.0 9.0 9.0 9.0 9.0 9.0 9.0 9.0 9.0 9.0 9.0 9.0 8.0 9.0 9.0 9.0 10.0 
1108447 2004 4 16 82 10.0 7.0 6.0 10.0 10.0 10.0 9.0 9.0 9.0 9.0 8.0 9.0 7.0 7.0 9.0 7.0 7.0 6.0 4.0 3.0 5.0 9.0 9.0 10.0 
1108447 2004 4 17 82 10.0 10.0 10.0 10.0 10.0 10.0 9.0 9.0 9.0 9.0 9.0 8.0 7.0 8.0 7.0 6.0 5.0 4.0 2.0 1.0 0.0 0.0 6.0 5.0 
1108447 2004 4 18 82 7.0 7.0 7.0 10.0 10.0 8.0 8.0 5.0 7.0 8.0 7.0 7.0 8.0 6.0 5.0 6.0 3.0 3.0 7.0 9.0 8.0 8.0 8.0 9.0 
1108447 2004 4 19 82 9.0 9.0 9.0 8.0 9.0 10.0 8.0 9.0 9.0 8.0 8.0 9.0 6.0 9.0 10.0 10.0 10.0 10.0 10.0 10.0 10.0 10.0 10.0 10.0 
1108447 2004 4 20 82 10.0 10.0 10.0 10.0 10.0 10.0 8.0 9.0 9.0 9.0 9.0 9.0 7.0 6.0 6.0 5.0 6.0 7.0 7.0 8.0 10.0 7.0 9.0 9.0 
1108447 2004 4 21 82 9.0 10.0 10.0 10.0 10.0 9.0 6.0 5.0 5.0 4.0 4.0 4.0 3.0 2.0 4.0 2.0 1.0 1.0 0.0 0.0 0.0 0.0 0.0 0.0 
1108447 2004 4 22 82 1.0 0.0 0.0 0.0 0.0 3.0 3.0 7.0 8.0 9.0 8.0 8.0 9.0 9.0 8.0 8.0 6.0 4.0 4.0 3.0 3.0 4.0 4.0 9.0 
1108447 2004 4 23 82 9.0 9.0 9.0 9.0 9.0 10.0 10.0 10.0 10.0 10.0 5.0 5.0 2.0 1.0 2.0 2.0 4.0 4.0 3.0 4.0 7.0 7.0 5.0 7.0 
1108447 2004 4 24 82 9.0 8.0 10.0 9.0 9.0 5.0 4.0 5.0 4.0 7.0 8.0 9.0 10.0 10.0 4.0 4.0 4.0 6.0 9.0 7.0 4.0 3.0 3.0 1.0 
1108447 2004 4 25 82 5.0 3.0 9.0 7.0 6.0 0.0 1.0 1.0 1.0 2.0 2.0 3.0 2.0 8.0 8.0 8.0 6.0 6.0 6.0 8.0 3.0 3.0 3.0 2.0 
1108447 2004 4 26 82 0.0 0.0 0.0 0.0 0.0 1.0 1.0 1.0 1.0 1.0 1.0 1.0 1.0 0.0 0.0 0.0 1.0 1.0 1.0 1.0 1.0 1.0 1.0 1.0 
1108447 2004 4 27 82 5.0 7.0 8.0 9.0 10.0 10.0 10.0 9.0 9.0 7.0 5.0 7.0 7.0 9.0 8.0 8.0 8.0 7.0 6.0 5.0 3.0 3.0 2.0 1.0 
1108447 2004 4 28 82 0.0 0.0 0.0 0.0 0.0 0.0 1.0 1.0 1.0 4.0 7.0 8.0 9.0 7.0 6.0 5.0 7.0 4.0 1.0 0.0 0.0 0.0 0.0 0.0 
1108447 2004 4 29 82 0.0 0.0 0.0 0.0 0.0 1.0 2.0 3.0 6.0 7.0 8.0 5.0 4.0 1.0 0.0 0.0 0.0 0.0 0.0 0.0 0.0 0.0 0.0 0.0 
1108447 2004 4 30 82 0.0 0.0 0.0 0.0 0.0 0.0 0.0 0.0 0.0 0.0 0.0 3.0 5.0 6.0 4.0 4.0 5.0 7.0 8.0 7.0 7.0 8.0 5.0 8.0 
1108447 2004 5 1 82 7.0 5.0 5.0 4.0 4.0 7.0 7.0 8.0 9.0 8.0 9.0 9.0 9.0 10.0 10.0 9.0 6.0 2.0 1.0 6.0 9.0 10.0 10.0 10.0 
1108447 2004 5 2 82 10.0 10.0 10.0 10.0 10.0 10.0 10.0 10.0 10.0 9.0 9.0 8.0 6.0 7.0 8.0 8.0 9.0 7.0 8.0 7.0 7.0 7.0 9.0 8.0 
1108447 2004 5 3 82 8.0 8.0 10.0 10.0 9.0 9.0 9.0 9.0 9.0 10.0 10.0 10.0 10.0 10.0 10.0 10.0 10.0 10.0 10.0 9.0 6.0 9.0 9.0 7.0 
1108447 2004 5 4 82 9.0 10.0 10.0 10.0 10.0 10.0 10.0 10.0 10.0 10.0 9.0 9.0 10.0 9.0 9.0 9.0 6.0 7.0 8.0 8.0 9.0 3.0 7.0 8.0 
1108447 2004 5 5 82 7.0 8.0 8.0 9.0 10.0 10.0 9.0 9.0 10.0 9.0 9.0 8.0 6.0 4.0 4.0 3.0 3.0 2.0 1.0 1.0 1.0 1.0 1.0 1.0 
1108447 2004 5 6 82 1.0 1.0 2.0 3.0 3.0 7.0 5.0 4.0 6.0 7.0 7.0 7.0 7.0 7.0 8.0 7.0 9.0 9.0 9.0 8.0 7.0 6.0 9.0 9.0 
1108447 2004 5 7 82 7.0 5.0 5.0 8.0 9.0 9.0 8.0 8.0 8.0 8.0 10.0 9.0 9.0 10.0 10.0 10.0 10.0 10.0 10.0 10.0 10.0 10.0 8.0 10.0 
1108447 2004 5 8 82 10.0 10.0 10.0 10.0 7.0 8.0 8.0 5.0 9.0 7.0 7.0 4.0 3.0 3.0 4.0 4.0 5.0 4.0 7.0 8.0 8.0 8.0 7.0 8.0 
1108447 2004 5 9 82 7.0 8.0 10.0 9.0 9.0 9.0 9.0 9.0 9.0 6.0 4.0 3.0 2.0 2.0 5.0 2.0 1.0 1.0 2.0 2.0 6.0 3.0 3.0 6.0 
1108447 2004 5 10 82 9.0 9.0 9.0 9.0 10.0 10.0 10.0 10.0 10.0 10.0 10.0 9.0 9.0 7.0 8.0 6.0 6.0 4.0 6.0 8.0 8.0 8.0 9.0 10.0 
1108447 2004 5 11 82 10.0 10.0 10.0 6.0 5.0 8.0 9.0 8.0 6.0 4.0 3.0 4.0 2.0 2.0 1.0 1.0 1.0 1.0 1.0 0.0 0.0 0.0 0.0 1.0 
1108447 2004 5 12 82 1.0 8.0 2.0 1.0 1.0 0.0 2.0 8.0 7.0 7.0 5.0 4.0 4.0 3.0 3.0 1.0 1.0 2.0 1.0 0.0 0.0 0.0 0.0 0.0 
1108447 2004 5 13 82 0.0 0.0 0.0 0.0 0.0 0.0 1.0 3.0 4.0 3.0 3.0 3.0 3.0 2.0 2.0 2.0 2.0 1.0 1.0 1.0 1.0 1.0 0.0 0.0 
1108447 2004 5 14 82 0.0 0.0 0.0 0.0 0.0 0.0 0.0 0.0 1.0 1.0 2.0 2.0 2.0 2.0 1.0 1.0 1.0 1.0 2.0 6.0 5.0 6.0 3.0 3.0 
1108447 2004 5 15 82 0.0 0.0 2.0 2.0 4.0 10.0 10.0 10.0 10.0 10.0 10.0 10.0 10.0 10.0 10.0 10.0 8.0 9.0 10.0 9.0 9.0 7.0 5.0 3.0 
1108447 2004 5 16 82 6.0 8.0 7.0 8.0 6.0 7.0 9.0 9.0 9.0 10.0 10.0 9.0 7.0 8.0 2.0 4.0 3.0 1.0 1.0 2.0 2.0 2.0 1.0 1.0 
1108447 2004 5 17 82 2.0 2.0 2.0 3.0 4.0 4.0 6.0 2.0 2.0 2.0 1.0 0.0 0.0 1.0 1.0 1.0 8.0 9.0 7.0 3.0 1.0 1.0 2.0 2.0 
1108447 2004 5 18 82 2.0 2.0 1.0 1.0 1.0 1.0 1.0 1.0 1.0 1.0 0.0 0.0 0.0 1.0 1.0 2.0 2.0 2.0 3.0 4.0 2.0 0.0 0.0 0.0 
1108447 2004 5 19 82 0.0 2.0 3.0 7.0 8.0 9.0 9.0 9.0 9.0 9.0 9.0 8.0 7.0 6.0 8.0 7.0 7.0 7.0 6.0 4.0 2.0 1.0 0.0 0.0 
1108447 2004 5 20 82 0.0 0.0 7.0 7.0 10.0 10.0 10.0 10.0 10.0 10.0 10.0 9.0 9.0 6.0 5.0 3.0 5.0 3.0 3.0 2.0 2.0 1.0 3.0 3.0 
1108447 2004 5 21 82 9.0 9.0 10.0 10.0 10.0 10.0 10.0 10.0 10.0 10.0 10.0 10.0 10.0 10.0 10.0 10.0 10.0 10.0 10.0 10.0 10.0 10.0 10.0 10.0 
1108447 2004 5 22 82 10.0 10.0 10.0 10.0 10.0 10.0 10.0 10.0 10.0 10.0 9.0 10.0 10.0 10.0 10.0 10.0 10.0 5.0 6.0 2.0 2.0 2.0 2.0 7.0 
1108447 2004 5 23 82 6.0 6.0 4.0 6.0 5.0 5.0 4.0 2.0 1.0 2.0 1.0 2.0 2.0 2.0 3.0 1.0 3.0 2.0 3.0 4.0 7.0 7.0 4.0 3.0 
1108447 2004 5 24 82 2.0 2.0 1.0 1.0 1.0 1.0 1.0 1.0 1.0 1.0 1.0 1.0 3.0 6.0 5.0 3.0 3.0 2.0 2.0 2.0 2.0 1.0 1.0 1.0 
1108447 2004 5 25 82 1.0 2.0 3.0 5.0 8.0 8.0 10.0 10.0 10.0 10.0 10.0 10.0 10.0 10.0 10.0 10.0 10.0 10.0 10.0 10.0 10.0 10.0 10.0 10.0 
1108447 2004 5 26 82 10.0 10.0 10.0 10.0 10.0 10.0 10.0 9.0 10.0 10.0 9.0 9.0 9.0 8.0 9.0 10.0 10.0 10.0 10.0 10.0 10.0 7.0 7.0 4.0 
1108447 2004 5 27 82 7.0 9.0 9.0 9.0 10.0 10.0 10.0 10.0 10.0 10.0 10.0 10.0 10.0 10.0 10.0 10.0 10.0 10.0 10.0 10.0 10.0 10.0 10.0 10.0 
1108447 2004 5 28 82 10.0 10.0 10.0 10.0 10.0 10.0 9.0 9.0 9.0 9.0 8.0 7.0 4.0 4.0 2.0 3.0 3.0 3.0 4.0 4.0 7.0 9.0 10.0 9.0 
1108447 2004 5 29 82 10.0 10.0 10.0 10.0 10.0 10.0 10.0 8.0 7.0 8.0 8.0 6.0 8.0 8.0 9.0 10.0 10.0 10.0 10.0 10.0 10.0 10.0 10.0 10.0 
1108447 2004 5 30 82 9.0 9.0 9.0 9.0 10.0 10.0 8.0 9.0 9.0 9.0 9.0 8.0 6.0 7.0 7.0 7.0 6.0 6.0 4.0 7.0 7.0 5.0 4.0 7.0 
1108447 2004 5 31 82 8.0 8.0 8.0 9.0 10.0 10.0 10.0 10.0 10.0 10.0 10.0 10.0 7.0 7.0 6.0 8.0 9.0 9.0 9.0 10.0 10.0 8.0 8.0 9.0 
1108447 2004 6 1 82 10.0 10.0 10.0 10.0 10.0 10.0 10.0 10.0 10.0 10.0 10.0 10.0 9.0 8.0 8.0 7.0 5.0 8.0 9.0 9.0 9.0 9.0 9.0 3.0 
1108447 2004 6 2 82 1.0 6.0 4.0 1.0 1.0 6.0 8.0 7.0 7.0 7.0 4.0 5.0 7.0 5.0 5.0 4.0 6.0 7.0 4.0 3.0 3.0 2.0 2.0 1.0 
1108447 2004 6 3 82 2.0 0.0 0.0 0.0 0.0 0.0 1.0 5.0 6.0 8.0 8.0 4.0 5.0 7.0 6.0 6.0 4.0 7.0 7.0 4.0 3.0 2.0 2.0 3.0 
1108447 2004 6 4 82 3.0 8.0 4.0 5.0 8.0 8.0 7.0 8.0 8.0 5.0 4.0 7.0 7.0 6.0 6.0 5.0 7.0 8.0 9.0 9.0 9.0 9.0 9.0 9.0 
1108447 2004 6 5 82 9.0 10.0 10.0 10.0 10.0 10.0 10.0 10.0 10.0 10.0 9.0 9.0 9.0 7.0 10.0 10.0 10.0 10.0 10.0 10.0 9.0 9.0 8.0 8.0 
1108447 2004 6 6 82 9.0 9.0 9.0 9.0 9.0 9.0 9.0 9.0 8.0 9.0 7.0 7.0 6.0 5.0 5.0 5.0 5.0 6.0 5.0 4.0 5.0 2.0 1.0 1.0 
1108447 2004 6 7 82 2.0 3.0 7.0 7.0 10.0 10.0 10.0 10.0 10.0 10.0 10.0 10.0 10.0 10.0 10.0 9.0 5.0 4.0 4.0 6.0 5.0 5.0 3.0 0.0 
1108447 2004 6 8 82 1.0 1.0 1.0 1.0 0.0 1.0 3.0 2.0 5.0 2.0 1.0 2.0 2.0 2.0 2.0 2.0 1.0 1.0 1.0 1.0 2.0 2.0 2.0 1.0 
1108447 2004 6 9 82 3.0 4.0 2.0 1.0 4.0 6.0 8.0 9.0 9.0 9.0 9.0 8.0 8.0 8.0 6.0 6.0 6.0 5.0 7.0 9.0 8.0 7.0 9.0 10.0 
1108447 2004 6 10 82 10.0 10.0 10.0 10.0 10.0 10.0 10.0 10.0 10.0 10.0 10.0 10.0 10.0 10.0 10.0 10.0 10.0 10.0 10.0 10.0 10.0 10.0 10.0 10.0 
1108447 2004 6 11 82 10.0 10.0 10.0 10.0 10.0 10.0 10.0 10.0 10.0 10.0 10.0 10.0 10.0 10.0 10.0 10.0 9.0 9.0 9.0 8.0 9.0 7.0 3.0 2.0 
1108447 2004 6 12 82 2.0 1.0 1.0 5.0 7.0 8.0 8.0 9.0 10.0 10.0 10.0 10.0 10.0 10.0 10.0 10.0 10.0 10.0 10.0 10.0 10.0 10.0 10.0 10.0 
1108447 2004 6 13 82 10.0 10.0 10.0 10.0 10.0 4.0 4.0 10.0 8.0 5.0 4.0 5.0 8.0 10.0 10.0 9.0 7.0 8.0 9.0 9.0 9.0 8.0 7.0 8.0 
1108447 2004 6 14 82 8.0 8.0 7.0 7.0 4.0 4.0 6.0 6.0 5.0 5.0 4.0 4.0 3.0 3.0 4.0 4.0 8.0 4.0 5.0 7.0 5.0 1.0 1.0 1.0 
1108447 2004 6 15 82 1.0 0.0 0.0 1.0 1.0 2.0 3.0 4.0 3.0 5.0 4.0 2.0 1.0 1.0 1.0 1.0 1.0 1.0 0.0 0.0 0.0 1.0 0.0 0.0 
1108447 2004 6 16 82 0.0 1.0 0.0 0.0 0.0 0.0 0.0 1.0 1.0 1.0 1.0 1.0 1.0 1.0 1.0 1.0 1.0 1.0 1.0 1.0 1.0 1.0 1.0 0.0 
1108447 2004 6 17 82 1.0 1.0 1.0 0.0 0.0 0.0 0.0 0.0 0.0 0.0 1.0 1.0 1.0 1.0 1.0 1.0 1.0 1.0 1.0 1.0 1.0 1.0 1.0 1.0 
1108447 2004 6 18 82 0.0 2.0 5.0 5.0 4.0 4.0 4.0 5.0 5.0 4.0 2.0 2.0 2.0 4.0 4.0 7.0 8.0 8.0 7.0 8.0 8.0 5.0 2.0 3.0 
1108447 2004 6 19 82 3.0 1.0 1.0 1.0 1.0 0.0 0.0 0.0 0.0 0.0 0.0 0.0 0.0 0.0 1.0 1.0 1.0 0.0 0.0 0.0 1.0 1.0 1.0 1.0 
1108447 2004 6 20 82 1.0 2.0 1.0 0.0 1.0 1.0 2.0 2.0 1.0 0.0 0.0 0.0 0.0 0.0 0.0 0.0 0.0 0.0 0.0 0.0 0.0 1.0 1.0 0.0 
1108447 2004 6 21 82 0.0 0.0 0.0 1.0 1.0 2.0 2.0 2.0 2.0 2.0 2.0 1.0 3.0 4.0 4.0 4.0 4.0 2.0 1.0 0.0 1.0 1.0 1.0 1.0 
1108447 2004 6 22 82 1.0 1.0 1.0 1.0 1.0 3.0 5.0 5.0 4.0 3.0 4.0 3.0 1.0 1.0 0.0 1.0 1.0 0.0 0.0 0.0 0.0 0.0 0.0 0.0 
1108447 2004 6 23 82 0.0 0.0 0.0 1.0 1.0 7.0 9.0 10.0 10.0 10.0 10.0 9.0 8.0 8.0 5.0 4.0 3.0 4.0 4.0 2.0 1.0 2.0 6.0 10.0 
1108447 2004 6 24 82 7.0 6.0 8.0 10.0 10.0 10.0 10.0 10.0 10.0 10.0 10.0 10.0 10.0 9.0 10.0 8.0 10.0 10.0 10.0 9.0 10.0 10.0 10.0 10.0 
1108447 2004 6 25 82 10.0 10.0 10.0 10.0 10.0 10.0 10.0 10.0 10.0 10.0 10.0 10.0 9.0 10.0 9.0 7.0 7.0 9.0 9.0 4.0 8.0 6.0 10.0 10.0 
1108447 2004 6 26 82 10.0 10.0 10.0 10.0 10.0 9.0 8.0 6.0 3.0 3.0 3.0 3.0 2.0 2.0 1.0 1.0 1.0 1.0 2.0 5.0 7.0 7.0 8.0 9.0 
1108447 2004 6 27 82 5.0 5.0 3.0 3.0 6.0 7.0 5.0 4.0 4.0 3.0 3.0 2.0 2.0 2.0 1.0 1.0 1.0 0.0 0.0 0.0 0.0 0.0 1.0 0.0 
1108447 2004 6 28 82 0.0 0.0 0.0 0.0 0.0 0.0 0.0 0.0 0.0 1.0 1.0 1.0 1.0 1.0 2.0 2.0 1.0 1.0 1.0 0.0 1.0 1.0 1.0 1.0 
1108447 2004 6 29 82 0.0 0.0 0.0 1.0 0.0 0.0 0.0 0.0 0.0 0.0 0.0 0.0 0.0 0.0 0.0 0.0 0.0 0.0 0.0 0.0 0.0 0.0 1.0 1.0 
1108447 2004 6 30 82 1.0 1.0 1.0 1.0 1.0 7.0 7.0 7.0 7.0 7.0 7.0 7.0 7.0 6.0 7.0 7.0 7.0 7.0 7.0 6.0 6.0 2.0 2.0 1.0 
1108447 2004 7 1 82 1.0 1.0 0.0 0.0 1.0 1.0 2.0 2.0 2.0 2.0 2.0 4.0 4.0 4.0 4.0 3.0 6.0 6.0 6.0 8.0 8.0 7.0 7.0 8.0 
1108447 2004 7 2 82 8.0 8.0 9.0 8.0 9.0 9.0 9.0 10.0 10.0 10.0 10.0 10.0 10.0 10.0 10.0 10.0 10.0 10.0 10.0 9.0 9.0 10.0 9.0 9.0 
1108447 2004 7 3 82 9.0 8.0 9.0 9.0 10.0 9.0 8.0 9.0 9.0 10.0 10.0 7.0 5.0 2.0 4.0 2.0 2.0 2.0 1.0 2.0 2.0 4.0 7.0 4.0 
1108447 2004 7 4 82 6.0 6.0 8.0 8.0 8.0 8.0 6.0 6.0 8.0 5.0 5.0 3.0 1.0 2.0 4.0 4.0 7.0 8.0 10.0 9.0 8.0 4.0 1.0 0.0 
1108447 2004 7 5 82 0.0 0.0 0.0 3.0 1.0 4.0 5.0 4.0 6.0 4.0 4.0 8.0 8.0 9.0 9.0 9.0 9.0 9.0 8.0 9.0 9.0 9.0 10.0 10.0 
1108447 2004 7 6 82 10.0 10.0 10.0 10.0 10.0 10.0 9.0 9.0 6.0 7.0 9.0 9.0 7.0 6.0 5.0 5.0 7.0 7.0 4.0 4.0 5.0 8.0 9.0 7.0 
1108447 2004 7 7 82 8.0 10.0 8.0 5.0 3.0 3.0 5.0 7.0 6.0 4.0 4.0 5.0 5.0 7.0 7.0 8.0 9.0 8.0 7.0 5.0 7.0 9.0 8.0 8.0 
1108447 2004 7 8 82 8.0 9.0 10.0 10.0 10.0 10.0 9.0 10.0 10.0 10.0 9.0 9.0 10.0 10.0 10.0 9.0 9.0 9.0 10.0 10.0 10.0 10.0 9.0 8.0 
1108447 2004 7 9 82 8.0 8.0 9.0 8.0 9.0 10.0 10.0 10.0 10.0 10.0 9.0 9.0 9.0 9.0 10.0 9.0 9.0 10.0 9.0 5.0 5.0 7.0 5.0 5.0 
1108447 2004 7 10 82 8.0 8.0 8.0 10.0 10.0 10.0 10.0 10.0 10.0 10.0 10.0 9.0 9.0 8.0 7.0 7.0 6.0 7.0 7.0 5.0 6.0 6.0 4.0 6.0 
1108447 2004 7 11 82 7.0 8.0 9.0 9.0 9.0 9.0 9.0 8.0 9.0 8.0 7.0 7.0 7.0 7.0 7.0 6.0 6.0 5.0 5.0 4.0 4.0 2.0 1.0 0.0 
1108447 2004 7 12 82 0.0 0.0 0.0 0.0 0.0 3.0 3.0 2.0 2.0 3.0 5.0 7.0 5.0 8.0 9.0 7.0 5.0 3.0 2.0 2.0 2.0 3.0 4.0 4.0 
1108447 2004 7 13 82 2.0 3.0 2.0 3.0 2.0 3.0 6.0 7.0 8.0 9.0 9.0 9.0 9.0 4.0 3.0 2.0 1.0 1.0 1.0 1.0 1.0 1.0 0.0 0.0 
1108447 2004 7 14 82 0.0 0.0 0.0 1.0 1.0 4.0 9.0 9.0 9.0 10.0 10.0 10.0 10.0 10.0 10.0 10.0 10.0 10.0 9.0 8.0 7.0 8.0 6.0 5.0 
1108447 2004 7 15 82 5.0 1.0 1.0 2.0 3.0 3.0 1.0 4.0 6.0 6.0 8.0 6.0 6.0 8.0 8.0 9.0 7.0 5.0 5.0 6.0 6.0 4.0 5.0 4.0 
1108447 2004 7 16 82 4.0 4.0 9.0 9.0 9.0 9.0 9.0 9.0 8.0 3.0 4.0 1.0 2.0 0.0 1.0 0.0 1.0 1.0 1.0 1.0 1.0 1.0 0.0 0.0 
1108447 2004 7 17 82 0.0 0.0 0.0 0.0 1.0 1.0 2.0 2.0 1.0 1.0 1.0 1.0 0.0 0.0 1.0 1.0 3.0 3.0 4.0 4.0 5.0 5.0 3.0 1.0 
1108447 2004 7 18 82 0.0 0.0 0.0 0.0 2.0 2.0 2.0 2.0 2.0 3.0 2.0 2.0 2.0 2.0 3.0 8.0 9.0 9.0 10.0 9.0 9.0 9.0 10.0 9.0 
1108447 2004 7 19 82 9.0 7.0 2.0 4.0 9.0 10.0 10.0 9.0 5.0 3.0 4.0 6.0 7.0 8.0 7.0 8.0 5.0 5.0 8.0 8.0 8.0 8.0 5.0 2.0 
1108447 2004 7 20 82 3.0 4.0 4.0 4.0 8.0 8.0 10.0 10.0 10.0 7.0 5.0 6.0 6.0 6.0 5.0 5.0 5.0 5.0 4.0 3.0 2.0 1.0 0.0 1.0 
1108447 2004 7 21 82 1.0 1.0 1.0 1.0 1.0 1.0 1.0 1.0 1.0 4.0 2.0 1.0 1.0 1.0 1.0 1.0 1.0 0.0 0.0 0.0 0.0 0.0 0.0 0.0 
1108447 2004 7 22 82 0.0 0.0 0.0 0.0 0.0 0.0 0.0 0.0 0.0 0.0 0.0 0.0 0.0 0.0 0.0 0.0 0.0 0.0 0.0 0.0 0.0 0.0 0.0 0.0 
1108447 2004 7 23 82 0.0 0.0 0.0 0.0 0.0 0.0 0.0 0.0 0.0 0.0 0.0 0.0 1.0 1.0 1.0 0.0 0.0 0.0 0.0 0.0 0.0 0.0 0.0 0.0 
1108447 2004 7 24 82 0.0 0.0 0.0 0.0 1.0 2.0 2.0 2.0 2.0 1.0 2.0 2.0 1.0 1.0 1.0 0.0 0.0 0.0 0.0 0.0 0.0 0.0 0.0 0.0 
1108447 2004 7 25 82 0.0 0.0 0.0 0.0 0.0 0.0 2.0 2.0 3.0 2.0 3.0 3.0 5.0 6.0 6.0 6.0 8.0 4.0 5.0 8.0 7.0 6.0 6.0 7.0 
1108447 2004 7 26 82 8.0 6.0 6.0 4.0 4.0 4.0 4.0 6.0 6.0 8.0 8.0 7.0 5.0 5.0 4.0 3.0 3.0 3.0 2.0 2.0 3.0 1.0 2.0 5.0 
1108447 2004 7 27 82 5.0 5.0 5.0 3.0 3.0 4.0 10.0 10.0 10.0 10.0 10.0 10.0 10.0 10.0 10.0 10.0 10.0 10.0 7.0 2.0 2.0 1.0 0.0 0.0 
1108447 2004 7 28 82 0.0 0.0 0.0 0.0 0.0 1.0 1.0 1.0 0.0 0.0 1.0 1.0 1.0 1.0 2.0 2.0 1.0 1.0 1.0 0.0 1.0 1.0 0.0 0.0 
1108447 2004 7 29 82 0.0 0.0 0.0 0.0 2.0 5.0 2.0 1.0 4.0 7.0 8.0 10.0 9.0 9.0 7.0 4.0 3.0 1.0 1.0 2.0 1.0 1.0 1.0 1.0 
1108447 2004 7 30 82 0.0 0.0 0.0 0.0 1.0 1.0 1.0 1.0 2.0 2.0 2.0 2.0 2.0 1.0 1.0 1.0 1.0 0.0 0.0 0.0 0.0 1.0 0.0 0.0 
1108447 2004 7 31 82 0.0 0.0 1.0 1.0 0.0 0.0 0.0 2.0 2.0 2.0 1.0 2.0 0.0 0.0 0.0 0.0 0.0 1.0 1.0 1.0 1.0 0.0 0.0 0.0 
1108447 2004 8 1 82 0.0 0.0 0.0 0.0 0.0 0.0 0.0 0.0 0.0 0.0 0.0 0.0 1.0 1.0 1.0 1.0 0.0 0.0 0.0 0.0 0.0 0.0 0.0 0.0 
1108447 2004 8 2 82 0.0 0.0 0.0 0.0 0.0 0.0 0.0 1.0 1.0 1.0 1.0 2.0 3.0 3.0 2.0 1.0 2.0 1.0 0.0 1.0 2.0 2.0 2.0 1.0 
1108447 2004 8 3 82 2.0 6.0 7.0 8.0 8.0 9.0 10.0 10.0 10.0 10.0 10.0 10.0 10.0 9.0 9.0 9.0 9.0 9.0 9.0 9.0 9.0 9.0 9.0 9.0 
1108447 2004 8 4 82 7.0 8.0 9.0 9.0 9.0 10.0 9.0 9.0 10.0 9.0 9.0 9.0 9.0 9.0 9.0 10.0 7.0 4.0 4.0 2.0 7.0 1.0 8.0 5.0 
1108447 2004 8 5 82 9.0 9.0 9.0 8.0 7.0 7.0 8.0 9.0 9.0 9.0 8.0 7.0 9.0 9.0 4.0 3.0 7.0 9.0 8.0 5.0 7.0 9.0 9.0 9.0 
1108447 2004 8 6 82 9.0 9.0 9.0 10.0 10.0 10.0 10.0 10.0 10.0 10.0 10.0 10.0 10.0 10.0 10.0 10.0 10.0 10.0 10.0 10.0 10.0 10.0 9.0 9.0 
1108447 2004 8 7 82 9.0 9.0 9.0 8.0 8.0 6.0 7.0 9.0 10.0 10.0 10.0 7.0 7.0 8.0 9.0 5.0 8.0 7.0 5.0 1.0 1.0 1.0 0.0 0.0 
1108447 2004 8 8 82 0.0 1.0 1.0 1.0 1.0 1.0 4.0 4.0 7.0 5.0 5.0 3.0 3.0 3.0 4.0 4.0 6.0 3.0 2.0 3.0 3.0 2.0 1.0 1.0 
1108447 2004 8 9 82 1.0 2.0 2.0 0.0 0.0 2.0 5.0 4.0 4.0 4.0 4.0 4.0 5.0 3.0 2.0 1.0 0.0 0.0 0.0 0.0 0.0 0.0 0.0 0.0 
1108447 2004 8 10 82 0.0 0.0 0.0 0.0 0.0 0.0 0.0 0.0 0.0 1.0 3.0 6.0 9.0 8.0 8.0 8.0 9.0 8.0 7.0 5.0 3.0 2.0 2.0 1.0 
1108447 2004 8 11 82 1.0 0.0 0.0 0.0 1.0 2.0 5.0 4.0 4.0 5.0 4.0 5.0 6.0 8.0 8.0 9.0 7.0 7.0 7.0 6.0 5.0 4.0 0.0 0.0 
1108447 2004 8 12 82 0.0 0.0 0.0 0.0 0.0 0.0 0.0 1.0 3.0 5.0 6.0 7.0 4.0 7.0 7.0 8.0 8.0 7.0 7.0 6.0 3.0 3.0 3.0 2.0 
1108447 2004 8 13 82 2.0 0.0 0.0 0.0 0.0 1.0 2.0 2.0 1.0 1.0 1.0 0.0 0.0 0.0 0.0 0.0 0.0 0.0 0.0 0.0 0.0 0.0 0.0 0.0 
1108447 2004 8 14 82 0.0 0.0 0.0 0.0 0.0 0.0 0.0 0.0 0.0 0.0 0.0 0.0 6.0 8.0 5.0 5.0 6.0 9.0 10.0 10.0 10.0 9.0 10.0 10.0 
1108447 2004 8 15 82 10.0 8.0 8.0 7.0 8.0 7.0 3.0 2.0 0.0 0.0 0.0 0.0 0.0 0.0 0.0 0.0 0.0 0.0 0.0 2.0 2.0 4.0 5.0 5.0 
1108447 2004 8 16 82 5.0 5.0 4.0 4.0 2.0 2.0 3.0 3.0 1.0 0.0 1.0 5.0 5.0 6.0 7.0 3.0 2.0 2.0 2.0 2.0 3.0 3.0 4.0 4.0 
1108447 2004 8 17 82 4.0 3.0 3.0 4.0 5.0 6.0 7.0 9.0 9.0 9.0 5.0 4.0 2.0 2.0 2.0 4.0 4.0 7.0 6.0 7.0 5.0 5.0 4.0 4.0 
1108447 2004 8 18 82 4.0 3.0 3.0 4.0 4.0 10.0 9.0 9.0 9.0 3.0 2.0 1.0 1.0 2.0 2.0 2.0 2.0 2.0 2.0 2.0 2.0 2.0 2.0 2.0 
1108447 2004 8 19 82 2.0 2.0 2.0 2.0 2.0 2.0 2.0 3.0 3.0 1.0 2.0 2.0 1.0 1.0 1.0 1.0 2.0 3.0 6.0 7.0 6.0 5.0 4.0 4.0 
1108447 2004 8 20 82 5.0 5.0 4.0 1.0 5.0 5.0 5.0 8.0 8.0 8.0 8.0 8.0 8.0 9.0 9.0 10.0 7.0 5.0 5.0 6.0 5.0 6.0 5.0 4.0 
1108447 2004 8 21 82 4.0 3.0 7.0 9.0 9.0 9.0 9.0 10.0 10.0 10.0 10.0 10.0 10.0 10.0 10.0 10.0 10.0 10.0 10.0 10.0 10.0 8.0 9.0 10.0 
1108447 2004 8 22 82 10.0 9.0 9.0 9.0 10.0 10.0 10.0 5.0 9.0 9.0 9.0 9.0 9.0 9.0 8.0 8.0 8.0 9.0 9.0 9.0 10.0 10.0 10.0 10.0 
1108447 2004 8 23 82 10.0 10.0 10.0 10.0 10.0 10.0 10.0 10.0 10.0 10.0 10.0 9.0 10.0 10.0 9.0 7.0 8.0 8.0 9.0 9.0 10.0 10.0 10.0 10.0 
1108447 2004 8 24 82 10.0 10.0 10.0 10.0 10.0 10.0 10.0 10.0 10.0 10.0 10.0 10.0 10.0 10.0 10.0 10.0 10.0 10.0 10.0 10.0 10.0 10.0 10.0 10.0 
1108447 2004 8 25 82 10.0 10.0 10.0 10.0 10.0 10.0 10.0 10.0 9.0 10.0 10.0 9.0 9.0 9.0 9.0 9.0 10.0 9.0 10.0 10.0 10.0 10.0 10.0 10.0 
1108447 2004 8 26 82 10.0 10.0 10.0 10.0 8.0 10.0 10.0 10.0 10.0 9.0 9.0 9.0 7.0 7.0 4.0 2.0 2.0 4.0 8.0 5.0 2.0 3.0 7.0 8.0 
1108447 2004 8 27 82 9.0 10.0 10.0 10.0 10.0 10.0 9.0 10.0 10.0 10.0 10.0 10.0 10.0 10.0 10.0 10.0 10.0 10.0 9.0 9.0 9.0 9.0 9.0 9.0 
1108447 2004 8 28 82 9.0 9.0 9.0 9.0 9.0 9.0 10.0 10.0 10.0 10.0 10.0 10.0 10.0 10.0 10.0 10.0 10.0 9.0 9.0 9.0 9.0 10.0 9.0 9.0 
1108447 2004 8 29 82 9.0 9.0 9.0 8.0 8.0 8.0 9.0 9.0 10.0 9.0 9.0 9.0 9.0 6.0 7.0 7.0 5.0 4.0 8.0 8.0 7.0 7.0 8.0 8.0 
1108447 2004 8 30 82 8.0 7.0 4.0 5.0 5.0 7.0 8.0 8.0 9.0 7.0 5.0 7.0 6.0 7.0 9.0 6.0 8.0 7.0 8.0 8.0 8.0 7.0 6.0 5.0 
1108447 2004 8 31 82 4.0 4.0 4.0 4.0 7.0 9.0 8.0 4.0 2.0 2.0 3.0 7.0 8.0 8.0 8.0 8.0 8.0 10.0 10.0 10.0 10.0 10.0 10.0 10.0 
1108447 2004 9 1 82 10.0 10.0 10.0 10.0 10.0 9.0 9.0 9.0 8.0 9.0 7.0 5.0 4.0 9.0 8.0 9.0 7.0 7.0 8.0 10.0 9.0 8.0 8.0 7.0 
1108447 2004 9 2 82 5.0 6.0 7.0 8.0 8.0 10.0 10.0 6.0 8.0 8.0 9.0 8.0 7.0 5.0 4.0 5.0 5.0 4.0 3.0 5.0 7.0 6.0 8.0 8.0 
1108447 2004 9 3 82 9.0 9.0 10.0 10.0 9.0 9.0 10.0 10.0 10.0 10.0 10.0 8.0 9.0 10.0 10.0 9.0 9.0 9.0 8.0 7.0 8.0 8.0 9.0 9.0 
1108447 2004 9 4 82 4.0 3.0 9.0 9.0 10.0 9.0 10.0 9.0 10.0 9.0 10.0 8.0 7.0 7.0 5.0 5.0 4.0 6.0 8.0 8.0 9.0 9.0 6.0 3.0 
1108447 2004 9 5 82 6.0 4.0 3.0 2.0 2.0 5.0 9.0 9.0 9.0 7.0 8.0 7.0 7.0 4.0 3.0 2.0 1.0 1.0 2.0 3.0 3.0 3.0 3.0 3.0 
1108447 2004 9 6 82 2.0 1.0 1.0 1.0 0.0 2.0 6.0 7.0 7.0 9.0 8.0 9.0 8.0 10.0 10.0 10.0 10.0 10.0 9.0 9.0 9.0 9.0 9.0 9.0 
1108447 2004 9 7 82 5.0 6.0 6.0 3.0 3.0 2.0 3.0 3.0 4.0 8.0 7.0 7.0 7.0 5.0 9.0 9.0 8.0 9.0 8.0 9.0 10.0 9.0 9.0 9.0 
1108447 2004 9 8 82 3.0 4.0 6.0 4.0 6.0 9.0 10.0 9.0 9.0 9.0 10.0 10.0 10.0 9.0 9.0 10.0 10.0 10.0 9.0 9.0 9.0 10.0 5.0 9.0 
1108447 2004 9 9 82 10.0 9.0 6.0 9.0 10.0 4.0 9.0 8.0 7.0 7.0 7.0 7.0 7.0 4.0 5.0 6.0 7.0 7.0 6.0 3.0 2.0 0.0 0.0 0.0 
1108447 2004 9 10 82 1.0 1.0 7.0 2.0 8.0 7.0 7.0 7.0 9.0 9.0 7.0 10.0 9.0 10.0 10.0 10.0 10.0 10.0 10.0 10.0 10.0 10.0 10.0 10.0 
1108447 2004 9 11 82 6.0 8.0 7.0 7.0 5.0 4.0 7.0 5.0 7.0 7.0 5.0 4.0 4.0 7.0 8.0 9.0 9.0 9.0 9.0 8.0 9.0 10.0 9.0 8.0 
1108447 2004 9 12 82 8.0 7.0 5.0 7.0 7.0 8.0 6.0 8.0 6.0 4.0 3.0 3.0 3.0 2.0 3.0 3.0 3.0 4.0 6.0 6.0 8.0 7.0 5.0 7.0 
1108447 2004 9 13 82 5.0 8.0 9.0 9.0 10.0 10.0 10.0 10.0 10.0 10.0 10.0 10.0 10.0 10.0 10.0 10.0 9.0 9.0 9.0 7.0 7.0 9.0 9.0 7.0 
1108447 2004 9 14 82 5.0 5.0 3.0 4.0 2.0 3.0 5.0 4.0 3.0 3.0 5.0 9.0 10.0 10.0 10.0 10.0 10.0 10.0 10.0 10.0 10.0 10.0 10.0 10.0 
1108447 2004 9 15 82 10.0 10.0 10.0 10.0 10.0 10.0 10.0 10.0 10.0 10.0 10.0 10.0 10.0 10.0 10.0 9.0 7.0 9.0 10.0 10.0 10.0 10.0 10.0 10.0 
1108447 2004 9 16 82 10.0 10.0 10.0 9.0 5.0 8.0 10.0 10.0 10.0 10.0 10.0 10.0 10.0 10.0 10.0 10.0 9.0 9.0 10.0 10.0 10.0 10.0 10.0 10.0 
1108447 2004 9 17 82 10.0 10.0 10.0 8.0 8.0 5.0 4.0 3.0 4.0 5.0 7.0 7.0 4.0 3.0 4.0 3.0 4.0 5.0 7.0 10.0 9.0 9.0 10.0 10.0 
1108447 2004 9 18 82 10.0 10.0 10.0 10.0 10.0 8.0 10.0 10.0 9.0 9.0 9.0 9.0 10.0 8.0 8.0 7.0 8.0 8.0 9.0 9.0 9.0 10.0 8.0 9.0 
1108447 2004 9 19 82 8.0 10.0 10.0 9.0 9.0 9.0 9.0 8.0 6.0 4.0 3.0 2.0 2.0 2.0 2.0 2.0 2.0 4.0 2.0 1.0 2.0 2.0 3.0 2.0 
1108447 2004 9 20 82 1.0 1.0 4.0 5.0 4.0 4.0 4.0 5.0 9.0 10.0 10.0 9.0 9.0 8.0 8.0 9.0 9.0 8.0 8.0 8.0 8.0 9.0 8.0 8.0 
1108447 2004 9 21 82 9.0 6.0 7.0 9.0 9.0 8.0 7.0 7.0 8.0 6.0 7.0 8.0 7.0 8.0 9.0 10.0 10.0 10.0 10.0 10.0 10.0 10.0 9.0 10.0 
1108447 2004 9 22 82 10.0 10.0 10.0 10.0 10.0 10.0 10.0 10.0 10.0 10.0 10.0 10.0 10.0 10.0 10.0 10.0 10.0 10.0 10.0 10.0 10.0 10.0 10.0 10.0 
1108447 2004 9 23 82 10.0 10.0 10.0 10.0 10.0 10.0 10.0 10.0 10.0 10.0 10.0 10.0 9.0 10.0 10.0 10.0 10.0 7.0 8.0 5.0 3.0 1.0 0.0 1.0 
1108447 2004 9 24 82 1.0 1.0 1.0 1.0 5.0 1.0 2.0 2.0 3.0 6.0 5.0 4.0 6.0 5.0 5.0 6.0 8.0 10.0 10.0 10.0 6.0 2.0 8.0 9.0 
1108447 2004 9 25 82 5.0 4.0 3.0 2.0 2.0 1.0 5.0 7.0 6.0 7.0 9.0 10.0 7.0 8.0 10.0 6.0 7.0 7.0 8.0 6.0 6.0 6.0 6.0 6.0 
1108447 2004 9 26 82 4.0 3.0 3.0 2.0 5.0 5.0 3.0 7.0 9.0 7.0 4.0 4.0 4.0 1.0 0.0 0.0 0.0 1.0 1.0 1.0 1.0 1.0 1.0 0.0 
1108447 2004 9 27 82 0.0 0.0 0.0 0.0 0.0 10.0 10.0 10.0 10.0 10.0 8.0 10.0 9.0 2.0 1.0 1.0 0.0 0.0 0.0 0.0 0.0 0.0 0.0 0.0 
1108447 2004 9 28 82 0.0 0.0 0.0 0.0 0.0 1.0 1.0 7.0 8.0 5.0 4.0 4.0 0.0 0.0 0.0 0.0 0.0 0.0 0.0 0.0 1.0 1.0 1.0 4.0 
1108447 2004 9 29 82 9.0 8.0 10.0 4.0 3.0 5.0 5.0 9.0 9.0 10.0 10.0 10.0 10.0 7.0 3.0 6.0 7.0 5.0 4.0 4.0 6.0 6.0 7.0 9.0 
1108447 2004 9 30 82 10.0 10.0 10.0 9.0 9.0 3.0 8.0 6.0 2.0 6.0 2.0 4.0 3.0 3.0 1.0 1.0 1.0 0.0 7.0 4.0 2.0 0.0 0.0 0.0 
1108447 2004 10 1 82 0.0 0.0 0.0 0.0 0.0 0.0 0.0 0.0 0.0 0.0 0.0 0.0 0.0 0.0 0.0 0.0 0.0 0.0 0.0 0.0 0.0 0.0 0.0 0.0 
1108447 2004 10 2 82 0.0 0.0 0.0 0.0 0.0 0.0 0.0 0.0 0.0 0.0 0.0 0.0 0.0 0.0 0.0 0.0 0.0 0.0 0.0 0.0 0.0 0.0 0.0 0.0 
1108447 2004 10 3 82 0.0 0.0 0.0 0.0 0.0 0.0 0.0 0.0 0.0 0.0 0.0 0.0 0.0 0.0 0.0 0.0 0.0 0.0 0.0 0.0 0.0 0.0 0.0 0.0 
1108447 2004 10 4 82 0.0 0.0 0.0 0.0 0.0 0.0 0.0 10.0 10.0 10.0 9.0 6.0 2.0 2.0 1.0 1.0 0.0 0.0 1.0 2.0 2.0 3.0 0.0 2.0 
1108447 2004 10 5 82 2.0 0.0 0.0 0.0 0.0 0.0 1.0 3.0 7.0 9.0 10.0 10.0 10.0 10.0 10.0 10.0 10.0 9.0 9.0 8.0 9.0 9.0 9.0 9.0 
1108447 2004 10 6 82 9.0 10.0 10.0 10.0 9.0 7.0 8.0 5.0 8.0 7.0 7.0 5.0 4.0 9.0 10.0 10.0 9.0 10.0 10.0 8.0 7.0 5.0 3.0 8.0 
1108447 2004 10 7 82 8.0 3.0 2.0 3.0 4.0 6.0 6.0 7.0 9.0 9.0 8.0 8.0 10.0 10.0 10.0 10.0 10.0 10.0 10.0 9.0 10.0 10.0 10.0 10.0 
1108447 2004 10 8 82 10.0 10.0 10.0 10.0 10.0 10.0 10.0 10.0 10.0 10.0 10.0 10.0 10.0 10.0 10.0 10.0 10.0 10.0 10.0 10.0 10.0 10.0 10.0 10.0 
1108447 2004 10 9 82 10.0 10.0 6.0 4.0 10.0 10.0 10.0 10.0 10.0 10.0 10.0 10.0 10.0 10.0 10.0 9.0 10.0 10.0 10.0 10.0 10.0 10.0 10.0 10.0 
1108447 2004 10 10 82 10.0 10.0 9.0 10.0 10.0 10.0 10.0 10.0 10.0 10.0 10.0 10.0 10.0 10.0 10.0 10.0 10.0 10.0 10.0 10.0 10.0 10.0 10.0 10.0 
1108447 2004 10 11 82 10.0 10.0 10.0 10.0 10.0 10.0 10.0 10.0 10.0 10.0 10.0 10.0 10.0 9.0 10.0 10.0 9.0 10.0 10.0 10.0 10.0 8.0 9.0 8.0 
1108447 2004 10 12 82 4.0 5.0 9.0 9.0 9.0 10.0 4.0 7.0 7.0 7.0 7.0 6.0 7.0 6.0 6.0 6.0 6.0 5.0 5.0 4.0 4.0 3.0 5.0 6.0 
1108447 2004 10 13 82 6.0 2.0 2.0 2.0 1.0 1.0 1.0 0.0 0.0 0.0 1.0 7.0 7.0 3.0 1.0 1.0 2.0 2.0 1.0 1.0 1.0 1.0 1.0 10.0 
1108447 2004 10 14 82 9.0 9.0 10.0 10.0 10.0 10.0 10.0 10.0 10.0 10.0 10.0 10.0 10.0 10.0 9.0 9.0 7.0 8.0 8.0 8.0 10.0 10.0 10.0 10.0 
1108447 2004 10 15 82 10.0 9.0 9.0 10.0 10.0 10.0 10.0 10.0 10.0 10.0 10.0 10.0 10.0 10.0 10.0 10.0 10.0 10.0 10.0 10.0 10.0 10.0 10.0 10.0 
1108447 2004 10 16 82 10.0 10.0 10.0 10.0 10.0 10.0 10.0 9.0 9.0 9.0 7.0 7.0 4.0 4.0 3.0 4.0 8.0 9.0 9.0 9.0 8.0 8.0 10.0 10.0 
1108447 2004 10 17 82 10.0 10.0 10.0 10.0 10.0 10.0 10.0 10.0 10.0 10.0 10.0 10.0 10.0 10.0 10.0 10.0 10.0 10.0 10.0 10.0 10.0 10.0 10.0 10.0 
1108447 2004 10 18 82 10.0 10.0 10.0 10.0 10.0 8.0 8.0 8.0 8.0 8.0 8.0 7.0 7.0 8.0 9.0 9.0 9.0 10.0 10.0 10.0 10.0 10.0 10.0 10.0 
1108447 2004 10 19 82 10.0 10.0 10.0 10.0 10.0 10.0 10.0 10.0 10.0 10.0 10.0 10.0 10.0 10.0 10.0 10.0 10.0 9.0 10.0 9.0 10.0 10.0 10.0 10.0 
1108447 2004 10 20 82 10.0 5.0 3.0 3.0 7.0 9.0 10.0 9.0 9.0 9.0 10.0 10.0 10.0 10.0 10.0 10.0 10.0 10.0 10.0 10.0 10.0 9.0 10.0 9.0 
1108447 2004 10 21 82 9.0 7.0 6.0 4.0 8.0 9.0 9.0 9.0 9.0 9.0 8.0 7.0 4.0 4.0 3.0 6.0 9.0 9.0 9.0 10.0 9.0 10.0 10.0 10.0 
1108447 2004 10 22 82 10.0 10.0 10.0 10.0 10.0 10.0 10.0 10.0 10.0 10.0 9.0 9.0 9.0 10.0 10.0 10.0 9.0 6.0 3.0 6.0 4.0 1.0 1.0 1.0 
1108447 2004 10 23 82 0.0 1.0 2.0 1.0 3.0 8.0 7.0 7.0 4.0 7.0 8.0 9.0 8.0 5.0 3.0 3.0 5.0 5.0 5.0 8.0 8.0 10.0 8.0 8.0 
1108447 2004 10 24 82 7.0 10.0 8.0 8.0 8.0 8.0 8.0 9.0 9.0 10.0 10.0 6.0 8.0 8.0 8.0 9.0 10.0 10.0 10.0 10.0 10.0 10.0 10.0 10.0 
1108447 2004 10 25 82 10.0 10.0 10.0 10.0 10.0 10.0 10.0 10.0 10.0 10.0 10.0 10.0 10.0 10.0 10.0 10.0 10.0 10.0 10.0 10.0 10.0 10.0 10.0 10.0 
1108447 2004 10 26 82 10.0 10.0 10.0 10.0 10.0 10.0 10.0 10.0 10.0 9.0 9.0 9.0 6.0 4.0 4.0 3.0 3.0 2.0 2.0 1.0 1.0 0.0 0.0 0.0 
1108447 2004 10 27 82 0.0 0.0 0.0 0.0 0.0 1.0 1.0 3.0 2.0 1.0 0.0 1.0 1.0 0.0 0.0 0.0 0.0 1.0 1.0 0.0 0.0 0.0 0.0 0.0 
1108447 2004 10 28 82 3.0 8.0 10.0 10.0 10.0 10.0 10.0 10.0 10.0 10.0 10.0 10.0 10.0 10.0 10.0 10.0 10.0 9.0 10.0 10.0 10.0 10.0 10.0 10.0 
1108447 2004 10 29 82 10.0 10.0 8.0 10.0 10.0 8.0 9.0 10.0 10.0 10.0 10.0 10.0 10.0 10.0 9.0 10.0 10.0 10.0 10.0 10.0 10.0 10.0 10.0 9.0 
1108447 2004 10 30 82 5.0 7.0 8.0 6.0 8.0 5.0 7.0 7.0 5.0 4.0 6.0 5.0 4.0 3.0 6.0 5.0 8.0 7.0 6.0 4.0 3.0 3.0 5.0 4.0 
1108447 2004 10 31 82 9.0 5.0 5.0 2.0 1.0 1.0 1.0 1.0 1.0 1.0 2.0 5.0 4.0 8.0 9.0 10.0 10.0 10.0 10.0 10.0 10.0 10.0 10.0 10.0 
1108447 2004 11 1 82 10.0 10.0 10.0 10.0 10.0 10.0 10.0 10.0 10.0 10.0 10.0 10.0 10.0 10.0 10.0 10.0 10.0 10.0 10.0 10.0 10.0 10.0 10.0 10.0 
1108447 2004 11 2 82 10.0 10.0 10.0 10.0 10.0 10.0 10.0 10.0 10.0 10.0 10.0 9.0 7.0 7.0 6.0 3.0 5.0 4.0 6.0 7.0 7.0 3.0 6.0 5.0 
1108447 2004 11 3 82 4.0 2.0 4.0 6.0 7.0 5.0 5.0 2.0 3.0 8.0 3.0 6.0 6.0 3.0 2.0 2.0 2.0 2.0 2.0 2.0 2.0 3.0 4.0 6.0 
1108447 2004 11 4 82 7.0 3.0 4.0 4.0 6.0 5.0 4.0 9.0 8.0 9.0 10.0 10.0 10.0 10.0 10.0 10.0 10.0 10.0 8.0 9.0 4.0 10.0 10.0 8.0 
1108447 2004 11 5 82 10.0 10.0 10.0 10.0 10.0 10.0 10.0 10.0 9.0 9.0 9.0 10.0 10.0 10.0 10.0 10.0 10.0 10.0 10.0 10.0 10.0 10.0 10.0 10.0 
1108447 2004 11 6 82 10.0 10.0 10.0 10.0 10.0 10.0 10.0 10.0 10.0 10.0 10.0 10.0 10.0 10.0 10.0 10.0 10.0 10.0 10.0 10.0 10.0 10.0 10.0 10.0 
1108447 2004 11 7 82 10.0 10.0 10.0 10.0 10.0 10.0 10.0 10.0 10.0 10.0 10.0 10.0 10.0 10.0 10.0 9.0 9.0 10.0 10.0 10.0 10.0 10.0 10.0 10.0 
1108447 2004 11 8 82 10.0 10.0 9.0 8.0 9.0 9.0 7.0 8.0 9.0 9.0 8.0 8.0 7.0 8.0 7.0 8.0 7.0 7.0 6.0 10.0 8.0 10.0 10.0 10.0 
1108447 2004 11 9 82 10.0 10.0 10.0 10.0 10.0 10.0 10.0 10.0 10.0 10.0 10.0 10.0 10.0 10.0 10.0 10.0 10.0 10.0 10.0 10.0 10.0 10.0 10.0 10.0 
1108447 2004 11 10 82 10.0 10.0 3.0 10.0 4.0 2.0 1.0 6.0 8.0 8.0 8.0 7.0 8.0 7.0 4.0 3.0 2.0 1.0 1.0 1.0 1.0 1.0 1.0 3.0 
1108447 2004 11 11 82 5.0 5.0 6.0 5.0 10.0 10.0 10.0 9.0 10.0 8.0 8.0 8.0 6.0 4.0 3.0 4.0 4.0 7.0 4.0 2.0 3.0 7.0 10.0 10.0 
1108447 2004 11 12 82 10.0 10.0 10.0 10.0 10.0 10.0 10.0 10.0 10.0 10.0 10.0 10.0 10.0 10.0 10.0 10.0 10.0 10.0 10.0 10.0 10.0 10.0 10.0 10.0 
1108447 2004 11 13 82 10.0 10.0 10.0 10.0 10.0 10.0 10.0 10.0 10.0 10.0 10.0 10.0 10.0 10.0 10.0 10.0 10.0 10.0 10.0 10.0 10.0 10.0 10.0 10.0 
1108447 2004 11 14 82 10.0 10.0 10.0 10.0 10.0 10.0 10.0 10.0 10.0 10.0 10.0 10.0 10.0 10.0 10.0 10.0 10.0 10.0 10.0 10.0 10.0 10.0 10.0 10.0 
1108447 2004 11 15 82 10.0 10.0 10.0 10.0 10.0 10.0 10.0 10.0 10.0 10.0 9.0 4.0 2.0 2.0 4.0 3.0 6.0 3.0 7.0 9.0 9.0 9.0 4.0 1.0 
1108447 2004 11 16 82 9.0 6.0 8.0 9.0 10.0 10.0 10.0 10.0 9.0 9.0 9.0 10.0 10.0 10.0 8.0 2.0 2.0 3.0 2.0 2.0 3.0 5.0 7.0 7.0 
1108447 2004 11 17 82 4.0 8.0 3.0 1.0 1.0 0.0 0.0 7.0 9.0 9.0 7.0 8.0 8.0 9.0 10.0 10.0 10.0 10.0 10.0 10.0 10.0 10.0 10.0 10.0 
1108447 2004 11 18 82 10.0 10.0 7.0 7.0 9.0 10.0 10.0 10.0 10.0 10.0 10.0 10.0 10.0 10.0 10.0 9.0 8.0 3.0 2.0 4.0 4.0 1.0 1.0 1.0 
1108447 2004 11 19 82 3.0 2.0 3.0 4.0 5.0 9.0 10.0 9.0 9.0 9.0 9.0 9.0 9.0 9.0 5.0 4.0 4.0 8.0 6.0 4.0 3.0 8.0 9.0 7.0 
1108447 2004 11 20 82 10.0 8.0 10.0 7.0 5.0 6.0 7.0 7.0 9.0 10.0 10.0 9.0 10.0 10.0 10.0 10.0 10.0 10.0 10.0 6.0 4.0 4.0 5.0 3.0 
1108447 2004 11 21 82 3.0 7.0 4.0 10.0 10.0 10.0 10.0 10.0 10.0 10.0 10.0 10.0 10.0 10.0 10.0 10.0 10.0 10.0 10.0 10.0 10.0 10.0 10.0 10.0 
1108447 2004 11 22 82 10.0 10.0 10.0 10.0 10.0 10.0 10.0 10.0 10.0 10.0 10.0 10.0 10.0 10.0 10.0 10.0 10.0 10.0 10.0 10.0 10.0 10.0 10.0 10.0 
1108447 2004 11 23 82 10.0 10.0 10.0 9.0 10.0 10.0 10.0 10.0 10.0 10.0 10.0 10.0 10.0 10.0 10.0 10.0 10.0 10.0 10.0 10.0 10.0 10.0 10.0 10.0 
1108447 2004 11 24 82 10.0 10.0 10.0 10.0 10.0 10.0 10.0 10.0 10.0 10.0 10.0 10.0 10.0 10.0 10.0 10.0 10.0 10.0 10.0 10.0 10.0 10.0 10.0 10.0 
1108447 2004 11 25 82 10.0 6.0 5.0 4.0 9.0 9.0 9.0 9.0 8.0 8.0 9.0 7.0 4.0 3.0 3.0 9.0 10.0 9.0 9.0 4.0 3.0 2.0 1.0 2.0 
1108447 2004 11 26 82 1.0 1.0 5.0 6.0 8.0 7.0 9.0 10.0 10.0 10.0 10.0 10.0 10.0 10.0 10.0 10.0 10.0 10.0 10.0 10.0 10.0 10.0 10.0 9.0 
1108447 2004 11 27 82 9.0 9.0 10.0 9.0 4.0 5.0 2.0 2.0 5.0 2.0 3.0 3.0 3.0 2.0 1.0 1.0 1.0 1.0 0.0 0.0 0.0 1.0 6.0 6.0 
1108447 2004 11 28 82 6.0 4.0 1.0 2.0 1.0 0.0 0.0 2.0 3.0 4.0 5.0 5.0 10.0 10.0 10.0 10.0 10.0 10.0 8.0 4.0 8.0 7.0 8.0 8.0 
1108447 2004 11 29 82 9.0 9.0 10.0 10.0 10.0 10.0 10.0 9.0 10.0 10.0 10.0 10.0 10.0 10.0 10.0 10.0 10.0 10.0 10.0 10.0 10.0 10.0 10.0 10.0 
1108447 2004 11 30 82 10.0 10.0 10.0 10.0 10.0 10.0 10.0 9.0 10.0 9.0 9.0 9.0 10.0 10.0 10.0 10.0 10.0 10.0 10.0 10.0 10.0 10.0 10.0 10.0 
1108447 2004 12 1 82 10.0 7.0 5.0 5.0 4.0 3.0 3.0 8.0 8.0 8.0 9.0 9.0 9.0 9.0 9.0 9.0 10.0 10.0 10.0 10.0 10.0 10.0 10.0 10.0 
1108447 2004 12 2 82 10.0 10.0 10.0 10.0 10.0 10.0 10.0 10.0 10.0 10.0 10.0 10.0 10.0 10.0 10.0 10.0 10.0 10.0 10.0 10.0 10.0 10.0 10.0 10.0 
1108447 2004 12 3 82 10.0 10.0 10.0 10.0 10.0 10.0 10.0 10.0 10.0 10.0 10.0 10.0 10.0 10.0 10.0 10.0 10.0 10.0 10.0 10.0 10.0 10.0 10.0 10.0 
1108447 2004 12 4 82 10.0 10.0 10.0 10.0 10.0 10.0 10.0 10.0 10.0 10.0 10.0 10.0 10.0 10.0 10.0 10.0 10.0 10.0 10.0 10.0 10.0 10.0 10.0 10.0 
1108447 2004 12 5 82 10.0 10.0 7.0 6.0 3.0 7.0 8.0 5.0 3.0 5.0 8.0 8.0 8.0 9.0 9.0 9.0 8.0 8.0 6.0 9.0 8.0 9.0 10.0 9.0 
1108447 2004 12 6 82 9.0 10.0 10.0 10.0 10.0 10.0 10.0 10.0 10.0 10.0 10.0 10.0 10.0 10.0 10.0 10.0 10.0 10.0 10.0 10.0 10.0 10.0 10.0 10.0 
1108447 2004 12 7 82 10.0 10.0 10.0 10.0 10.0 10.0 10.0 10.0 10.0 10.0 10.0 10.0 10.0 10.0 10.0 10.0 10.0 10.0 10.0 10.0 10.0 10.0 10.0 10.0 
1108447 2004 12 8 82 10.0 10.0 10.0 10.0 10.0 10.0 10.0 10.0 10.0 10.0 9.0 10.0 9.0 9.0 9.0 7.0 8.0 6.0 7.0 9.0 10.0 9.0 9.0 8.0 
1108447 2004 12 9 82 10.0 7.0 9.0 4.0 9.0 10.0 9.0 10.0 10.0 10.0 10.0 10.0 10.0 10.0 10.0 10.0 10.0 10.0 10.0 10.0 10.0 10.0 10.0 10.0 
1108447 2004 12 10 82 10.0 10.0 10.0 10.0 10.0 10.0 10.0 10.0 10.0 10.0 10.0 10.0 10.0 10.0 10.0 10.0 10.0 10.0 10.0 10.0 10.0 10.0 10.0 10.0 
1108447 2004 12 11 82 10.0 10.0 7.0 4.0 2.0 1.0 2.0 0.0 1.0 1.0 2.0 3.0 3.0 3.0 3.0 4.0 3.0 3.0 2.0 1.0 1.0 1.0 1.0 1.0 
1108447 2004 12 12 82 1.0 3.0 2.0 2.0 1.0 1.0 1.0 4.0 4.0 7.0 9.0 10.0 10.0 10.0 10.0 10.0 10.0 8.0 9.0 9.0 9.0 10.0 9.0 9.0 
1108447 2004 12 13 82 9.0 9.0 9.0 9.0 9.0 9.0 9.0 10.0 10.0 10.0 10.0 10.0 10.0 10.0 10.0 10.0 10.0 10.0 10.0 10.0 10.0 10.0 10.0 10.0 
1108447 2004 12 14 82 10.0 10.0 10.0 10.0 10.0 10.0 10.0 10.0 10.0 10.0 10.0 10.0 10.0 10.0 10.0 10.0 10.0 10.0 9.0 10.0 10.0 10.0 10.0 10.0 
1108447 2004 12 15 82 10.0 10.0 10.0 10.0 10.0 10.0 10.0 8.0 9.0 9.0 10.0 10.0 10.0 10.0 10.0 10.0 10.0 10.0 10.0 10.0 10.0 10.0 7.0 5.0 
1108447 2004 12 16 82 4.0 3.0 2.0 1.0 2.0 1.0 2.0 7.0 7.0 9.0 10.0 10.0 10.0 10.0 10.0 10.0 10.0 10.0 10.0 10.0 10.0 5.0 4.0 3.0 
1108447 2004 12 17 82 6.0 9.0 9.0 8.0 10.0 5.0 10.0 10.0 7.0 9.0 9.0 8.0 9.0 10.0 10.0 10.0 10.0 10.0 10.0 10.0 10.0 10.0 10.0 10.0 
1108447 2004 12 18 82 10.0 10.0 10.0 10.0 10.0 10.0 10.0 10.0 10.0 10.0 10.0 10.0 10.0 10.0 10.0 10.0 9.0 9.0 9.0 10.0 9.0 8.0 9.0 9.0 
1108447 2004 12 19 82 10.0 10.0 10.0 10.0 10.0 8.0 10.0 4.0 4.0 4.0 4.0 2.0 1.0 1.0 1.0 1.0 1.0 1.0 1.0 4.0 4.0 2.0 2.0 2.0 
1108447 2004 12 20 82 2.0 2.0 2.0 2.0 1.0 1.0 1.0 7.0 9.0 9.0 9.0 10.0 9.0 7.0 2.0 6.0 3.0 3.0 9.0 9.0 8.0 8.0 8.0 9.0 
1108447 2004 12 21 82 10.0 10.0 10.0 10.0 10.0 10.0 10.0 10.0 10.0 10.0 10.0 10.0 9.0 10.0 10.0 10.0 8.0 9.0 10.0 10.0 10.0 10.0 8.0 8.0 
1108447 2004 12 22 82 10.0 10.0 10.0 10.0 10.0 10.0 10.0 10.0 10.0 10.0 10.0 6.0 4.0 5.0 10.0 10.0 10.0 10.0 10.0 10.0 9.0 7.0 8.0 9.0 
1108447 2004 12 23 82 9.0 8.0 8.0 8.0 7.0 9.0 5.0 3.0 4.0 7.0 8.0 10.0 9.0 8.0 8.0 9.0 10.0 10.0 8.0 8.0 8.0 10.0 9.0 10.0 
1108447 2004 12 24 82 10.0 8.0 9.0 10.0 10.0 10.0 10.0 10.0 10.0 10.0 10.0 10.0 10.0 10.0 10.0 10.0 10.0 10.0 10.0 10.0 10.0 10.0 10.0 10.0 
1108447 2004 12 25 82 10.0 10.0 10.0 10.0 10.0 10.0 10.0 10.0 10.0 10.0 10.0 10.0 10.0 10.0 10.0 10.0 10.0 10.0 10.0 10.0 10.0 10.0 10.0 10.0 
1108447 2004 12 26 82 10.0 10.0 10.0 9.0 10.0 10.0 10.0 9.0 8.0 10.0 10.0 10.0 9.0 9.0 9.0 9.0 9.0 9.0 10.0 10.0 10.0 10.0 8.0 9.0 
1108447 2004 12 27 82 7.0 3.0 3.0 7.0 4.0 1.0 2.0 2.0 1.0 1.0 1.0 0.0 0.0 0.0 0.0 0.0 0.0 0.0 0.0 0.0 0.0 0.0 0.0 0.0 
1108447 2004 12 28 82 6.0 0.0 0.0 0.0 7.0 6.0 6.0 5.0 9.0 10.0 7.0 7.0 2.0 1.0 1.0 1.0 3.0 7.0 7.0 3.0 4.0 7.0 9.0 7.0 
1108447 2004 12 29 82 9.0 10.0 10.0 10.0 10.0 10.0 10.0 10.0 10.0 10.0 10.0 10.0 10.0 10.0 10.0 10.0 10.0 10.0 10.0 10.0 10.0 10.0 10.0 10.0 
1108447 2004 12 30 82 10.0 10.0 10.0 10.0 10.0 10.0 10.0 10.0 10.0 10.0 10.0 10.0 10.0 10.0 10.0 10.0 10.0 10.0 10.0 10.0 10.0 10.0 10.0 10.0 
1108447 2004 12 31 82 10.0 10.0 10.0 10.0 10.0 10.0 8.0 8.0 10.0 9.0 5.0 8.0 8.0 6.0 7.0 6.0 5.0 6.0 5.0 5.0 7.0 7.0 8.0 8.0 
1108447 2005 1 1 82 10.0 10.0 10.0 10.0 10.0 10.0 10.0 10.0 10.0 10.0 10.0 10.0 10.0 8.0 6.0 8.0 9.0 9.0 10.0 9.0 9.0 9.0 9.0 9.0 
