1108447 1981 1 1 82 10.0 10.0 10.0 10.0 10.0 10.0 10.0 10.0 10.0 10.0 9.0 9.0 9.0 9.0 10.0 10.0 10.0 10.0 10.0 10.0 10.0 10.0 10.0 10.0 
1108447 1981 1 2 82 10.0 10.0 10.0 10.0 10.0 10.0 10.0 10.0 10.0 9.0 9.0 9.0 10.0 10.0 10.0 10.0 10.0 10.0 10.0 10.0 10.0 10.0 10.0 10.0 
1108447 1981 1 3 82 10.0 10.0 10.0 10.0 10.0 10.0 10.0 10.0 10.0 10.0 10.0 10.0 10.0 10.0 10.0 10.0 10.0 10.0 10.0 10.0 10.0 10.0 10.0 10.0 
1108447 1981 1 4 82 10.0 10.0 10.0 10.0 10.0 10.0 10.0 10.0 10.0 10.0 10.0 10.0 10.0 10.0 10.0 9.0 9.0 9.0 9.0 9.0 5.0 8.0 3.0 1.0 
1108447 1981 1 5 82 9.0 10.0 10.0 8.0 10.0 10.0 10.0 10.0 10.0 10.0 9.0 10.0 10.0 10.0 10.0 10.0 10.0 10.0 10.0 10.0 10.0 10.0 10.0 10.0 
1108447 1981 1 6 82 10.0 10.0 10.0 10.0 10.0 10.0 10.0 10.0 10.0 9.0 9.0 8.0 8.0 4.0 5.0 5.0 2.0 10.0 9.0 9.0 6.0 10.0 9.0 2.0 
1108447 1981 1 7 82 1.0 8.0 2.0 5.0 10.0 10.0 10.0 10.0 10.0 10.0 10.0 10.0 10.0 10.0 9.0 9.0 9.0 8.0 7.0 9.0 9.0 9.0 9.0 10.0 
1108447 1981 1 8 82 10.0 9.0 10.0 9.0 10.0 9.0 10.0 9.0 10.0 10.0 10.0 10.0 10.0 10.0 10.0 10.0 10.0 10.0 10.0 10.0 9.0 5.0 3.0 7.0 
1108447 1981 1 9 82 10.0 10.0 9.0 10.0 10.0 10.0 9.0 10.0 10.0 10.0 8.0 9.0 9.0 10.0 10.0 10.0 10.0 10.0 10.0 8.0 8.0 8.0 6.0 7.0 
1108447 1981 1 10 82 7.0 10.0 10.0 10.0 10.0 10.0 10.0 10.0 10.0 9.0 8.0 9.0 9.0 8.0 8.0 7.0 3.0 3.0 2.0 2.0 2.0 4.0 7.0 7.0 
1108447 1981 1 11 82 5.0 0.0 1.0 4.0 4.0 7.0 7.0 8.0 7.0 7.0 5.0 8.0 8.0 9.0 9.0 9.0 10.0 10.0 10.0 10.0 10.0 5.0 10.0 7.0 
1108447 1981 1 12 82 5.0 9.0 8.0 6.0 9.0 10.0 10.0 10.0 10.0 9.0 9.0 8.0 8.0 8.0 7.0 7.0 8.0 7.0 6.0 4.0 7.0 9.0 9.0 7.0 
1108447 1981 1 13 82 5.0 7.0 7.0 8.0 4.0 4.0 7.0 4.0 9.0 10.0 10.0 10.0 10.0 9.0 8.0 4.0 2.0 4.0 2.0 2.0 1.0 2.0 1.0 1.0 
1108447 1981 1 14 82 9.0 8.0 8.0 9.0 10.0 10.0 10.0 10.0 10.0 9.0 9.0 10.0 6.0 4.0 5.0 9.0 2.0 2.0 9.0 9.0 9.0 8.0 7.0 7.0 
1108447 1981 1 15 82 7.0 8.0 9.0 7.0 7.0 9.0 9.0 10.0 10.0 9.0 9.0 9.0 9.0 9.0 9.0 9.0 9.0 9.0 9.0 9.0 9.0 8.0 9.0 9.0 
1108447 1981 1 16 82 10.0 10.0 10.0 10.0 10.0 10.0 10.0 10.0 10.0 9.0 7.0 9.0 8.0 8.0 8.0 2.0 1.0 1.0 0.0 0.0 0.0 0.0 9.0 9.0 
1108447 1981 1 17 82 9.0 10.0 10.0 10.0 10.0 10.0 9.0 8.0 9.0 9.0 9.0 10.0 10.0 10.0 10.0 10.0 9.0 9.0 9.0 4.0 2.0 0.0 9.0 10.0 
1108447 1981 1 18 82 10.0 10.0 10.0 10.0 10.0 10.0 10.0 10.0 10.0 10.0 10.0 10.0 10.0 10.0 10.0 10.0 9.0 9.0 9.0 9.0 9.0 8.0 9.0 9.0 
1108447 1981 1 19 82 9.0 10.0 10.0 10.0 10.0 10.0 10.0 10.0 10.0 10.0 10.0 10.0 10.0 10.0 10.0 10.0 10.0 10.0 10.0 10.0 10.0 9.0 9.0 9.0 
1108447 1981 1 20 82 7.0 8.0 10.0 9.0 2.0 9.0 9.0 4.0 9.0 9.0 8.0 9.0 9.0 9.0 9.0 10.0 10.0 10.0 10.0 10.0 10.0 10.0 10.0 10.0 
1108447 1981 1 21 82 10.0 10.0 10.0 10.0 10.0 10.0 10.0 10.0 10.0 9.0 9.0 9.0 5.0 9.0 9.0 9.0 10.0 10.0 10.0 10.0 10.0 10.0 10.0 10.0 
1108447 1981 1 22 82 10.0 10.0 10.0 10.0 10.0 10.0 10.0 10.0 10.0 9.0 9.0 9.0 9.0 10.0 10.0 10.0 9.0 9.0 10.0 10.0 10.0 10.0 10.0 10.0 
1108447 1981 1 23 82 10.0 10.0 10.0 10.0 10.0 10.0 10.0 10.0 10.0 10.0 10.0 9.0 10.0 10.0 9.0 9.0 9.0 8.0 7.0 5.0 3.0 2.0 2.0 2.0 
1108447 1981 1 24 82 5.0 6.0 8.0 5.0 8.0 9.0 10.0 10.0 9.0 9.0 9.0 9.0 9.0 9.0 9.0 9.0 9.0 7.0 7.0 7.0 9.0 9.0 5.0 10.0 
1108447 1981 1 25 82 10.0 10.0 6.0 7.0 5.0 5.0 6.0 10.0 10.0 9.0 9.0 9.0 9.0 9.0 9.0 9.0 9.0 10.0 10.0 10.0 10.0 10.0 10.0 10.0 
1108447 1981 1 26 82 10.0 10.0 10.0 10.0 10.0 10.0 10.0 10.0 10.0 10.0 10.0 10.0 9.0 9.0 9.0 9.0 9.0 8.0 5.0 7.0 3.0 3.0 6.0 4.0 
1108447 1981 1 27 82 2.0 4.0 3.0 3.0 7.0 3.0 1.0 1.0 2.0 3.0 2.0 6.0 7.0 9.0 9.0 10.0 10.0 10.0 10.0 10.0 10.0 10.0 10.0 10.0 
1108447 1981 1 28 82 10.0 10.0 10.0 10.0 10.0 10.0 10.0 10.0 10.0 10.0 9.0 10.0 10.0 10.0 10.0 10.0 10.0 10.0 9.0 10.0 10.0 9.0 10.0 10.0 
1108447 1981 1 29 82 9.0 9.0 10.0 10.0 10.0 10.0 10.0 10.0 10.0 10.0 10.0 10.0 10.0 10.0 10.0 9.0 10.0 10.0 10.0 10.0 10.0 10.0 10.0 10.0 
1108447 1981 1 30 82 10.0 10.0 10.0 9.0 9.0 7.0 9.0 9.0 9.0 9.0 9.0 9.0 9.0 10.0 10.0 9.0 8.0 2.0 3.0 8.0 7.0 9.0 9.0 10.0 
1108447 1981 1 31 82 10.0 10.0 10.0 10.0 10.0 10.0 10.0 10.0 9.0 9.0 9.0 9.0 9.0 7.0 8.0 9.0 8.0 9.0 7.0 8.0 9.0 9.0 9.0 9.0 
1108447 1981 2 1 82 9.0 10.0 10.0 6.0 5.0 8.0 9.0 10.0 10.0 10.0 10.0 10.0 9.0 9.0 10.0 10.0 9.0 9.0 10.0 10.0 10.0 10.0 10.0 10.0 
1108447 1981 2 2 82 9.0 10.0 10.0 10.0 10.0 10.0 10.0 10.0 10.0 10.0 10.0 9.0 9.0 2.0 1.0 1.0 0.0 1.0 1.0 1.0 1.0 1.0 1.0 0.0 
1108447 1981 2 3 82 0.0 0.0 0.0 0.0 3.0 2.0 2.0 10.0 7.0 5.0 8.0 5.0 6.0 6.0 5.0 6.0 6.0 7.0 2.0 1.0 0.0 0.0 0.0 1.0 
1108447 1981 2 4 82 1.0 0.0 6.0 5.0 3.0 4.0 8.0 3.0 9.0 9.0 2.0 2.0 2.0 2.0 3.0 5.0 3.0 4.0 1.0 0.0 0.0 0.0 0.0 0.0 
1108447 1981 2 5 82 0.0 0.0 0.0 0.0 0.0 0.0 0.0 1.0 0.0 0.0 0.0 2.0 1.0 1.0 1.0 0.0 1.0 1.0 2.0 1.0 2.0 1.0 0.0 0.0 
1108447 1981 2 6 82 0.0 0.0 2.0 4.0 2.0 0.0 10.0 9.0 10.0 10.0 10.0 1.0 1.0 1.0 5.0 3.0 3.0 5.0 5.0 4.0 3.0 4.0 3.0 2.0 
1108447 1981 2 7 82 1.0 3.0 8.0 4.0 10.0 10.0 10.0 10.0 10.0 10.0 10.0 10.0 10.0 10.0 10.0 10.0 10.0 10.0 10.0 10.0 10.0 10.0 10.0 8.0 
1108447 1981 2 8 82 10.0 8.0 6.0 10.0 5.0 3.0 0.0 0.0 3.0 3.0 2.0 2.0 2.0 2.0 3.0 3.0 1.0 1.0 1.0 1.0 0.0 0.0 2.0 5.0 
1108447 1981 2 9 82 5.0 8.0 9.0 10.0 10.0 10.0 10.0 10.0 9.0 8.0 8.0 6.0 1.0 0.0 1.0 1.0 2.0 1.0 1.0 1.0 1.0 0.0 0.0 0.0 
1108447 1981 2 10 82 0.0 0.0 0.0 0.0 0.0 0.0 0.0 0.0 0.0 2.0 2.0 1.0 1.0 4.0 7.0 8.0 7.0 4.0 3.0 2.0 1.0 0.0 0.0 0.0 
1108447 1981 2 11 82 0.0 2.0 1.0 1.0 1.0 1.0 1.0 3.0 8.0 9.0 9.0 10.0 10.0 10.0 10.0 10.0 10.0 10.0 10.0 10.0 10.0 10.0 10.0 10.0 
1108447 1981 2 12 82 10.0 10.0 10.0 10.0 10.0 10.0 10.0 10.0 10.0 10.0 10.0 10.0 10.0 10.0 10.0 10.0 10.0 10.0 10.0 10.0 10.0 10.0 10.0 10.0 
1108447 1981 2 13 82 10.0 10.0 10.0 10.0 10.0 10.0 10.0 10.0 10.0 10.0 10.0 10.0 10.0 10.0 10.0 10.0 10.0 10.0 10.0 10.0 10.0 10.0 10.0 10.0 
1108447 1981 2 14 82 10.0 10.0 9.0 9.0 10.0 10.0 10.0 10.0 9.0 9.0 9.0 9.0 9.0 9.0 10.0 9.0 8.0 6.0 9.0 9.0 10.0 10.0 10.0 10.0 
1108447 1981 2 15 82 10.0 10.0 10.0 10.0 10.0 10.0 10.0 10.0 10.0 10.0 10.0 10.0 10.0 10.0 10.0 10.0 10.0 10.0 10.0 10.0 10.0 10.0 10.0 10.0 
1108447 1981 2 16 82 10.0 10.0 10.0 10.0 10.0 10.0 10.0 3.0 3.0 4.0 6.0 8.0 5.0 9.0 10.0 10.0 10.0 10.0 9.0 9.0 9.0 9.0 10.0 9.0 
1108447 1981 2 17 82 10.0 10.0 10.0 10.0 9.0 5.0 4.0 10.0 10.0 10.0 10.0 10.0 10.0 10.0 10.0 10.0 10.0 10.0 10.0 10.0 10.0 10.0 10.0 10.0 
1108447 1981 2 18 82 10.0 9.0 8.0 4.0 9.0 1.0 2.0 5.0 9.0 10.0 10.0 10.0 10.0 10.0 10.0 10.0 10.0 10.0 10.0 10.0 10.0 10.0 10.0 10.0 
1108447 1981 2 19 82 10.0 10.0 10.0 10.0 10.0 5.0 9.0 9.0 8.0 9.0 8.0 9.0 9.0 9.0 9.0 6.0 6.0 8.0 9.0 8.0 6.0 6.0 9.0 8.0 
1108447 1981 2 20 82 9.0 9.0 9.0 9.0 9.0 10.0 10.0 10.0 10.0 10.0 10.0 10.0 10.0 10.0 10.0 10.0 10.0 10.0 10.0 10.0 10.0 10.0 10.0 10.0 
1108447 1981 2 21 82 10.0 10.0 10.0 10.0 10.0 10.0 10.0 10.0 9.0 9.0 9.0 10.0 10.0 9.0 9.0 10.0 10.0 10.0 10.0 10.0 10.0 10.0 10.0 10.0 
1108447 1981 2 22 82 10.0 10.0 10.0 10.0 10.0 10.0 10.0 10.0 9.0 10.0 10.0 10.0 10.0 10.0 10.0 9.0 9.0 9.0 10.0 10.0 10.0 10.0 10.0 10.0 
1108447 1981 2 23 82 10.0 10.0 10.0 10.0 10.0 10.0 10.0 10.0 10.0 9.0 9.0 10.0 7.0 9.0 9.0 9.0 9.0 9.0 9.0 9.0 10.0 9.0 9.0 9.0 
1108447 1981 2 24 82 9.0 10.0 10.0 10.0 10.0 9.0 9.0 10.0 10.0 10.0 10.0 10.0 10.0 9.0 10.0 10.0 10.0 10.0 10.0 10.0 10.0 10.0 10.0 10.0 
1108447 1981 2 25 82 10.0 10.0 10.0 10.0 10.0 10.0 10.0 10.0 10.0 10.0 10.0 10.0 10.0 10.0 10.0 10.0 10.0 10.0 10.0 10.0 10.0 9.0 10.0 10.0 
1108447 1981 2 26 82 10.0 10.0 10.0 10.0 10.0 10.0 10.0 10.0 10.0 10.0 10.0 10.0 10.0 10.0 10.0 9.0 10.0 9.0 9.0 9.0 9.0 10.0 10.0 8.0 
1108447 1981 2 27 82 9.0 9.0 7.0 7.0 8.0 8.0 5.0 4.0 8.0 8.0 8.0 7.0 9.0 5.0 9.0 6.0 7.0 4.0 9.0 7.0 8.0 9.0 9.0 10.0 
1108447 1981 2 28 82 10.0 10.0 10.0 10.0 9.0 10.0 3.0 8.0 9.0 9.0 9.0 9.0 8.0 7.0 6.0 9.0 6.0 3.0 2.0 1.0 1.0 0.0 0.0 0.0 
1108447 1981 3 1 82 0.0 1.0 0.0 1.0 1.0 0.0 0.0 8.0 9.0 8.0 10.0 9.0 9.0 9.0 8.0 5.0 2.0 2.0 2.0 1.0 0.0 0.0 0.0 0.0 
1108447 1981 3 2 82 0.0 0.0 0.0 0.0 3.0 4.0 5.0 4.0 7.0 10.0 9.0 6.0 8.0 10.0 10.0 10.0 10.0 10.0 10.0 10.0 10.0 10.0 10.0 10.0 
1108447 1981 3 3 82 10.0 10.0 10.0 10.0 10.0 10.0 10.0 10.0 10.0 10.0 10.0 10.0 10.0 10.0 10.0 10.0 10.0 10.0 10.0 10.0 10.0 8.0 9.0 10.0 
1108447 1981 3 4 82 10.0 10.0 10.0 10.0 10.0 10.0 10.0 8.0 9.0 9.0 5.0 3.0 4.0 3.0 3.0 2.0 4.0 4.0 3.0 3.0 2.0 2.0 1.0 1.0 
1108447 1981 3 5 82 0.0 0.0 0.0 3.0 0.0 2.0 6.0 8.0 8.0 7.0 8.0 9.0 9.0 6.0 6.0 7.0 8.0 9.0 9.0 8.0 8.0 6.0 4.0 3.0 
1108447 1981 3 6 82 0.0 0.0 0.0 5.0 10.0 10.0 9.0 9.0 9.0 7.0 6.0 9.0 7.0 6.0 6.0 7.0 9.0 10.0 10.0 10.0 10.0 10.0 10.0 10.0 
1108447 1981 3 7 82 10.0 10.0 10.0 10.0 10.0 10.0 10.0 10.0 10.0 10.0 10.0 9.0 9.0 9.0 9.0 9.0 9.0 9.0 7.0 9.0 10.0 5.0 9.0 10.0 
1108447 1981 3 8 82 10.0 9.0 9.0 10.0 10.0 5.0 8.0 9.0 9.0 8.0 7.0 7.0 6.0 6.0 6.0 10.0 3.0 3.0 3.0 3.0 3.0 9.0 5.0 2.0 
1108447 1981 3 9 82 1.0 1.0 1.0 1.0 1.0 1.0 1.0 4.0 9.0 8.0 9.0 9.0 10.0 10.0 10.0 10.0 10.0 10.0 10.0 8.0 6.0 4.0 4.0 3.0 
1108447 1981 3 10 82 3.0 2.0 5.0 8.0 8.0 6.0 4.0 4.0 6.0 6.0 8.0 8.0 8.0 8.0 7.0 7.0 5.0 4.0 7.0 10.0 10.0 10.0 9.0 9.0 
1108447 1981 3 11 82 9.0 10.0 10.0 10.0 10.0 10.0 10.0 7.0 9.0 9.0 9.0 8.0 4.0 3.0 1.0 1.0 1.0 0.0 2.0 2.0 1.0 0.0 0.0 0.0 
1108447 1981 3 12 82 0.0 0.0 0.0 1.0 0.0 0.0 2.0 4.0 2.0 2.0 1.0 1.0 3.0 2.0 5.0 4.0 3.0 1.0 1.0 0.0 0.0 0.0 0.0 0.0 
1108447 1981 3 13 82 0.0 0.0 1.0 7.0 8.0 4.0 9.0 8.0 7.0 8.0 3.0 4.0 3.0 3.0 3.0 3.0 3.0 3.0 5.0 5.0 6.0 9.0 8.0 8.0 
1108447 1981 3 14 82 10.0 8.0 9.0 10.0 9.0 9.0 10.0 10.0 10.0 10.0 10.0 10.0 10.0 10.0 9.0 10.0 9.0 9.0 10.0 10.0 10.0 10.0 9.0 10.0 
1108447 1981 3 15 82 10.0 10.0 10.0 10.0 10.0 10.0 10.0 10.0 10.0 10.0 10.0 10.0 10.0 10.0 10.0 10.0 10.0 10.0 10.0 10.0 10.0 10.0 10.0 10.0 
1108447 1981 3 16 82 9.0 9.0 6.0 3.0 3.0 1.0 4.0 5.0 7.0 8.0 6.0 5.0 4.0 4.0 3.0 2.0 1.0 1.0 1.0 1.0 0.0 0.0 0.0 0.0 
1108447 1981 3 17 82 1.0 1.0 0.0 1.0 1.0 1.0 1.0 2.0 1.0 1.0 1.0 1.0 1.0 1.0 1.0 1.0 2.0 2.0 1.0 1.0 1.0 1.0 0.0 0.0 
1108447 1981 3 18 82 0.0 0.0 0.0 0.0 0.0 0.0 1.0 1.0 0.0 0.0 0.0 0.0 0.0 0.0 0.0 0.0 1.0 0.0 2.0 3.0 2.0 1.0 1.0 1.0 
1108447 1981 3 19 82 0.0 1.0 1.0 0.0 0.0 0.0 0.0 0.0 1.0 1.0 1.0 1.0 1.0 1.0 2.0 2.0 2.0 3.0 9.0 3.0 2.0 2.0 7.0 2.0 
1108447 1981 3 20 82 3.0 2.0 0.0 1.0 1.0 1.0 0.0 0.0 0.0 0.0 0.0 0.0 1.0 2.0 4.0 8.0 9.0 9.0 9.0 3.0 1.0 4.0 3.0 2.0 
1108447 1981 3 21 82 2.0 2.0 4.0 9.0 9.0 9.0 9.0 9.0 9.0 8.0 6.0 9.0 5.0 3.0 7.0 9.0 9.0 7.0 9.0 9.0 10.0 10.0 10.0 10.0 
1108447 1981 3 22 82 10.0 10.0 10.0 10.0 10.0 10.0 9.0 7.0 3.0 4.0 4.0 5.0 6.0 7.0 8.0 8.0 5.0 3.0 10.0 10.0 10.0 9.0 10.0 10.0 
1108447 1981 3 23 82 10.0 10.0 10.0 10.0 10.0 10.0 10.0 10.0 10.0 9.0 9.0 8.0 8.0 8.0 9.0 9.0 6.0 4.0 5.0 4.0 6.0 5.0 4.0 4.0 
1108447 1981 3 24 82 4.0 1.0 9.0 10.0 10.0 10.0 10.0 10.0 10.0 10.0 10.0 10.0 10.0 10.0 10.0 10.0 10.0 10.0 10.0 10.0 10.0 10.0 10.0 10.0 
1108447 1981 3 25 82 10.0 10.0 10.0 10.0 9.0 10.0 9.0 9.0 9.0 4.0 1.0 2.0 6.0 6.0 4.0 2.0 9.0 9.0 10.0 10.0 9.0 10.0 10.0 9.0 
1108447 1981 3 26 82 4.0 4.0 6.0 7.0 7.0 6.0 5.0 8.0 9.0 8.0 5.0 3.0 0.0 0.0 0.0 0.0 0.0 0.0 0.0 0.0 0.0 0.0 1.0 2.0 
1108447 1981 3 27 82 2.0 2.0 2.0 2.0 2.0 8.0 10.0 10.0 10.0 10.0 10.0 10.0 10.0 10.0 10.0 10.0 10.0 10.0 10.0 10.0 10.0 10.0 10.0 10.0 
1108447 1981 3 28 82 10.0 10.0 10.0 10.0 10.0 10.0 9.0 9.0 9.0 10.0 10.0 10.0 10.0 10.0 10.0 10.0 10.0 10.0 10.0 10.0 10.0 10.0 10.0 10.0 
1108447 1981 3 29 82 10.0 10.0 10.0 10.0 10.0 10.0 10.0 10.0 10.0 10.0 10.0 10.0 10.0 10.0 10.0 10.0 10.0 10.0 10.0 10.0 10.0 10.0 10.0 9.0 
1108447 1981 3 30 82 7.0 8.0 9.0 10.0 10.0 10.0 9.0 10.0 10.0 10.0 10.0 10.0 10.0 10.0 10.0 10.0 10.0 10.0 10.0 10.0 10.0 10.0 10.0 10.0 
1108447 1981 3 31 82 10.0 10.0 10.0 10.0 10.0 10.0 10.0 10.0 10.0 9.0 9.0 8.0 8.0 9.0 7.0 8.0 8.0 9.0 5.0 8.0 8.0 8.0 9.0 5.0 
1108447 1981 4 1 82 3.0 7.0 6.0 7.0 4.0 4.0 9.0 8.0 9.0 9.0 9.0 6.0 5.0 2.0 1.0 1.0 2.0 3.0 3.0 2.0 3.0 4.0 3.0 2.0 
1108447 1981 4 2 82 5.0 5.0 7.0 7.0 8.0 9.0 10.0 10.0 10.0 10.0 10.0 10.0 9.0 9.0 9.0 9.0 9.0 10.0 9.0 9.0 9.0 9.0 10.0 3.0 
1108447 1981 4 3 82 1.0 1.0 0.0 0.0 0.0 0.0 2.0 1.0 3.0 3.0 4.0 4.0 4.0 4.0 4.0 5.0 2.0 3.0 5.0 7.0 9.0 9.0 9.0 9.0 
1108447 1981 4 4 82 9.0 9.0 9.0 9.0 9.0 9.0 10.0 10.0 10.0 10.0 10.0 10.0 10.0 10.0 10.0 10.0 10.0 10.0 10.0 10.0 10.0 10.0 10.0 10.0 
1108447 1981 4 5 82 10.0 10.0 10.0 10.0 10.0 10.0 9.0 7.0 4.0 5.0 8.0 4.0 8.0 3.0 9.0 9.0 9.0 8.0 5.0 4.0 3.0 1.0 3.0 1.0 
1108447 1981 4 6 82 0.0 0.0 0.0 0.0 2.0 5.0 9.0 9.0 9.0 10.0 10.0 10.0 10.0 10.0 10.0 9.0 9.0 9.0 9.0 5.0 3.0 0.0 3.0 3.0 
1108447 1981 4 7 82 5.0 5.0 8.0 8.0 8.0 8.0 7.0 6.0 8.0 8.0 9.0 9.0 9.0 9.0 10.0 9.0 10.0 10.0 10.0 10.0 9.0 6.0 3.0 9.0 
1108447 1981 4 8 82 10.0 10.0 10.0 10.0 10.0 10.0 10.0 10.0 10.0 10.0 10.0 10.0 9.0 8.0 9.0 7.0 7.0 8.0 8.0 7.0 6.0 4.0 6.0 8.0 
1108447 1981 4 9 82 8.0 8.0 9.0 10.0 9.0 10.0 10.0 9.0 9.0 10.0 9.0 9.0 9.0 9.0 9.0 9.0 9.0 8.0 9.0 5.0 7.0 7.0 3.0 3.0 
1108447 1981 4 10 82 5.0 8.0 10.0 10.0 10.0 10.0 10.0 10.0 10.0 10.0 10.0 10.0 10.0 10.0 10.0 10.0 10.0 10.0 10.0 10.0 10.0 10.0 10.0 10.0 
1108447 1981 4 11 82 10.0 10.0 10.0 10.0 10.0 10.0 10.0 9.0 8.0 9.0 9.0 9.0 9.0 8.0 9.0 9.0 10.0 10.0 10.0 9.0 9.0 4.0 4.0 5.0 
1108447 1981 4 12 82 8.0 10.0 10.0 10.0 10.0 10.0 10.0 10.0 10.0 10.0 9.0 9.0 9.0 9.0 9.0 8.0 6.0 4.0 3.0 3.0 2.0 3.0 5.0 8.0 
1108447 1981 4 13 82 8.0 7.0 6.0 8.0 6.0 9.0 9.0 9.0 9.0 8.0 10.0 10.0 10.0 10.0 10.0 10.0 10.0 10.0 10.0 10.0 8.0 8.0 7.0 2.0 
1108447 1981 4 14 82 2.0 2.0 2.0 2.0 3.0 3.0 4.0 4.0 7.0 8.0 8.0 9.0 9.0 7.0 7.0 7.0 8.0 8.0 5.0 3.0 2.0 1.0 3.0 3.0 
1108447 1981 4 15 82 3.0 5.0 8.0 7.0 7.0 9.0 10.0 10.0 10.0 10.0 9.0 10.0 10.0 10.0 10.0 10.0 9.0 9.0 8.0 10.0 10.0 10.0 10.0 10.0 
1108447 1981 4 16 82 9.0 6.0 5.0 3.0 3.0 5.0 4.0 4.0 3.0 3.0 5.0 4.0 5.0 7.0 6.0 3.0 3.0 3.0 3.0 5.0 5.0 2.0 3.0 2.0 
1108447 1981 4 17 82 1.0 3.0 7.0 7.0 7.0 8.0 10.0 10.0 8.0 6.0 7.0 6.0 8.0 4.0 3.0 5.0 5.0 2.0 1.0 1.0 0.0 0.0 0.0 0.0 
1108447 1981 4 18 82 0.0 0.0 0.0 0.0 0.0 0.0 0.0 0.0 1.0 1.0 1.0 1.0 1.0 0.0 0.0 0.0 0.0 0.0 0.0 0.0 1.0 1.0 1.0 1.0 
1108447 1981 4 19 82 0.0 0.0 0.0 1.0 4.0 3.0 3.0 3.0 3.0 1.0 2.0 2.0 3.0 4.0 5.0 8.0 8.0 6.0 6.0 5.0 5.0 4.0 7.0 5.0 
1108447 1981 4 20 82 3.0 10.0 10.0 10.0 10.0 10.0 10.0 10.0 10.0 10.0 9.0 9.0 9.0 9.0 10.0 10.0 10.0 10.0 10.0 10.0 10.0 10.0 10.0 10.0 
1108447 1981 4 21 82 10.0 10.0 10.0 10.0 10.0 10.0 10.0 10.0 10.0 10.0 10.0 10.0 10.0 10.0 10.0 10.0 10.0 10.0 10.0 10.0 10.0 10.0 10.0 10.0 
1108447 1981 4 22 82 10.0 10.0 10.0 10.0 10.0 10.0 10.0 10.0 9.0 10.0 10.0 9.0 9.0 10.0 10.0 10.0 10.0 9.0 9.0 10.0 10.0 10.0 10.0 10.0 
1108447 1981 4 23 82 10.0 10.0 10.0 10.0 10.0 10.0 9.0 9.0 10.0 10.0 10.0 10.0 10.0 10.0 10.0 10.0 10.0 10.0 10.0 10.0 9.0 10.0 10.0 9.0 
1108447 1981 4 24 82 3.0 3.0 7.0 9.0 6.0 4.0 4.0 2.0 6.0 8.0 7.0 4.0 3.0 6.0 8.0 5.0 4.0 3.0 2.0 2.0 2.0 2.0 1.0 2.0 
1108447 1981 4 25 82 2.0 2.0 3.0 2.0 2.0 2.0 2.0 7.0 8.0 6.0 3.0 3.0 4.0 5.0 4.0 3.0 2.0 2.0 3.0 3.0 5.0 0.0 0.0 0.0 
1108447 1981 4 26 82 0.0 0.0 0.0 2.0 5.0 8.0 9.0 9.0 8.0 9.0 9.0 9.0 9.0 9.0 4.0 4.0 3.0 5.0 4.0 3.0 4.0 3.0 1.0 6.0 
1108447 1981 4 27 82 9.0 10.0 10.0 10.0 10.0 10.0 10.0 10.0 10.0 10.0 10.0 10.0 10.0 10.0 10.0 10.0 10.0 10.0 10.0 10.0 10.0 10.0 10.0 10.0 
1108447 1981 4 28 82 10.0 10.0 10.0 9.0 10.0 10.0 10.0 10.0 10.0 10.0 10.0 10.0 10.0 10.0 10.0 10.0 10.0 9.0 9.0 10.0 10.0 10.0 10.0 10.0 
1108447 1981 4 29 82 10.0 10.0 10.0 10.0 10.0 10.0 10.0 10.0 10.0 10.0 10.0 10.0 10.0 10.0 10.0 10.0 10.0 9.0 9.0 9.0 9.0 8.0 9.0 3.0 
1108447 1981 4 30 82 0.0 1.0 3.0 5.0 2.0 4.0 4.0 6.0 8.0 9.0 9.0 9.0 9.0 9.0 9.0 10.0 10.0 10.0 10.0 10.0 10.0 9.0 9.0 9.0 
1108447 1981 5 1 82 4.0 4.0 4.0 2.0 4.0 7.0 8.0 8.0 9.0 8.0 9.0 10.0 9.0 9.0 9.0 9.0 9.0 9.0 9.0 9.0 10.0 10.0 10.0 10.0 
1108447 1981 5 2 82 10.0 10.0 10.0 10.0 10.0 8.0 9.0 8.0 8.0 7.0 9.0 9.0 8.0 7.0 9.0 9.0 9.0 9.0 10.0 10.0 10.0 9.0 10.0 10.0 
1108447 1981 5 3 82 10.0 10.0 10.0 10.0 10.0 10.0 10.0 10.0 10.0 10.0 10.0 10.0 10.0 10.0 10.0 10.0 10.0 10.0 10.0 10.0 10.0 10.0 9.0 10.0 
1108447 1981 5 4 82 10.0 10.0 10.0 10.0 10.0 9.0 8.0 4.0 7.0 9.0 9.0 9.0 9.0 8.0 7.0 6.0 4.0 3.0 2.0 2.0 6.0 2.0 2.0 4.0 
1108447 1981 5 5 82 9.0 10.0 10.0 10.0 10.0 10.0 10.0 9.0 10.0 10.0 10.0 10.0 10.0 10.0 10.0 10.0 10.0 10.0 9.0 9.0 10.0 10.0 10.0 10.0 
1108447 1981 5 6 82 4.0 6.0 9.0 10.0 10.0 10.0 10.0 10.0 10.0 10.0 10.0 10.0 10.0 10.0 10.0 9.0 9.0 9.0 7.0 7.0 7.0 9.0 9.0 9.0 
1108447 1981 5 7 82 10.0 9.0 9.0 9.0 10.0 10.0 10.0 10.0 10.0 10.0 10.0 10.0 10.0 10.0 10.0 10.0 9.0 9.0 9.0 9.0 10.0 10.0 10.0 10.0 
1108447 1981 5 8 82 9.0 10.0 9.0 8.0 7.0 8.0 10.0 10.0 9.0 9.0 9.0 9.0 9.0 10.0 10.0 10.0 10.0 10.0 10.0 10.0 10.0 10.0 10.0 10.0 
1108447 1981 5 9 82 10.0 10.0 10.0 10.0 10.0 10.0 10.0 10.0 10.0 9.0 9.0 9.0 9.0 9.0 10.0 10.0 9.0 9.0 4.0 3.0 6.0 7.0 7.0 6.0 
1108447 1981 5 10 82 4.0 4.0 8.0 8.0 7.0 9.0 10.0 10.0 9.0 9.0 5.0 3.0 5.0 9.0 7.0 9.0 9.0 8.0 9.0 9.0 9.0 9.0 7.0 8.0 
1108447 1981 5 11 82 7.0 7.0 8.0 8.0 9.0 8.0 6.0 9.0 8.0 7.0 6.0 8.0 6.0 3.0 2.0 2.0 1.0 1.0 1.0 1.0 1.0 1.0 1.0 1.0 
1108447 1981 5 12 82 1.0 1.0 1.0 2.0 2.0 3.0 1.0 1.0 3.0 5.0 3.0 3.0 2.0 6.0 10.0 10.0 10.0 10.0 10.0 6.0 3.0 2.0 2.0 1.0 
1108447 1981 5 13 82 1.0 7.0 10.0 10.0 9.0 10.0 10.0 10.0 10.0 10.0 10.0 10.0 10.0 10.0 10.0 10.0 10.0 10.0 10.0 9.0 10.0 10.0 9.0 9.0 
1108447 1981 5 14 82 5.0 7.0 9.0 9.0 10.0 10.0 10.0 9.0 10.0 10.0 10.0 10.0 10.0 10.0 10.0 10.0 10.0 10.0 10.0 10.0 10.0 10.0 10.0 10.0 
1108447 1981 5 15 82 10.0 10.0 9.0 9.0 10.0 10.0 10.0 9.0 9.0 8.0 8.0 9.0 8.0 4.0 3.0 5.0 6.0 4.0 4.0 5.0 8.0 9.0 9.0 10.0 
1108447 1981 5 16 82 9.0 9.0 9.0 10.0 10.0 9.0 9.0 10.0 10.0 10.0 9.0 9.0 9.0 9.0 9.0 9.0 9.0 9.0 8.0 9.0 10.0 9.0 4.0 3.0 
1108447 1981 5 17 82 9.0 10.0 9.0 9.0 10.0 9.0 10.0 10.0 10.0 10.0 10.0 10.0 9.0 9.0 10.0 10.0 10.0 10.0 10.0 10.0 10.0 10.0 10.0 10.0 
1108447 1981 5 18 82 10.0 10.0 10.0 10.0 10.0 10.0 9.0 9.0 8.0 5.0 9.0 9.0 10.0 10.0 10.0 10.0 10.0 10.0 10.0 10.0 10.0 10.0 10.0 10.0 
1108447 1981 5 19 82 10.0 10.0 10.0 10.0 10.0 10.0 10.0 10.0 9.0 10.0 10.0 10.0 10.0 10.0 10.0 10.0 9.0 9.0 9.0 9.0 9.0 10.0 10.0 10.0 
1108447 1981 5 20 82 10.0 10.0 10.0 10.0 10.0 10.0 10.0 10.0 10.0 10.0 10.0 10.0 10.0 9.0 8.0 5.0 4.0 4.0 5.0 5.0 7.0 9.0 9.0 9.0 
1108447 1981 5 21 82 10.0 10.0 10.0 10.0 10.0 10.0 10.0 10.0 10.0 10.0 10.0 10.0 10.0 10.0 10.0 10.0 9.0 10.0 10.0 7.0 10.0 10.0 8.0 7.0 
1108447 1981 5 22 82 3.0 3.0 2.0 1.0 4.0 5.0 6.0 8.0 7.0 9.0 9.0 9.0 9.0 9.0 9.0 8.0 10.0 10.0 10.0 10.0 7.0 3.0 3.0 5.0 
1108447 1981 5 23 82 7.0 7.0 7.0 10.0 7.0 6.0 5.0 2.0 6.0 9.0 9.0 10.0 10.0 10.0 10.0 10.0 10.0 10.0 10.0 10.0 10.0 10.0 10.0 10.0 
1108447 1981 5 24 82 9.0 10.0 10.0 10.0 10.0 10.0 10.0 10.0 10.0 10.0 9.0 10.0 10.0 10.0 10.0 10.0 10.0 9.0 9.0 10.0 10.0 10.0 10.0 10.0 
1108447 1981 5 25 82 10.0 10.0 10.0 10.0 10.0 10.0 10.0 10.0 10.0 9.0 9.0 9.0 9.0 9.0 9.0 8.0 7.0 9.0 9.0 9.0 9.0 9.0 10.0 10.0 
1108447 1981 5 26 82 8.0 8.0 9.0 8.0 10.0 10.0 7.0 8.0 7.0 7.0 3.0 3.0 1.0 1.0 3.0 3.0 2.0 2.0 1.0 1.0 1.0 2.0 2.0 2.0 
1108447 1981 5 27 82 3.0 9.0 8.0 9.0 7.0 7.0 7.0 8.0 2.0 3.0 1.0 2.0 2.0 6.0 2.0 2.0 2.0 1.0 2.0 6.0 5.0 6.0 9.0 9.0 
1108447 1981 5 28 82 7.0 8.0 6.0 6.0 9.0 9.0 9.0 9.0 8.0 6.0 5.0 6.0 8.0 6.0 9.0 9.0 9.0 9.0 9.0 9.0 5.0 5.0 7.0 7.0 
1108447 1981 5 29 82 7.0 7.0 7.0 8.0 9.0 9.0 9.0 10.0 10.0 10.0 10.0 10.0 10.0 10.0 10.0 10.0 10.0 10.0 10.0 9.0 10.0 10.0 10.0 10.0 
1108447 1981 5 30 82 10.0 10.0 10.0 10.0 10.0 10.0 10.0 10.0 9.0 9.0 9.0 9.0 8.0 4.0 3.0 3.0 3.0 4.0 8.0 9.0 7.0 5.0 6.0 5.0 
1108447 1981 5 31 82 3.0 2.0 1.0 1.0 4.0 4.0 1.0 2.0 2.0 5.0 3.0 2.0 2.0 2.0 2.0 2.0 3.0 2.0 2.0 0.0 0.0 0.0 0.0 0.0 
1108447 1981 6 1 82 0.0 1.0 2.0 3.0 4.0 8.0 9.0 10.0 10.0 10.0 10.0 10.0 10.0 10.0 10.0 10.0 10.0 10.0 10.0 10.0 10.0 10.0 10.0 9.0 
1108447 1981 6 2 82 9.0 9.0 10.0 10.0 10.0 10.0 9.0 9.0 9.0 9.0 9.0 9.0 3.0 3.0 5.0 9.0 10.0 10.0 10.0 10.0 10.0 10.0 10.0 10.0 
1108447 1981 6 3 82 9.0 10.0 10.0 10.0 10.0 10.0 10.0 10.0 10.0 9.0 10.0 10.0 10.0 10.0 10.0 10.0 9.0 9.0 9.0 9.0 9.0 9.0 9.0 8.0 
1108447 1981 6 4 82 8.0 9.0 9.0 10.0 10.0 10.0 10.0 10.0 10.0 10.0 10.0 10.0 10.0 10.0 10.0 10.0 10.0 10.0 10.0 10.0 10.0 10.0 10.0 10.0 
1108447 1981 6 5 82 10.0 9.0 9.0 10.0 10.0 10.0 10.0 10.0 10.0 10.0 10.0 10.0 10.0 10.0 10.0 10.0 10.0 10.0 9.0 9.0 8.0 6.0 7.0 7.0 
1108447 1981 6 6 82 3.0 3.0 4.0 7.0 8.0 7.0 3.0 7.0 6.0 4.0 4.0 3.0 4.0 4.0 5.0 7.0 5.0 5.0 7.0 5.0 4.0 3.0 5.0 4.0 
1108447 1981 6 7 82 3.0 2.0 7.0 7.0 9.0 9.0 9.0 10.0 10.0 10.0 10.0 10.0 10.0 10.0 10.0 10.0 9.0 9.0 9.0 9.0 9.0 9.0 9.0 8.0 
1108447 1981 6 8 82 9.0 10.0 10.0 10.0 10.0 8.0 10.0 10.0 10.0 10.0 10.0 10.0 10.0 10.0 10.0 10.0 10.0 10.0 10.0 10.0 10.0 10.0 10.0 10.0 
1108447 1981 6 9 82 10.0 10.0 10.0 10.0 9.0 9.0 9.0 9.0 9.0 7.0 8.0 9.0 9.0 9.0 9.0 8.0 9.0 10.0 10.0 10.0 10.0 10.0 10.0 9.0 
1108447 1981 6 10 82 10.0 10.0 10.0 10.0 10.0 10.0 10.0 10.0 9.0 9.0 9.0 7.0 9.0 4.0 9.0 10.0 10.0 8.0 5.0 4.0 5.0 4.0 4.0 1.0 
1108447 1981 6 11 82 1.0 1.0 2.0 3.0 5.0 7.0 3.0 5.0 5.0 3.0 5.0 5.0 3.0 3.0 3.0 7.0 9.0 10.0 10.0 10.0 10.0 10.0 10.0 10.0 
1108447 1981 6 12 82 10.0 10.0 10.0 10.0 10.0 10.0 10.0 10.0 10.0 10.0 10.0 10.0 10.0 10.0 10.0 10.0 10.0 10.0 10.0 9.0 10.0 10.0 10.0 10.0 
1108447 1981 6 13 82 10.0 10.0 10.0 10.0 10.0 10.0 10.0 10.0 10.0 10.0 10.0 10.0 10.0 10.0 9.0 9.0 8.0 7.0 7.0 9.0 9.0 10.0 10.0 10.0 
1108447 1981 6 14 82 10.0 9.0 9.0 10.0 10.0 9.0 10.0 9.0 9.0 10.0 10.0 9.0 9.0 9.0 9.0 7.0 8.0 8.0 6.0 9.0 9.0 10.0 10.0 10.0 
1108447 1981 6 15 82 10.0 10.0 10.0 10.0 10.0 9.0 9.0 10.0 10.0 10.0 10.0 10.0 10.0 10.0 10.0 10.0 10.0 10.0 10.0 10.0 10.0 10.0 10.0 10.0 
1108447 1981 6 16 82 10.0 9.0 9.0 9.0 9.0 9.0 9.0 10.0 9.0 9.0 9.0 9.0 5.0 4.0 5.0 9.0 7.0 7.0 8.0 9.0 8.0 8.0 6.0 5.0 
1108447 1981 6 17 82 5.0 4.0 4.0 5.0 7.0 9.0 9.0 9.0 8.0 7.0 8.0 9.0 9.0 9.0 9.0 10.0 10.0 10.0 10.0 10.0 10.0 10.0 10.0 10.0 
1108447 1981 6 18 82 10.0 10.0 10.0 10.0 10.0 10.0 10.0 10.0 10.0 10.0 10.0 10.0 10.0 10.0 10.0 10.0 10.0 10.0 10.0 10.0 10.0 10.0 10.0 10.0 
1108447 1981 6 19 82 10.0 10.0 10.0 10.0 8.0 8.0 9.0 9.0 9.0 8.0 9.0 5.0 7.0 8.0 9.0 9.0 10.0 10.0 10.0 9.0 9.0 9.0 9.0 9.0 
1108447 1981 6 20 82 9.0 9.0 9.0 9.0 9.0 5.0 3.0 3.0 4.0 9.0 10.0 9.0 10.0 10.0 9.0 9.0 9.0 9.0 9.0 9.0 9.0 9.0 9.0 8.0 
1108447 1981 6 21 82 9.0 9.0 10.0 10.0 10.0 10.0 10.0 10.0 10.0 10.0 10.0 10.0 10.0 10.0 10.0 10.0 10.0 10.0 10.0 10.0 10.0 10.0 10.0 10.0 
1108447 1981 6 22 82 10.0 10.0 10.0 10.0 10.0 10.0 10.0 9.0 9.0 9.0 9.0 9.0 8.0 7.0 7.0 7.0 9.0 9.0 10.0 10.0 10.0 10.0 10.0 10.0 
1108447 1981 6 23 82 10.0 10.0 10.0 10.0 10.0 9.0 10.0 9.0 9.0 8.0 8.0 7.0 7.0 8.0 9.0 8.0 8.0 7.0 7.0 6.0 6.0 3.0 2.0 2.0 
1108447 1981 6 24 82 2.0 2.0 1.0 1.0 1.0 5.0 8.0 4.0 1.0 0.0 0.0 3.0 1.0 1.0 1.0 1.0 1.0 1.0 1.0 0.0 0.0 0.0 1.0 1.0 
1108447 1981 6 25 82 1.0 0.0 0.0 0.0 1.0 2.0 2.0 1.0 1.0 1.0 4.0 4.0 5.0 7.0 2.0 1.0 1.0 2.0 0.0 0.0 0.0 1.0 1.0 1.0 
1108447 1981 6 26 82 0.0 0.0 0.0 1.0 4.0 4.0 4.0 4.0 8.0 5.0 5.0 6.0 5.0 4.0 4.0 2.0 7.0 7.0 8.0 6.0 2.0 2.0 1.0 1.0 
1108447 1981 6 27 82 1.0 1.0 0.0 2.0 5.0 5.0 9.0 9.0 9.0 9.0 8.0 3.0 3.0 2.0 3.0 4.0 3.0 3.0 2.0 2.0 1.0 2.0 2.0 1.0 
1108447 1981 6 28 82 1.0 1.0 3.0 2.0 3.0 3.0 2.0 2.0 2.0 7.0 10.0 10.0 10.0 10.0 10.0 10.0 10.0 10.0 10.0 10.0 10.0 10.0 10.0 10.0 
1108447 1981 6 29 82 10.0 10.0 10.0 10.0 10.0 10.0 10.0 10.0 10.0 10.0 10.0 10.0 10.0 9.0 5.0 6.0 6.0 9.0 9.0 9.0 10.0 10.0 10.0 8.0 
1108447 1981 6 30 82 7.0 6.0 10.0 10.0 10.0 10.0 10.0 10.0 10.0 10.0 10.0 10.0 10.0 10.0 10.0 9.0 9.0 8.0 7.0 9.0 9.0 8.0 8.0 8.0 
1108447 1981 7 1 82 8.0 9.0 9.0 9.0 10.0 9.0 9.0 9.0 9.0 9.0 9.0 6.0 6.0 7.0 5.0 6.0 5.0 3.0 2.0 3.0 3.0 2.0 3.0 0.0 
1108447 1981 7 2 82 0.0 0.0 0.0 2.0 7.0 10.0 10.0 10.0 9.0 7.0 7.0 9.0 5.0 3.0 2.0 2.0 2.0 1.0 0.0 0.0 1.0 1.0 3.0 2.0 
1108447 1981 7 3 82 2.0 3.0 4.0 2.0 2.0 3.0 5.0 5.0 8.0 9.0 9.0 9.0 8.0 8.0 8.0 8.0 5.0 3.0 2.0 2.0 2.0 2.0 3.0 3.0 
1108447 1981 7 4 82 1.0 1.0 3.0 3.0 2.0 3.0 2.0 1.0 1.0 0.0 3.0 2.0 2.0 5.0 7.0 8.0 7.0 5.0 8.0 9.0 8.0 8.0 6.0 7.0 
1108447 1981 7 5 82 7.0 7.0 9.0 9.0 10.0 10.0 10.0 9.0 9.0 9.0 7.0 3.0 3.0 4.0 8.0 9.0 9.0 9.0 9.0 8.0 6.0 5.0 3.0 3.0 
1108447 1981 7 6 82 3.0 8.0 8.0 9.0 10.0 10.0 10.0 10.0 10.0 10.0 10.0 10.0 10.0 10.0 10.0 10.0 10.0 10.0 10.0 10.0 10.0 10.0 10.0 9.0 
1108447 1981 7 7 82 10.0 10.0 10.0 10.0 10.0 10.0 9.0 9.0 9.0 6.0 5.0 3.0 6.0 5.0 2.0 4.0 7.0 7.0 9.0 9.0 9.0 9.0 9.0 8.0 
1108447 1981 7 8 82 9.0 9.0 8.0 8.0 8.0 8.0 6.0 3.0 3.0 8.0 9.0 9.0 10.0 10.0 10.0 10.0 9.0 9.0 9.0 9.0 8.0 8.0 7.0 7.0 
1108447 1981 7 9 82 6.0 2.0 3.0 8.0 6.0 9.0 9.0 9.0 10.0 9.0 9.0 7.0 8.0 6.0 7.0 7.0 8.0 9.0 9.0 9.0 9.0 9.0 9.0 7.0 
1108447 1981 7 10 82 5.0 4.0 8.0 10.0 10.0 9.0 9.0 9.0 9.0 9.0 9.0 10.0 9.0 9.0 8.0 9.0 9.0 9.0 9.0 9.0 9.0 9.0 9.0 9.0 
1108447 1981 7 11 82 7.0 7.0 5.0 7.0 7.0 7.0 5.0 5.0 5.0 7.0 6.0 4.0 3.0 4.0 3.0 3.0 4.0 8.0 9.0 9.0 6.0 7.0 7.0 7.0 
1108447 1981 7 12 82 7.0 8.0 7.0 4.0 6.0 6.0 9.0 4.0 2.0 5.0 6.0 5.0 7.0 8.0 8.0 8.0 9.0 9.0 8.0 9.0 9.0 9.0 9.0 8.0 
1108447 1981 7 13 82 9.0 10.0 10.0 10.0 10.0 10.0 10.0 10.0 10.0 10.0 10.0 10.0 10.0 10.0 10.0 10.0 10.0 10.0 9.0 9.0 9.0 10.0 10.0 10.0 
1108447 1981 7 14 82 10.0 10.0 9.0 9.0 9.0 9.0 8.0 7.0 9.0 9.0 9.0 8.0 9.0 8.0 5.0 5.0 4.0 2.0 3.0 2.0 7.0 9.0 9.0 8.0 
1108447 1981 7 15 82 6.0 3.0 2.0 2.0 2.0 0.0 1.0 1.0 1.0 1.0 3.0 1.0 1.0 1.0 1.0 1.0 1.0 1.0 1.0 1.0 0.0 0.0 0.0 0.0 
1108447 1981 7 16 82 0.0 0.0 0.0 0.0 0.0 1.0 0.0 0.0 0.0 0.0 4.0 4.0 4.0 3.0 4.0 4.0 5.0 4.0 3.0 2.0 2.0 2.0 1.0 1.0 
1108447 1981 7 17 82 2.0 5.0 7.0 10.0 9.0 9.0 8.0 9.0 9.0 9.0 9.0 9.0 9.0 9.0 9.0 9.0 8.0 8.0 9.0 9.0 9.0 6.0 5.0 5.0 
1108447 1981 7 18 82 3.0 8.0 3.0 7.0 6.0 8.0 10.0 10.0 10.0 10.0 10.0 10.0 10.0 10.0 10.0 10.0 10.0 10.0 9.0 10.0 10.0 10.0 10.0 10.0 
1108447 1981 7 19 82 10.0 10.0 10.0 10.0 10.0 10.0 10.0 10.0 10.0 10.0 10.0 10.0 10.0 10.0 10.0 10.0 10.0 10.0 10.0 10.0 10.0 10.0 10.0 10.0 
1108447 1981 7 20 82 10.0 10.0 10.0 10.0 10.0 10.0 10.0 10.0 10.0 9.0 9.0 7.0 4.0 4.0 6.0 6.0 4.0 2.0 3.0 6.0 9.0 9.0 9.0 9.0 
1108447 1981 7 21 82 9.0 8.0 8.0 9.0 9.0 9.0 9.0 10.0 10.0 10.0 10.0 10.0 9.0 9.0 9.0 9.0 9.0 9.0 9.0 9.0 3.0 3.0 8.0 8.0 
1108447 1981 7 22 82 9.0 8.0 9.0 9.0 9.0 10.0 10.0 10.0 10.0 10.0 10.0 10.0 9.0 9.0 6.0 3.0 8.0 9.0 8.0 8.0 9.0 9.0 9.0 9.0 
1108447 1981 7 23 82 9.0 9.0 9.0 9.0 9.0 9.0 9.0 6.0 6.0 8.0 6.0 4.0 3.0 6.0 9.0 4.0 5.0 5.0 9.0 7.0 7.0 7.0 5.0 4.0 
1108447 1981 7 24 82 8.0 6.0 9.0 9.0 9.0 7.0 3.0 1.0 8.0 4.0 9.0 1.0 0.0 0.0 0.0 1.0 2.0 3.0 1.0 2.0 3.0 3.0 2.0 2.0 
1108447 1981 7 25 82 2.0 2.0 2.0 2.0 2.0 2.0 2.0 9.0 5.0 1.0 1.0 0.0 0.0 0.0 0.0 0.0 0.0 0.0 0.0 0.0 1.0 0.0 0.0 0.0 
1108447 1981 7 26 82 0.0 2.0 1.0 1.0 1.0 0.0 0.0 0.0 0.0 0.0 0.0 0.0 0.0 0.0 0.0 1.0 1.0 0.0 0.0 0.0 1.0 0.0 0.0 0.0 
1108447 1981 7 27 82 0.0 0.0 0.0 0.0 0.0 0.0 1.0 1.0 0.0 0.0 0.0 0.0 0.0 0.0 0.0 1.0 2.0 2.0 1.0 1.0 1.0 1.0 1.0 1.0 
1108447 1981 7 28 82 0.0 0.0 0.0 0.0 1.0 1.0 1.0 1.0 3.0 9.0 9.0 9.0 9.0 9.0 9.0 9.0 7.0 8.0 6.0 8.0 8.0 8.0 4.0 6.0 
1108447 1981 7 29 82 8.0 8.0 6.0 3.0 9.0 8.0 9.0 9.0 9.0 9.0 9.0 9.0 9.0 9.0 9.0 9.0 9.0 9.0 9.0 9.0 9.0 9.0 10.0 10.0 
1108447 1981 7 30 82 10.0 10.0 10.0 10.0 10.0 10.0 10.0 10.0 10.0 10.0 10.0 10.0 10.0 10.0 9.0 8.0 8.0 6.0 9.0 9.0 8.0 9.0 8.0 6.0 
1108447 1981 7 31 82 7.0 7.0 6.0 7.0 8.0 9.0 9.0 9.0 9.0 8.0 9.0 9.0 6.0 3.0 2.0 2.0 7.0 9.0 9.0 9.0 8.0 8.0 8.0 5.0 
1108447 1981 8 1 82 7.0 8.0 9.0 3.0 2.0 0.0 1.0 2.0 6.0 9.0 8.0 4.0 2.0 1.0 5.0 5.0 4.0 2.0 1.0 0.0 0.0 0.0 0.0 0.0 
1108447 1981 8 2 82 0.0 0.0 0.0 0.0 0.0 1.0 5.0 3.0 7.0 2.0 0.0 0.0 1.0 2.0 6.0 6.0 6.0 4.0 6.0 8.0 8.0 8.0 7.0 8.0 
1108447 1981 8 3 82 8.0 4.0 4.0 7.0 9.0 9.0 6.0 5.0 10.0 9.0 9.0 7.0 2.0 3.0 1.0 2.0 2.0 2.0 2.0 3.0 3.0 3.0 1.0 1.0 
1108447 1981 8 4 82 1.0 1.0 0.0 0.0 1.0 2.0 3.0 3.0 3.0 3.0 6.0 9.0 9.0 6.0 5.0 5.0 5.0 6.0 7.0 8.0 7.0 7.0 6.0 5.0 
1108447 1981 8 5 82 7.0 5.0 5.0 5.0 3.0 7.0 7.0 3.0 1.0 2.0 2.0 2.0 2.0 3.0 1.0 1.0 1.0 1.0 2.0 2.0 2.0 1.0 1.0 1.0 
1108447 1981 8 6 82 1.0 0.0 0.0 0.0 0.0 0.0 0.0 0.0 0.0 0.0 0.0 0.0 0.0 0.0 0.0 4.0 3.0 6.0 6.0 3.0 2.0 7.0 8.0 0.0 
1108447 1981 8 7 82 0.0 0.0 0.0 0.0 0.0 0.0 0.0 0.0 1.0 1.0 1.0 0.0 0.0 0.0 0.0 8.0 6.0 7.0 7.0 3.0 2.0 1.0 2.0 2.0 
1108447 1981 8 8 82 2.0 3.0 1.0 1.0 0.0 1.0 1.0 1.0 0.0 0.0 0.0 0.0 0.0 0.0 0.0 0.0 0.0 0.0 0.0 0.0 0.0 0.0 0.0 0.0 
1108447 1981 8 9 82 0.0 0.0 0.0 0.0 0.0 0.0 0.0 0.0 0.0 0.0 0.0 0.0 0.0 0.0 0.0 0.0 0.0 0.0 0.0 0.0 0.0 0.0 0.0 0.0 
1108447 1981 8 10 82 0.0 0.0 0.0 0.0 0.0 0.0 0.0 0.0 0.0 0.0 0.0 1.0 0.0 0.0 0.0 0.0 0.0 0.0 0.0 0.0 0.0 0.0 0.0 0.0 
1108447 1981 8 11 82 0.0 0.0 0.0 0.0 0.0 0.0 0.0 0.0 0.0 0.0 0.0 0.0 0.0 0.0 0.0 0.0 0.0 2.0 1.0 1.0 4.0 2.0 0.0 1.0 
1108447 1981 8 12 82 1.0 1.0 0.0 0.0 1.0 1.0 1.0 0.0 0.0 0.0 0.0 0.0 0.0 0.0 0.0 0.0 0.0 0.0 0.0 0.0 0.0 0.0 0.0 0.0 
1108447 1981 8 13 82 0.0 0.0 0.0 0.0 0.0 0.0 0.0 0.0 0.0 0.0 0.0 0.0 0.0 0.0 0.0 0.0 1.0 1.0 1.0 1.0 1.0 1.0 0.0 0.0 
1108447 1981 8 14 82 0.0 0.0 0.0 0.0 0.0 0.0 0.0 0.0 0.0 0.0 0.0 0.0 0.0 0.0 0.0 1.0 3.0 3.0 3.0 5.0 5.0 5.0 4.0 1.0 
1108447 1981 8 15 82 0.0 0.0 2.0 5.0 9.0 10.0 10.0 10.0 7.0 6.0 3.0 4.0 4.0 4.0 2.0 0.0 0.0 0.0 0.0 0.0 0.0 0.0 0.0 0.0 
1108447 1981 8 16 82 1.0 1.0 1.0 0.0 0.0 0.0 1.0 2.0 2.0 1.0 1.0 1.0 2.0 2.0 2.0 2.0 3.0 6.0 8.0 8.0 7.0 6.0 2.0 1.0 
1108447 1981 8 17 82 0.0 0.0 0.0 0.0 0.0 1.0 1.0 1.0 1.0 0.0 1.0 1.0 1.0 3.0 6.0 6.0 8.0 9.0 8.0 4.0 3.0 3.0 2.0 2.0 
1108447 1981 8 18 82 2.0 2.0 2.0 3.0 5.0 4.0 4.0 2.0 1.0 0.0 0.0 1.0 3.0 5.0 6.0 4.0 3.0 3.0 3.0 3.0 2.0 1.0 1.0 3.0 
1108447 1981 8 19 82 1.0 3.0 2.0 5.0 10.0 10.0 9.0 10.0 10.0 10.0 9.0 9.0 9.0 9.0 9.0 9.0 8.0 8.0 7.0 9.0 10.0 10.0 10.0 10.0 
1108447 1981 8 20 82 10.0 10.0 10.0 10.0 10.0 10.0 10.0 9.0 9.0 9.0 10.0 10.0 10.0 10.0 10.0 10.0 9.0 9.0 9.0 8.0 7.0 5.0 5.0 5.0 
1108447 1981 8 21 82 5.0 5.0 4.0 4.0 3.0 2.0 3.0 1.0 2.0 4.0 8.0 5.0 2.0 2.0 7.0 9.0 9.0 10.0 9.0 9.0 9.0 9.0 6.0 6.0 
1108447 1981 8 22 82 8.0 7.0 8.0 7.0 8.0 9.0 9.0 9.0 9.0 8.0 4.0 4.0 8.0 9.0 9.0 9.0 9.0 6.0 3.0 5.0 3.0 3.0 7.0 9.0 
1108447 1981 8 23 82 9.0 9.0 9.0 9.0 1.0 2.0 2.0 3.0 2.0 2.0 4.0 2.0 2.0 2.0 2.0 7.0 8.0 8.0 9.0 10.0 10.0 10.0 10.0 10.0 
1108447 1981 8 24 82 10.0 10.0 10.0 10.0 10.0 10.0 10.0 10.0 10.0 10.0 10.0 9.0 9.0 9.0 9.0 9.0 9.0 7.0 6.0 9.0 10.0 7.0 9.0 5.0 
1108447 1981 8 25 82 9.0 10.0 10.0 10.0 10.0 10.0 10.0 10.0 10.0 9.0 9.0 9.0 8.0 8.0 4.0 3.0 7.0 6.0 5.0 2.0 1.0 0.0 0.0 1.0 
1108447 1981 8 26 82 1.0 1.0 0.0 0.0 1.0 1.0 2.0 1.0 4.0 4.0 7.0 9.0 6.0 5.0 5.0 5.0 5.0 5.0 8.0 9.0 9.0 5.0 7.0 7.0 
1108447 1981 8 27 82 8.0 7.0 4.0 5.0 5.0 8.0 9.0 9.0 5.0 4.0 8.0 7.0 9.0 9.0 8.0 7.0 7.0 8.0 9.0 8.0 7.0 4.0 5.0 6.0 
1108447 1981 8 28 82 8.0 5.0 1.0 3.0 3.0 9.0 9.0 7.0 6.0 8.0 9.0 9.0 8.0 8.0 9.0 9.0 9.0 9.0 9.0 10.0 10.0 10.0 10.0 10.0 
1108447 1981 8 29 82 10.0 9.0 10.0 10.0 10.0 10.0 10.0 9.0 7.0 8.0 9.0 9.0 9.0 9.0 8.0 8.0 8.0 5.0 6.0 10.0 9.0 9.0 8.0 8.0 
1108447 1981 8 30 82 6.0 4.0 3.0 3.0 4.0 3.0 9.0 6.0 9.0 9.0 7.0 2.0 1.0 1.0 1.0 1.0 3.0 3.0 3.0 5.0 3.0 8.0 4.0 6.0 
1108447 1981 8 31 82 8.0 4.0 3.0 7.0 5.0 6.0 8.0 10.0 10.0 10.0 10.0 10.0 10.0 10.0 10.0 10.0 10.0 10.0 10.0 10.0 10.0 10.0 10.0 10.0 
1108447 1981 9 1 82 10.0 7.0 9.0 9.0 9.0 10.0 8.0 9.0 9.0 9.0 9.0 9.0 7.0 9.0 5.0 9.0 9.0 9.0 9.0 9.0 9.0 10.0 9.0 10.0 
1108447 1981 9 2 82 9.0 7.0 6.0 8.0 8.0 7.0 8.0 7.0 4.0 9.0 9.0 9.0 9.0 6.0 5.0 8.0 9.0 9.0 10.0 9.0 9.0 5.0 6.0 4.0 
1108447 1981 9 3 82 1.0 1.0 0.0 0.0 0.0 2.0 2.0 3.0 3.0 6.0 8.0 8.0 9.0 9.0 9.0 10.0 10.0 10.0 10.0 10.0 10.0 10.0 10.0 10.0 
1108447 1981 9 4 82 10.0 10.0 10.0 10.0 10.0 10.0 10.0 10.0 10.0 10.0 10.0 10.0 10.0 10.0 10.0 10.0 10.0 9.0 9.0 7.0 8.0 8.0 9.0 8.0 
1108447 1981 9 5 82 5.0 9.0 9.0 10.0 10.0 10.0 10.0 10.0 10.0 10.0 10.0 10.0 8.0 9.0 9.0 7.0 7.0 3.0 3.0 3.0 1.0 0.0 0.0 0.0 
1108447 1981 9 6 82 0.0 0.0 0.0 0.0 0.0 0.0 0.0 0.0 0.0 0.0 0.0 0.0 0.0 0.0 0.0 0.0 0.0 0.0 0.0 0.0 0.0 0.0 0.0 0.0 
1108447 1981 9 7 82 0.0 0.0 0.0 0.0 0.0 0.0 0.0 0.0 0.0 0.0 0.0 0.0 0.0 0.0 0.0 0.0 0.0 0.0 0.0 0.0 0.0 0.0 0.0 0.0 
1108447 1981 9 8 82 0.0 0.0 0.0 0.0 0.0 0.0 0.0 0.0 0.0 0.0 0.0 0.0 0.0 0.0 0.0 0.0 0.0 0.0 0.0 0.0 0.0 0.0 0.0 0.0 
1108447 1981 9 9 82 0.0 0.0 0.0 0.0 0.0 4.0 7.0 8.0 9.0 9.0 10.0 10.0 10.0 10.0 10.0 10.0 10.0 9.0 9.0 4.0 4.0 3.0 9.0 4.0 
1108447 1981 9 10 82 5.0 8.0 10.0 10.0 10.0 10.0 10.0 10.0 9.0 9.0 4.0 3.0 7.0 2.0 5.0 4.0 5.0 5.0 3.0 2.0 1.0 0.0 0.0 0.0 
1108447 1981 9 11 82 0.0 0.0 0.0 8.0 9.0 10.0 3.0 9.0 9.0 9.0 9.0 7.0 4.0 5.0 7.0 8.0 8.0 8.0 5.0 4.0 6.0 6.0 8.0 2.0 
1108447 1981 9 12 82 1.0 1.0 1.0 1.0 0.0 2.0 4.0 4.0 4.0 3.0 3.0 3.0 3.0 4.0 2.0 1.0 4.0 3.0 6.0 9.0 9.0 9.0 9.0 8.0 
1108447 1981 9 13 82 8.0 8.0 5.0 4.0 9.0 9.0 10.0 10.0 8.0 3.0 8.0 8.0 5.0 5.0 3.0 4.0 4.0 2.0 2.0 2.0 2.0 2.0 2.0 3.0 
1108447 1981 9 14 82 3.0 2.0 4.0 3.0 3.0 2.0 4.0 5.0 4.0 3.0 3.0 3.0 5.0 6.0 3.0 3.0 2.0 3.0 3.0 4.0 3.0 3.0 3.0 3.0 
1108447 1981 9 15 82 2.0 1.0 0.0 0.0 0.0 0.0 0.0 0.0 2.0 3.0 4.0 0.0 0.0 0.0 0.0 1.0 2.0 2.0 2.0 2.0 0.0 0.0 0.0 0.0 
1108447 1981 9 16 82 0.0 0.0 0.0 0.0 0.0 0.0 1.0 1.0 1.0 1.0 1.0 6.0 4.0 4.0 7.0 7.0 7.0 7.0 4.0 5.0 4.0 4.0 4.0 6.0 
1108447 1981 9 17 82 5.0 5.0 6.0 7.0 5.0 3.0 2.0 3.0 4.0 5.0 8.0 8.0 8.0 8.0 7.0 7.0 7.0 10.0 9.0 8.0 8.0 10.0 10.0 7.0 
1108447 1981 9 18 82 9.0 6.0 7.0 8.0 9.0 6.0 8.0 9.0 8.0 9.0 9.0 9.0 9.0 10.0 10.0 10.0 10.0 10.0 10.0 9.0 10.0 10.0 10.0 10.0 
1108447 1981 9 19 82 9.0 9.0 7.0 2.0 2.0 1.0 3.0 4.0 9.0 9.0 9.0 4.0 3.0 6.0 3.0 4.0 5.0 5.0 5.0 5.0 5.0 2.0 3.0 5.0 
1108447 1981 9 20 82 8.0 10.0 10.0 10.0 10.0 10.0 10.0 10.0 10.0 10.0 10.0 10.0 10.0 10.0 10.0 8.0 10.0 10.0 10.0 9.0 10.0 6.0 9.0 7.0 
1108447 1981 9 21 82 10.0 10.0 10.0 10.0 10.0 10.0 10.0 9.0 10.0 9.0 9.0 9.0 9.0 9.0 9.0 10.0 10.0 10.0 10.0 10.0 9.0 10.0 10.0 10.0 
1108447 1981 9 22 82 10.0 10.0 10.0 10.0 10.0 10.0 10.0 9.0 9.0 9.0 9.0 9.0 9.0 6.0 4.0 6.0 8.0 8.0 7.0 7.0 6.0 4.0 3.0 5.0 
1108447 1981 9 23 82 8.0 8.0 8.0 6.0 8.0 9.0 8.0 9.0 9.0 9.0 9.0 9.0 10.0 9.0 9.0 7.0 7.0 7.0 7.0 6.0 7.0 7.0 9.0 10.0 
1108447 1981 9 24 82 10.0 9.0 9.0 7.0 8.0 9.0 9.0 9.0 9.0 10.0 9.0 8.0 9.0 9.0 7.0 6.0 6.0 4.0 2.0 1.0 1.0 0.0 0.0 0.0 
1108447 1981 9 25 82 0.0 0.0 0.0 0.0 2.0 2.0 5.0 5.0 8.0 4.0 6.0 6.0 6.0 5.0 2.0 1.0 2.0 2.0 2.0 1.0 0.0 1.0 0.0 0.0 
1108447 1981 9 26 82 1.0 3.0 1.0 7.0 8.0 9.0 1.0 1.0 1.0 0.0 1.0 1.0 6.0 7.0 9.0 9.0 10.0 10.0 10.0 10.0 10.0 10.0 10.0 10.0 
1108447 1981 9 27 82 10.0 10.0 10.0 10.0 9.0 9.0 10.0 10.0 10.0 10.0 10.0 10.0 10.0 10.0 10.0 9.0 9.0 9.0 10.0 9.0 10.0 8.0 5.0 1.0 
1108447 1981 9 28 82 8.0 10.0 10.0 10.0 10.0 10.0 10.0 9.0 9.0 9.0 9.0 9.0 9.0 9.0 8.0 7.0 6.0 7.0 8.0 5.0 4.0 3.0 4.0 1.0 
1108447 1981 9 29 82 1.0 1.0 1.0 2.0 2.0 3.0 9.0 10.0 9.0 9.0 7.0 8.0 8.0 8.0 8.0 9.0 10.0 10.0 10.0 10.0 10.0 10.0 10.0 10.0 
1108447 1981 9 30 82 10.0 10.0 10.0 10.0 10.0 10.0 10.0 10.0 10.0 10.0 10.0 10.0 9.0 10.0 10.0 10.0 10.0 9.0 9.0 9.0 10.0 9.0 9.0 10.0 
1108447 1981 10 1 82 9.0 10.0 10.0 10.0 10.0 10.0 10.0 10.0 10.0 10.0 10.0 10.0 10.0 10.0 10.0 10.0 9.0 9.0 9.0 9.0 9.0 7.0 3.0 5.0 
1108447 1981 10 2 82 3.0 4.0 4.0 3.0 5.0 3.0 6.0 8.0 2.0 2.0 2.0 2.0 2.0 3.0 6.0 7.0 8.0 9.0 9.0 9.0 9.0 8.0 5.0 8.0 
1108447 1981 10 3 82 9.0 9.0 9.0 9.0 9.0 9.0 10.0 8.0 9.0 9.0 8.0 9.0 9.0 9.0 7.0 5.0 3.0 3.0 1.0 3.0 7.0 9.0 8.0 9.0 
1108447 1981 10 4 82 9.0 9.0 9.0 9.0 9.0 8.0 8.0 8.0 8.0 9.0 9.0 6.0 5.0 5.0 7.0 2.0 2.0 1.0 2.0 0.0 1.0 1.0 1.0 1.0 
1108447 1981 10 5 82 4.0 2.0 1.0 1.0 5.0 8.0 10.0 10.0 10.0 10.0 10.0 10.0 10.0 10.0 10.0 10.0 10.0 10.0 10.0 10.0 10.0 10.0 10.0 10.0 
1108447 1981 10 6 82 10.0 10.0 9.0 9.0 10.0 10.0 10.0 10.0 10.0 10.0 10.0 10.0 10.0 10.0 10.0 10.0 10.0 10.0 10.0 10.0 10.0 10.0 9.0 10.0 
1108447 1981 10 7 82 4.0 9.0 10.0 10.0 10.0 10.0 10.0 10.0 9.0 9.0 9.0 9.0 9.0 9.0 9.0 9.0 9.0 9.0 10.0 10.0 10.0 10.0 10.0 10.0 
1108447 1981 10 8 82 10.0 9.0 9.0 10.0 10.0 10.0 10.0 8.0 9.0 9.0 9.0 9.0 10.0 10.0 10.0 10.0 10.0 9.0 9.0 9.0 4.0 4.0 1.0 2.0 
1108447 1981 10 9 82 5.0 8.0 9.0 9.0 10.0 10.0 10.0 9.0 9.0 9.0 9.0 9.0 8.0 8.0 8.0 9.0 9.0 9.0 10.0 9.0 9.0 9.0 8.0 9.0 
1108447 1981 10 10 82 9.0 7.0 6.0 4.0 5.0 6.0 5.0 7.0 5.0 7.0 9.0 8.0 7.0 5.0 3.0 1.0 1.0 0.0 0.0 0.0 0.0 0.0 0.0 0.0 
1108447 1981 10 11 82 1.0 1.0 1.0 1.0 1.0 0.0 3.0 3.0 5.0 3.0 1.0 1.0 1.0 1.0 1.0 3.0 7.0 7.0 7.0 8.0 8.0 4.0 1.0 1.0 
1108447 1981 10 12 82 0.0 0.0 0.0 0.0 0.0 0.0 0.0 1.0 0.0 4.0 4.0 2.0 0.0 2.0 2.0 2.0 5.0 2.0 3.0 2.0 2.0 2.0 2.0 1.0 
1108447 1981 10 13 82 0.0 0.0 2.0 3.0 9.0 9.0 9.0 9.0 9.0 9.0 9.0 8.0 7.0 6.0 4.0 3.0 3.0 2.0 1.0 0.0 0.0 0.0 0.0 0.0 
1108447 1981 10 14 82 0.0 0.0 0.0 2.0 1.0 2.0 1.0 6.0 1.0 0.0 0.0 0.0 10.0 9.0 0.0 0.0 0.0 0.0 3.0 7.0 8.0 5.0 0.0 0.0 
1108447 1981 10 15 82 2.0 2.0 2.0 3.0 2.0 3.0 5.0 9.0 10.0 10.0 10.0 10.0 10.0 10.0 9.0 9.0 10.0 9.0 9.0 9.0 9.0 9.0 9.0 10.0 
1108447 1981 10 16 82 10.0 10.0 10.0 10.0 10.0 10.0 10.0 10.0 10.0 10.0 10.0 10.0 10.0 10.0 10.0 10.0 10.0 10.0 10.0 10.0 10.0 10.0 10.0 10.0 
1108447 1981 10 17 82 10.0 10.0 10.0 10.0 10.0 10.0 10.0 8.0 4.0 4.0 3.0 3.0 4.0 3.0 3.0 0.0 0.0 0.0 0.0 0.0 0.0 1.0 1.0 0.0 
1108447 1981 10 18 82 0.0 2.0 10.0 10.0 10.0 10.0 10.0 10.0 10.0 10.0 10.0 10.0 10.0 10.0 10.0 10.0 10.0 10.0 10.0 10.0 10.0 10.0 10.0 10.0 
1108447 1981 10 19 82 10.0 10.0 10.0 10.0 10.0 10.0 10.0 10.0 10.0 10.0 10.0 10.0 9.0 9.0 8.0 7.0 6.0 5.0 5.0 3.0 2.0 3.0 3.0 4.0 
1108447 1981 10 20 82 10.0 8.0 2.0 0.0 1.0 4.0 3.0 1.0 1.0 4.0 4.0 2.0 1.0 0.0 0.0 0.0 0.0 0.0 0.0 0.0 0.0 0.0 0.0 0.0 
1108447 1981 10 21 82 0.0 0.0 0.0 0.0 0.0 0.0 0.0 0.0 0.0 0.0 0.0 0.0 0.0 0.0 1.0 1.0 1.0 1.0 1.0 0.0 0.0 0.0 0.0 0.0 
1108447 1981 10 22 82 0.0 0.0 0.0 0.0 0.0 0.0 0.0 4.0 7.0 7.0 7.0 5.0 5.0 7.0 7.0 8.0 9.0 10.0 10.0 10.0 10.0 10.0 9.0 8.0 
1108447 1981 10 23 82 7.0 9.0 5.0 3.0 5.0 4.0 5.0 9.0 10.0 10.0 10.0 10.0 9.0 2.0 3.0 7.0 8.0 9.0 9.0 10.0 7.0 8.0 10.0 6.0 
1108447 1981 10 24 82 8.0 6.0 8.0 9.0 7.0 7.0 6.0 6.0 6.0 6.0 3.0 3.0 5.0 9.0 10.0 10.0 9.0 8.0 10.0 10.0 10.0 10.0 10.0 10.0 
1108447 1981 10 25 82 10.0 10.0 10.0 10.0 10.0 9.0 9.0 10.0 10.0 10.0 10.0 10.0 10.0 10.0 10.0 10.0 10.0 9.0 9.0 10.0 10.0 9.0 10.0 9.0 
1108447 1981 10 26 82 8.0 7.0 9.0 9.0 10.0 10.0 10.0 10.0 10.0 10.0 10.0 9.0 10.0 10.0 10.0 10.0 10.0 10.0 10.0 10.0 10.0 9.0 10.0 10.0 
1108447 1981 10 27 82 10.0 10.0 10.0 10.0 10.0 10.0 10.0 10.0 10.0 10.0 10.0 10.0 10.0 10.0 10.0 10.0 9.0 10.0 10.0 10.0 10.0 10.0 10.0 10.0 
1108447 1981 10 28 82 10.0 10.0 10.0 10.0 10.0 10.0 10.0 9.0 9.0 9.0 9.0 10.0 9.0 9.0 9.0 10.0 10.0 10.0 10.0 10.0 10.0 10.0 10.0 9.0 
1108447 1981 10 29 82 9.0 9.0 9.0 10.0 8.0 10.0 10.0 9.0 7.0 8.0 9.0 6.0 6.0 8.0 6.0 6.0 8.0 6.0 3.0 3.0 3.0 4.0 3.0 2.0 
1108447 1981 10 30 82 0.0 7.0 9.0 10.0 10.0 10.0 10.0 10.0 10.0 10.0 10.0 10.0 10.0 10.0 10.0 10.0 10.0 10.0 10.0 10.0 10.0 10.0 10.0 10.0 
1108447 1981 10 31 82 10.0 10.0 10.0 10.0 10.0 10.0 10.0 10.0 10.0 10.0 10.0 10.0 10.0 10.0 10.0 10.0 10.0 10.0 10.0 10.0 10.0 10.0 10.0 10.0 
1108447 1981 11 1 82 10.0 10.0 10.0 10.0 10.0 10.0 10.0 10.0 9.0 10.0 9.0 9.0 9.0 9.0 9.0 9.0 9.0 9.0 9.0 9.0 9.0 9.0 9.0 9.0 
1108447 1981 11 2 82 9.0 9.0 8.0 5.0 4.0 3.0 4.0 8.0 9.0 7.0 8.0 6.0 7.0 6.0 7.0 7.0 8.0 8.0 9.0 9.0 9.0 9.0 9.0 8.0 
1108447 1981 11 3 82 10.0 10.0 10.0 9.0 10.0 10.0 10.0 9.0 3.0 1.0 4.0 6.0 2.0 5.0 3.0 3.0 5.0 3.0 2.0 1.0 1.0 0.0 0.0 0.0 
1108447 1981 11 4 82 0.0 0.0 2.0 1.0 2.0 2.0 2.0 1.0 2.0 2.0 5.0 4.0 4.0 3.0 4.0 2.0 2.0 2.0 2.0 1.0 0.0 0.0 0.0 0.0 
1108447 1981 11 5 82 0.0 0.0 0.0 0.0 0.0 0.0 2.0 1.0 4.0 1.0 1.0 0.0 0.0 0.0 1.0 1.0 1.0 1.0 0.0 0.0 0.0 0.0 0.0 0.0 
1108447 1981 11 6 82 0.0 6.0 6.0 7.0 8.0 5.0 5.0 7.0 9.0 8.0 7.0 9.0 8.0 9.0 9.0 9.0 8.0 9.0 9.0 8.0 9.0 9.0 8.0 9.0 
1108447 1981 11 7 82 8.0 5.0 7.0 4.0 9.0 9.0 9.0 10.0 10.0 10.0 10.0 10.0 9.0 9.0 9.0 8.0 10.0 10.0 9.0 9.0 9.0 9.0 9.0 9.0 
1108447 1981 11 8 82 9.0 9.0 8.0 4.0 2.0 2.0 1.0 7.0 9.0 9.0 10.0 9.0 9.0 10.0 10.0 10.0 10.0 10.0 10.0 9.0 8.0 2.0 1.0 1.0 
1108447 1981 11 9 82 1.0 1.0 1.0 8.0 1.0 1.0 1.0 4.0 6.0 4.0 3.0 3.0 4.0 5.0 5.0 8.0 8.0 5.0 5.0 7.0 6.0 6.0 7.0 9.0 
1108447 1981 11 10 82 7.0 8.0 5.0 4.0 5.0 8.0 6.0 6.0 10.0 9.0 9.0 9.0 10.0 10.0 10.0 10.0 10.0 10.0 10.0 10.0 9.0 9.0 10.0 10.0 
1108447 1981 11 11 82 10.0 10.0 10.0 10.0 10.0 10.0 10.0 10.0 10.0 10.0 10.0 10.0 10.0 10.0 10.0 10.0 9.0 9.0 10.0 10.0 10.0 10.0 10.0 10.0 
1108447 1981 11 12 82 10.0 10.0 10.0 10.0 10.0 10.0 8.0 5.0 8.0 9.0 9.0 9.0 9.0 7.0 8.0 6.0 7.0 9.0 8.0 6.0 8.0 9.0 9.0 8.0 
1108447 1981 11 13 82 10.0 10.0 10.0 10.0 8.0 8.0 9.0 10.0 10.0 9.0 9.0 9.0 9.0 9.0 9.0 9.0 9.0 10.0 10.0 10.0 10.0 10.0 10.0 10.0 
1108447 1981 11 14 82 10.0 10.0 10.0 10.0 9.0 9.0 10.0 10.0 10.0 10.0 10.0 10.0 10.0 10.0 9.0 9.0 9.0 9.0 9.0 9.0 9.0 7.0 9.0 9.0 
1108447 1981 11 15 82 7.0 7.0 8.0 9.0 9.0 7.0 8.0 8.0 9.0 9.0 10.0 10.0 10.0 10.0 10.0 10.0 10.0 10.0 10.0 10.0 9.0 9.0 9.0 10.0 
1108447 1981 11 16 82 5.0 5.0 5.0 7.0 9.0 7.0 8.0 9.0 9.0 7.0 5.0 6.0 6.0 8.0 6.0 9.0 10.0 9.0 6.0 5.0 5.0 7.0 9.0 10.0 
1108447 1981 11 17 82 10.0 10.0 10.0 10.0 10.0 10.0 10.0 10.0 10.0 10.0 10.0 10.0 10.0 10.0 10.0 10.0 10.0 10.0 10.0 10.0 10.0 10.0 10.0 10.0 
1108447 1981 11 18 82 10.0 10.0 10.0 9.0 10.0 10.0 10.0 8.0 9.0 8.0 8.0 6.0 8.0 9.0 9.0 10.0 10.0 10.0 9.0 9.0 9.0 10.0 10.0 10.0 
1108447 1981 11 19 82 10.0 10.0 10.0 10.0 10.0 10.0 10.0 10.0 10.0 10.0 10.0 10.0 10.0 10.0 10.0 10.0 10.0 10.0 10.0 10.0 10.0 10.0 9.0 10.0 
1108447 1981 11 20 82 10.0 10.0 10.0 10.0 10.0 10.0 10.0 10.0 10.0 10.0 9.0 10.0 9.0 9.0 9.0 10.0 10.0 9.0 10.0 10.0 10.0 10.0 10.0 10.0 
1108447 1981 11 21 82 10.0 10.0 10.0 10.0 10.0 10.0 10.0 10.0 10.0 9.0 9.0 8.0 9.0 9.0 9.0 10.0 10.0 9.0 10.0 8.0 8.0 9.0 10.0 10.0 
1108447 1981 11 22 82 5.0 9.0 9.0 10.0 10.0 10.0 10.0 10.0 9.0 10.0 9.0 9.0 10.0 10.0 10.0 10.0 10.0 10.0 10.0 10.0 10.0 10.0 10.0 10.0 
1108447 1981 11 23 82 10.0 10.0 10.0 10.0 10.0 9.0 10.0 10.0 10.0 10.0 10.0 10.0 10.0 10.0 10.0 10.0 9.0 10.0 10.0 9.0 9.0 9.0 10.0 8.0 
1108447 1981 11 24 82 8.0 6.0 9.0 10.0 10.0 9.0 8.0 5.0 4.0 2.0 2.0 2.0 1.0 1.0 2.0 2.0 2.0 2.0 3.0 5.0 8.0 9.0 10.0 10.0 
1108447 1981 11 25 82 10.0 10.0 10.0 10.0 10.0 10.0 10.0 10.0 10.0 10.0 10.0 10.0 10.0 10.0 10.0 10.0 10.0 10.0 10.0 10.0 5.0 5.0 3.0 3.0 
1108447 1981 11 26 82 2.0 1.0 3.0 4.0 6.0 7.0 8.0 9.0 9.0 9.0 9.0 9.0 9.0 9.0 9.0 4.0 3.0 5.0 2.0 0.0 0.0 1.0 6.0 3.0 
1108447 1981 11 27 82 6.0 6.0 7.0 6.0 2.0 1.0 1.0 1.0 1.0 1.0 1.0 1.0 1.0 1.0 1.0 6.0 3.0 2.0 0.0 0.0 0.0 0.0 0.0 0.0 
1108447 1981 11 28 82 2.0 2.0 1.0 2.0 4.0 8.0 8.0 9.0 9.0 9.0 10.0 10.0 10.0 9.0 10.0 9.0 10.0 10.0 10.0 10.0 10.0 10.0 10.0 10.0 
1108447 1981 11 29 82 10.0 10.0 10.0 10.0 10.0 10.0 10.0 10.0 10.0 9.0 5.0 8.0 7.0 8.0 5.0 9.0 9.0 9.0 10.0 10.0 10.0 10.0 10.0 7.0 
1108447 1981 11 30 82 3.0 9.0 9.0 4.0 9.0 8.0 10.0 10.0 10.0 10.0 10.0 10.0 10.0 10.0 10.0 10.0 10.0 10.0 10.0 10.0 10.0 10.0 10.0 10.0 
1108447 1981 12 1 82 2.0 3.0 1.0 1.0 5.0 4.0 3.0 1.0 5.0 8.0 9.0 10.0 10.0 10.0 10.0 10.0 10.0 10.0 10.0 10.0 10.0 10.0 10.0 10.0 
1108447 1981 12 2 82 10.0 10.0 10.0 10.0 1.0 3.0 1.0 3.0 5.0 4.0 2.0 2.0 2.0 2.0 2.0 2.0 1.0 1.0 1.0 1.0 0.0 0.0 0.0 1.0 
1108447 1981 12 3 82 1.0 5.0 8.0 10.0 10.0 6.0 7.0 9.0 9.0 10.0 10.0 10.0 10.0 9.0 10.0 9.0 10.0 9.0 7.0 8.0 8.0 5.0 5.0 3.0 
1108447 1981 12 4 82 6.0 7.0 7.0 7.0 10.0 7.0 7.0 9.0 9.0 9.0 10.0 10.0 10.0 10.0 10.0 10.0 10.0 10.0 10.0 10.0 10.0 10.0 10.0 10.0 
1108447 1981 12 5 82 10.0 9.0 10.0 9.0 10.0 10.0 10.0 9.0 4.0 3.0 10.0 9.0 8.0 9.0 6.0 3.0 2.0 3.0 9.0 10.0 10.0 10.0 10.0 10.0 
1108447 1981 12 6 82 9.0 10.0 9.0 9.0 9.0 8.0 8.0 9.0 3.0 7.0 5.0 7.0 6.0 7.0 8.0 8.0 9.0 10.0 10.0 10.0 10.0 10.0 10.0 10.0 
1108447 1981 12 7 82 10.0 10.0 10.0 10.0 10.0 10.0 10.0 10.0 9.0 8.0 4.0 1.0 4.0 9.0 9.0 9.0 8.0 9.0 8.0 1.0 2.0 4.0 8.0 4.0 
1108447 1981 12 8 82 5.0 9.0 5.0 9.0 4.0 1.0 2.0 8.0 10.0 10.0 10.0 9.0 10.0 10.0 10.0 10.0 10.0 10.0 10.0 10.0 10.0 10.0 10.0 10.0 
1108447 1981 12 9 82 10.0 10.0 10.0 10.0 10.0 10.0 10.0 10.0 10.0 10.0 10.0 10.0 10.0 10.0 10.0 10.0 10.0 10.0 10.0 10.0 10.0 9.0 10.0 10.0 
1108447 1981 12 10 82 10.0 10.0 10.0 10.0 10.0 10.0 10.0 10.0 9.0 9.0 9.0 9.0 9.0 8.0 8.0 6.0 8.0 9.0 9.0 2.0 3.0 2.0 3.0 1.0 
1108447 1981 12 11 82 0.0 0.0 0.0 4.0 5.0 8.0 9.0 9.0 9.0 10.0 9.0 8.0 8.0 6.0 6.0 4.0 3.0 1.0 1.0 1.0 1.0 1.0 1.0 1.0 
1108447 1981 12 12 82 0.0 0.0 0.0 0.0 0.0 0.0 0.0 1.0 1.0 0.0 0.0 1.0 1.0 2.0 2.0 2.0 2.0 2.0 1.0 0.0 0.0 0.0 0.0 0.0 
1108447 1981 12 13 82 0.0 0.0 2.0 3.0 5.0 7.0 7.0 8.0 10.0 10.0 10.0 10.0 10.0 9.0 10.0 10.0 10.0 10.0 10.0 10.0 10.0 10.0 9.0 3.0 
1108447 1981 12 14 82 8.0 9.0 9.0 9.0 9.0 8.0 8.0 6.0 8.0 8.0 8.0 9.0 8.0 9.0 8.0 9.0 10.0 10.0 10.0 10.0 10.0 10.0 10.0 10.0 
1108447 1981 12 15 82 10.0 10.0 10.0 10.0 10.0 10.0 10.0 10.0 10.0 10.0 10.0 10.0 10.0 10.0 9.0 8.0 8.0 7.0 4.0 9.0 9.0 8.0 8.0 9.0 
1108447 1981 12 16 82 7.0 7.0 9.0 8.0 6.0 8.0 8.0 4.0 9.0 9.0 10.0 9.0 9.0 8.0 8.0 8.0 10.0 8.0 3.0 7.0 7.0 5.0 5.0 8.0 
1108447 1981 12 17 82 8.0 8.0 8.0 8.0 7.0 8.0 7.0 6.0 8.0 7.0 7.0 9.0 10.0 10.0 9.0 9.0 10.0 9.0 10.0 10.0 10.0 10.0 10.0 10.0 
1108447 1981 12 18 82 9.0 10.0 10.0 10.0 10.0 10.0 10.0 10.0 10.0 10.0 10.0 10.0 10.0 10.0 10.0 9.0 10.0 10.0 9.0 9.0 10.0 10.0 10.0 10.0 
1108447 1981 12 19 82 10.0 10.0 10.0 10.0 7.0 4.0 7.0 2.0 3.0 10.0 10.0 10.0 8.0 8.0 8.0 7.0 9.0 7.0 6.0 2.0 5.0 8.0 5.0 1.0 
1108447 1981 12 20 82 0.0 6.0 3.0 2.0 5.0 7.0 4.0 3.0 9.0 8.0 8.0 8.0 9.0 9.0 10.0 9.0 10.0 10.0 10.0 10.0 10.0 7.0 5.0 5.0 
1108447 1981 12 21 82 9.0 10.0 10.0 5.0 7.0 5.0 6.0 8.0 4.0 4.0 2.0 1.0 1.0 1.0 1.0 1.0 1.0 1.0 1.0 1.0 1.0 1.0 3.0 2.0 
1108447 1981 12 22 82 4.0 10.0 5.0 4.0 5.0 6.0 9.0 9.0 10.0 10.0 10.0 10.0 10.0 9.0 10.0 10.0 10.0 10.0 10.0 10.0 10.0 10.0 10.0 10.0 
1108447 1981 12 23 82 10.0 10.0 10.0 10.0 10.0 10.0 10.0 10.0 10.0 10.0 10.0 10.0 10.0 10.0 10.0 10.0 10.0 10.0 10.0 10.0 10.0 10.0 10.0 10.0 
1108447 1981 12 24 82 10.0 10.0 10.0 10.0 10.0 10.0 10.0 10.0 10.0 10.0 10.0 10.0 10.0 10.0 10.0 10.0 8.0 10.0 10.0 9.0 5.0 8.0 1.0 1.0 
1108447 1981 12 25 82 1.0 4.0 1.0 0.0 0.0 0.0 0.0 1.0 9.0 9.0 9.0 9.0 9.0 9.0 9.0 9.0 10.0 10.0 10.0 10.0 10.0 10.0 10.0 10.0 
1108447 1981 12 26 82 10.0 10.0 10.0 10.0 10.0 10.0 10.0 10.0 10.0 10.0 10.0 10.0 10.0 10.0 10.0 10.0 9.0 8.0 7.0 5.0 5.0 4.0 6.0 4.0 
1108447 1981 12 27 82 4.0 8.0 8.0 5.0 9.0 9.0 9.0 9.0 9.0 9.0 9.0 9.0 10.0 9.0 9.0 9.0 10.0 10.0 10.0 10.0 10.0 10.0 10.0 10.0 
1108447 1981 12 28 82 10.0 10.0 8.0 9.0 9.0 8.0 1.0 4.0 4.0 4.0 3.0 9.0 7.0 7.0 7.0 9.0 9.0 10.0 10.0 9.0 9.0 9.0 10.0 10.0 
1108447 1981 12 29 82 10.0 10.0 10.0 9.0 9.0 9.0 10.0 9.0 9.0 9.0 9.0 9.0 8.0 8.0 8.0 8.0 9.0 9.0 9.0 9.0 9.0 9.0 10.0 10.0 
1108447 1981 12 30 82 9.0 8.0 4.0 3.0 1.0 1.0 1.0 3.0 4.0 1.0 1.0 7.0 8.0 8.0 3.0 1.0 1.0 2.0 2.0 8.0 9.0 10.0 10.0 10.0 
1108447 1981 12 31 82 10.0 10.0 10.0 10.0 10.0 10.0 10.0 9.0 10.0 10.0 10.0 10.0 10.0 10.0 10.0 10.0 10.0 10.0 10.0 10.0 10.0 10.0 10.0 10.0 
1108447 1982 1 1 82 9.0 6.0 9.0 9.0 8.0 6.0 3.0 3.0 8.0 8.0 4.0 7.0 9.0 9.0 9.0 10.0 10.0 10.0 10.0 10.0 10.0 10.0 10.0 10.0 
1108447 1982 1 2 82 10.0 10.0 10.0 10.0 10.0 10.0 10.0 10.0 10.0 9.0 9.0 8.0 7.0 7.0 6.0 8.0 9.0 10.0 10.0 10.0 10.0 10.0 10.0 10.0 
1108447 1982 1 3 82 10.0 10.0 3.0 5.0 3.0 2.0 1.0 2.0 5.0 3.0 6.0 3.0 2.0 9.0 9.0 9.0 9.0 9.0 10.0 10.0 9.0 9.0 10.0 9.0 
1108447 1982 1 4 82 4.0 2.0 2.0 2.0 8.0 10.0 8.0 9.0 10.0 9.0 6.0 9.0 8.0 10.0 10.0 8.0 9.0 9.0 10.0 10.0 10.0 10.0 9.0 8.0 
1108447 1982 1 5 82 10.0 10.0 9.0 9.0 9.0 9.0 5.0 9.0 9.0 9.0 6.0 9.0 8.0 1.0 1.0 2.0 1.0 1.0 0.0 0.0 1.0 8.0 9.0 9.0 
1108447 1982 1 6 82 9.0 9.0 10.0 10.0 10.0 10.0 10.0 9.0 10.0 10.0 10.0 10.0 10.0 10.0 10.0 10.0 10.0 10.0 10.0 10.0 10.0 10.0 10.0 10.0 
1108447 1982 1 7 82 10.0 10.0 10.0 10.0 10.0 10.0 10.0 10.0 10.0 10.0 10.0 10.0 10.0 10.0 10.0 10.0 10.0 10.0 10.0 10.0 10.0 10.0 10.0 10.0 
1108447 1982 1 8 82 10.0 10.0 10.0 10.0 10.0 10.0 10.0 10.0 10.0 10.0 10.0 10.0 10.0 10.0 10.0 10.0 9.0 9.0 10.0 10.0 10.0 9.0 9.0 10.0 
1108447 1982 1 9 82 10.0 10.0 10.0 10.0 10.0 10.0 10.0 10.0 10.0 10.0 9.0 9.0 10.0 10.0 10.0 10.0 10.0 10.0 10.0 10.0 10.0 10.0 10.0 10.0 
1108447 1982 1 10 82 10.0 10.0 10.0 10.0 10.0 10.0 10.0 10.0 10.0 10.0 10.0 10.0 10.0 10.0 10.0 10.0 10.0 10.0 10.0 10.0 10.0 10.0 10.0 10.0 
1108447 1982 1 11 82 10.0 10.0 10.0 10.0 10.0 10.0 10.0 10.0 10.0 10.0 10.0 10.0 10.0 10.0 10.0 9.0 10.0 10.0 5.0 1.0 3.0 1.0 4.0 3.0 
1108447 1982 1 12 82 9.0 9.0 10.0 10.0 10.0 10.0 10.0 10.0 10.0 10.0 10.0 10.0 10.0 10.0 10.0 10.0 10.0 10.0 10.0 10.0 10.0 10.0 10.0 10.0 
1108447 1982 1 13 82 10.0 10.0 10.0 10.0 10.0 10.0 10.0 10.0 10.0 10.0 10.0 10.0 10.0 10.0 10.0 10.0 9.0 9.0 9.0 10.0 10.0 6.0 10.0 10.0 
1108447 1982 1 14 82 10.0 10.0 10.0 10.0 10.0 7.0 8.0 9.0 9.0 3.0 8.0 3.0 4.0 6.0 7.0 9.0 10.0 8.0 9.0 10.0 9.0 7.0 9.0 8.0 
1108447 1982 1 15 82 9.0 5.0 10.0 10.0 10.0 10.0 10.0 10.0 10.0 10.0 10.0 10.0 10.0 10.0 10.0 10.0 10.0 10.0 10.0 10.0 10.0 10.0 10.0 10.0 
1108447 1982 1 16 82 10.0 10.0 10.0 10.0 10.0 10.0 10.0 10.0 10.0 10.0 10.0 10.0 10.0 10.0 10.0 10.0 9.0 6.0 2.0 1.0 1.0 4.0 9.0 9.0 
1108447 1982 1 17 82 9.0 10.0 10.0 10.0 10.0 10.0 10.0 10.0 10.0 10.0 10.0 10.0 10.0 10.0 10.0 10.0 10.0 9.0 8.0 9.0 8.0 9.0 10.0 10.0 
1108447 1982 1 18 82 9.0 10.0 5.0 3.0 6.0 7.0 8.0 4.0 9.0 10.0 9.0 9.0 9.0 9.0 9.0 9.0 9.0 9.0 9.0 9.0 9.0 10.0 10.0 10.0 
1108447 1982 1 19 82 10.0 10.0 10.0 9.0 10.0 10.0 9.0 9.0 10.0 9.0 10.0 10.0 10.0 10.0 10.0 10.0 10.0 10.0 10.0 10.0 9.0 9.0 9.0 10.0 
1108447 1982 1 20 82 10.0 10.0 9.0 9.0 10.0 10.0 9.0 9.0 9.0 9.0 9.0 9.0 9.0 9.0 9.0 9.0 9.0 10.0 10.0 10.0 10.0 10.0 10.0 10.0 
1108447 1982 1 21 82 10.0 10.0 10.0 10.0 10.0 10.0 10.0 10.0 10.0 10.0 10.0 10.0 10.0 9.0 9.0 9.0 10.0 10.0 10.0 10.0 10.0 10.0 10.0 10.0 
1108447 1982 1 22 82 10.0 10.0 10.0 10.0 10.0 10.0 10.0 10.0 10.0 10.0 10.0 10.0 10.0 10.0 10.0 10.0 10.0 10.0 10.0 10.0 10.0 10.0 10.0 10.0 
1108447 1982 1 23 82 10.0 10.0 10.0 10.0 10.0 10.0 10.0 10.0 10.0 10.0 10.0 10.0 10.0 10.0 10.0 10.0 10.0 10.0 10.0 10.0 10.0 10.0 10.0 9.0 
1108447 1982 1 24 82 1.0 1.0 1.0 7.0 1.0 7.0 5.0 8.0 6.0 5.0 7.0 6.0 8.0 9.0 9.0 9.0 9.0 10.0 10.0 10.0 10.0 10.0 10.0 10.0 
1108447 1982 1 25 82 9.0 10.0 10.0 10.0 10.0 10.0 10.0 10.0 10.0 10.0 10.0 10.0 10.0 10.0 10.0 10.0 10.0 10.0 10.0 10.0 10.0 10.0 10.0 10.0 
1108447 1982 1 26 82 10.0 10.0 6.0 2.0 3.0 9.0 10.0 10.0 10.0 9.0 9.0 9.0 9.0 9.0 9.0 9.0 9.0 6.0 6.0 6.0 6.0 5.0 4.0 6.0 
1108447 1982 1 27 82 7.0 6.0 5.0 7.0 10.0 10.0 10.0 10.0 10.0 10.0 10.0 10.0 10.0 10.0 10.0 10.0 10.0 10.0 10.0 10.0 10.0 10.0 10.0 10.0 
1108447 1982 1 28 82 10.0 10.0 10.0 10.0 10.0 10.0 10.0 9.0 10.0 10.0 10.0 9.0 10.0 10.0 9.0 10.0 10.0 10.0 10.0 10.0 10.0 10.0 10.0 10.0 
1108447 1982 1 29 82 10.0 10.0 10.0 10.0 10.0 10.0 10.0 10.0 10.0 9.0 9.0 9.0 10.0 9.0 10.0 10.0 10.0 10.0 10.0 10.0 10.0 10.0 10.0 10.0 
1108447 1982 1 30 82 10.0 9.0 9.0 9.0 10.0 10.0 10.0 10.0 10.0 10.0 10.0 10.0 10.0 10.0 10.0 10.0 10.0 10.0 10.0 10.0 9.0 4.0 5.0 3.0 
1108447 1982 1 31 82 1.0 1.0 0.0 0.0 0.0 0.0 0.0 2.0 4.0 9.0 10.0 10.0 10.0 10.0 10.0 10.0 10.0 10.0 10.0 10.0 10.0 10.0 10.0 10.0 
1108447 1982 2 1 82 10.0 10.0 10.0 10.0 10.0 10.0 10.0 10.0 10.0 10.0 10.0 10.0 10.0 10.0 10.0 10.0 10.0 10.0 10.0 10.0 10.0 10.0 10.0 10.0 
1108447 1982 2 2 82 10.0 10.0 10.0 10.0 10.0 10.0 10.0 10.0 10.0 10.0 10.0 10.0 9.0 10.0 9.0 9.0 9.0 5.0 3.0 9.0 10.0 9.0 8.0 7.0 
1108447 1982 2 3 82 1.0 1.0 7.0 5.0 0.0 2.0 3.0 5.0 3.0 1.0 1.0 7.0 2.0 2.0 6.0 1.0 3.0 2.0 1.0 0.0 1.0 1.0 3.0 3.0 
1108447 1982 2 4 82 3.0 1.0 1.0 1.0 6.0 7.0 9.0 10.0 9.0 10.0 10.0 10.0 10.0 10.0 10.0 10.0 10.0 9.0 9.0 9.0 4.0 3.0 3.0 2.0 
1108447 1982 2 5 82 1.0 2.0 5.0 3.0 5.0 2.0 3.0 2.0 8.0 9.0 9.0 6.0 9.0 7.0 8.0 9.0 9.0 9.0 9.0 9.0 9.0 9.0 9.0 9.0 
1108447 1982 2 6 82 10.0 10.0 10.0 10.0 7.0 8.0 7.0 5.0 4.0 1.0 6.0 2.0 1.0 0.0 0.0 1.0 1.0 3.0 2.0 1.0 1.0 1.0 0.0 1.0 
1108447 1982 2 7 82 1.0 1.0 0.0 0.0 0.0 0.0 0.0 0.0 0.0 0.0 0.0 1.0 2.0 1.0 1.0 4.0 7.0 8.0 7.0 10.0 10.0 10.0 10.0 10.0 
1108447 1982 2 8 82 10.0 9.0 9.0 4.0 8.0 9.0 10.0 9.0 8.0 7.0 6.0 4.0 7.0 8.0 8.0 7.0 8.0 7.0 7.0 1.0 0.0 1.0 0.0 0.0 
1108447 1982 2 9 82 0.0 1.0 1.0 1.0 1.0 0.0 0.0 0.0 0.0 0.0 0.0 2.0 2.0 7.0 9.0 8.0 9.0 9.0 9.0 9.0 10.0 10.0 10.0 10.0 
1108447 1982 2 10 82 10.0 9.0 10.0 10.0 10.0 10.0 10.0 9.0 10.0 10.0 10.0 10.0 10.0 10.0 10.0 10.0 10.0 10.0 10.0 10.0 10.0 10.0 10.0 10.0 
1108447 1982 2 11 82 10.0 10.0 10.0 10.0 10.0 10.0 10.0 10.0 10.0 10.0 10.0 10.0 10.0 10.0 10.0 10.0 9.0 9.0 10.0 10.0 10.0 9.0 10.0 10.0 
1108447 1982 2 12 82 10.0 10.0 10.0 10.0 10.0 10.0 10.0 10.0 10.0 10.0 10.0 10.0 10.0 10.0 10.0 10.0 10.0 10.0 9.0 10.0 10.0 10.0 10.0 10.0 
1108447 1982 2 13 82 10.0 10.0 10.0 10.0 10.0 10.0 10.0 10.0 10.0 10.0 10.0 10.0 10.0 10.0 10.0 10.0 10.0 10.0 10.0 10.0 10.0 10.0 10.0 10.0 
1108447 1982 2 14 82 10.0 10.0 10.0 10.0 10.0 10.0 10.0 10.0 10.0 10.0 10.0 10.0 10.0 10.0 10.0 10.0 10.0 10.0 10.0 10.0 10.0 10.0 10.0 10.0 
1108447 1982 2 15 82 10.0 10.0 10.0 10.0 10.0 10.0 10.0 10.0 10.0 9.0 9.0 9.0 9.0 9.0 9.0 9.0 9.0 10.0 10.0 10.0 10.0 10.0 10.0 10.0 
1108447 1982 2 16 82 10.0 10.0 10.0 10.0 10.0 10.0 10.0 10.0 9.0 9.0 9.0 9.0 9.0 9.0 9.0 9.0 10.0 10.0 10.0 10.0 10.0 9.0 8.0 9.0 
1108447 1982 2 17 82 9.0 9.0 10.0 10.0 10.0 10.0 9.0 8.0 7.0 2.0 7.0 4.0 3.0 3.0 7.0 8.0 8.0 9.0 5.0 8.0 5.0 7.0 4.0 7.0 
1108447 1982 2 18 82 6.0 6.0 9.0 9.0 10.0 10.0 10.0 10.0 10.0 10.0 10.0 10.0 10.0 10.0 10.0 10.0 10.0 9.0 9.0 9.0 8.0 8.0 6.0 8.0 
1108447 1982 2 19 82 10.0 10.0 10.0 10.0 10.0 10.0 10.0 10.0 8.0 8.0 9.0 9.0 9.0 9.0 10.0 10.0 10.0 9.0 10.0 10.0 10.0 10.0 10.0 10.0 
1108447 1982 2 20 82 10.0 10.0 10.0 10.0 10.0 10.0 10.0 10.0 10.0 10.0 10.0 10.0 10.0 10.0 10.0 9.0 4.0 9.0 9.0 9.0 9.0 9.0 8.0 4.0 
1108447 1982 2 21 82 3.0 8.0 8.0 8.0 3.0 2.0 1.0 2.0 2.0 4.0 4.0 9.0 9.0 9.0 9.0 9.0 9.0 10.0 10.0 10.0 10.0 10.0 10.0 10.0 
1108447 1982 2 22 82 10.0 10.0 10.0 10.0 10.0 7.0 10.0 10.0 10.0 9.0 9.0 9.0 9.0 9.0 9.0 9.0 9.0 9.0 9.0 8.0 5.0 9.0 8.0 8.0 
1108447 1982 2 23 82 9.0 10.0 10.0 7.0 8.0 4.0 8.0 4.0 7.0 6.0 2.0 4.0 5.0 8.0 9.0 9.0 9.0 10.0 10.0 10.0 6.0 2.0 1.0 4.0 
1108447 1982 2 24 82 9.0 9.0 9.0 9.0 9.0 9.0 9.0 10.0 10.0 10.0 10.0 10.0 10.0 10.0 10.0 10.0 10.0 10.0 10.0 10.0 10.0 10.0 10.0 10.0 
1108447 1982 2 25 82 10.0 10.0 10.0 10.0 10.0 10.0 10.0 10.0 10.0 10.0 10.0 10.0 10.0 10.0 10.0 10.0 10.0 10.0 10.0 8.0 5.0 6.0 7.0 10.0 
1108447 1982 2 26 82 10.0 10.0 10.0 10.0 10.0 10.0 10.0 10.0 10.0 10.0 10.0 10.0 10.0 10.0 10.0 10.0 10.0 10.0 10.0 10.0 10.0 10.0 10.0 10.0 
1108447 1982 2 27 82 8.0 6.0 3.0 8.0 9.0 7.0 2.0 3.0 7.0 8.0 8.0 10.0 10.0 10.0 10.0 10.0 10.0 10.0 10.0 10.0 10.0 10.0 10.0 10.0 
1108447 1982 2 28 82 10.0 9.0 10.0 10.0 10.0 8.0 5.0 9.0 9.0 9.0 9.0 10.0 10.0 10.0 10.0 10.0 10.0 10.0 10.0 10.0 10.0 10.0 10.0 10.0 
1108447 1982 3 1 82 10.0 10.0 10.0 10.0 10.0 10.0 10.0 10.0 10.0 10.0 9.0 9.0 9.0 9.0 10.0 10.0 9.0 9.0 9.0 9.0 10.0 10.0 10.0 9.0 
1108447 1982 3 2 82 10.0 7.0 8.0 10.0 9.0 10.0 10.0 10.0 10.0 10.0 10.0 10.0 10.0 10.0 10.0 10.0 10.0 10.0 10.0 10.0 10.0 10.0 10.0 10.0 
1108447 1982 3 3 82 10.0 10.0 10.0 10.0 10.0 10.0 10.0 10.0 10.0 10.0 10.0 10.0 10.0 10.0 10.0 10.0 10.0 10.0 10.0 10.0 10.0 6.0 2.0 2.0 
1108447 1982 3 4 82 4.0 9.0 4.0 3.0 3.0 7.0 8.0 9.0 9.0 9.0 9.0 9.0 9.0 6.0 3.0 2.0 2.0 1.0 1.0 1.0 1.0 1.0 2.0 3.0 
1108447 1982 3 5 82 7.0 3.0 4.0 3.0 3.0 3.0 8.0 7.0 9.0 8.0 9.0 9.0 9.0 9.0 9.0 9.0 10.0 10.0 10.0 10.0 10.0 10.0 7.0 3.0 
1108447 1982 3 6 82 1.0 1.0 1.0 3.0 2.0 4.0 3.0 10.0 10.0 10.0 10.0 10.0 9.0 10.0 10.0 9.0 10.0 7.0 3.0 1.0 1.0 0.0 0.0 0.0 
1108447 1982 3 7 82 0.0 0.0 0.0 0.0 0.0 0.0 0.0 1.0 0.0 0.0 0.0 1.0 1.0 2.0 2.0 1.0 1.0 3.0 0.0 0.0 0.0 0.0 0.0 0.0 
1108447 1982 3 8 82 0.0 0.0 0.0 0.0 0.0 4.0 1.0 2.0 1.0 1.0 2.0 5.0 5.0 9.0 9.0 8.0 8.0 9.0 9.0 10.0 10.0 10.0 10.0 9.0 
1108447 1982 3 9 82 8.0 9.0 9.0 10.0 10.0 10.0 10.0 10.0 10.0 10.0 10.0 10.0 10.0 10.0 9.0 9.0 10.0 10.0 9.0 8.0 7.0 7.0 9.0 8.0 
1108447 1982 3 10 82 3.0 2.0 5.0 9.0 8.0 10.0 10.0 10.0 9.0 9.0 10.0 10.0 10.0 10.0 9.0 9.0 10.0 10.0 10.0 10.0 10.0 10.0 10.0 10.0 
1108447 1982 3 11 82 10.0 10.0 10.0 10.0 8.0 8.0 8.0 7.0 7.0 6.0 6.0 7.0 3.0 2.0 1.0 3.0 4.0 4.0 8.0 8.0 9.0 9.0 9.0 9.0 
1108447 1982 3 12 82 10.0 10.0 10.0 10.0 10.0 10.0 10.0 10.0 10.0 10.0 9.0 9.0 9.0 9.0 9.0 9.0 9.0 9.0 9.0 9.0 9.0 10.0 10.0 10.0 
1108447 1982 3 13 82 10.0 10.0 10.0 10.0 10.0 10.0 10.0 10.0 9.0 9.0 9.0 9.0 9.0 9.0 10.0 10.0 9.0 8.0 9.0 8.0 8.0 9.0 9.0 7.0 
1108447 1982 3 14 82 4.0 2.0 9.0 9.0 9.0 9.0 7.0 7.0 3.0 2.0 2.0 2.0 3.0 3.0 2.0 1.0 2.0 2.0 2.0 2.0 2.0 2.0 1.0 1.0 
1108447 1982 3 15 82 7.0 3.0 8.0 7.0 5.0 3.0 9.0 9.0 9.0 9.0 9.0 8.0 9.0 9.0 9.0 6.0 3.0 2.0 2.0 1.0 1.0 1.0 1.0 2.0 
1108447 1982 3 16 82 1.0 2.0 3.0 5.0 4.0 4.0 2.0 3.0 4.0 7.0 7.0 6.0 3.0 3.0 3.0 3.0 2.0 1.0 1.0 0.0 0.0 0.0 0.0 0.0 
1108447 1982 3 17 82 0.0 0.0 0.0 0.0 0.0 0.0 1.0 1.0 2.0 4.0 7.0 7.0 7.0 7.0 7.0 4.0 3.0 2.0 0.0 0.0 0.0 0.0 0.0 0.0 
1108447 1982 3 18 82 0.0 0.0 0.0 0.0 0.0 0.0 0.0 0.0 0.0 0.0 0.0 0.0 0.0 0.0 0.0 0.0 0.0 0.0 0.0 0.0 0.0 0.0 0.0 0.0 
1108447 1982 3 19 82 0.0 0.0 0.0 0.0 0.0 0.0 1.0 1.0 0.0 0.0 1.0 1.0 1.0 0.0 4.0 7.0 8.0 7.0 3.0 2.0 1.0 0.0 1.0 2.0 
1108447 1982 3 20 82 6.0 8.0 10.0 10.0 10.0 10.0 10.0 10.0 9.0 7.0 6.0 4.0 9.0 9.0 9.0 9.0 8.0 7.0 7.0 6.0 0.0 0.0 0.0 0.0 
1108447 1982 3 21 82 4.0 2.0 1.0 0.0 0.0 2.0 1.0 4.0 5.0 2.0 1.0 2.0 2.0 1.0 1.0 2.0 1.0 0.0 0.0 0.0 0.0 0.0 0.0 0.0 
1108447 1982 3 22 82 0.0 0.0 0.0 0.0 0.0 0.0 4.0 4.0 4.0 6.0 7.0 6.0 6.0 7.0 6.0 5.0 6.0 9.0 7.0 7.0 7.0 5.0 7.0 8.0 
1108447 1982 3 23 82 9.0 8.0 8.0 9.0 9.0 10.0 10.0 10.0 9.0 9.0 9.0 9.0 9.0 7.0 3.0 3.0 2.0 1.0 4.0 1.0 1.0 1.0 7.0 1.0 
1108447 1982 3 24 82 2.0 2.0 0.0 0.0 2.0 0.0 5.0 7.0 9.0 9.0 10.0 10.0 10.0 10.0 10.0 10.0 10.0 10.0 10.0 10.0 10.0 6.0 4.0 10.0 
1108447 1982 3 25 82 10.0 8.0 7.0 8.0 4.0 4.0 3.0 1.0 1.0 1.0 1.0 1.0 6.0 8.0 8.0 9.0 9.0 8.0 8.0 9.0 9.0 9.0 9.0 9.0 
1108447 1982 3 26 82 9.0 9.0 10.0 10.0 10.0 10.0 10.0 9.0 10.0 10.0 10.0 10.0 10.0 10.0 10.0 10.0 10.0 10.0 9.0 9.0 9.0 9.0 9.0 9.0 
1108447 1982 3 27 82 7.0 9.0 10.0 10.0 10.0 10.0 10.0 10.0 8.0 6.0 5.0 6.0 8.0 9.0 9.0 9.0 9.0 10.0 10.0 10.0 10.0 10.0 10.0 10.0 
1108447 1982 3 28 82 10.0 10.0 6.0 8.0 7.0 2.0 10.0 9.0 9.0 9.0 9.0 9.0 9.0 9.0 9.0 9.0 7.0 7.0 7.0 6.0 6.0 5.0 5.0 7.0 
1108447 1982 3 29 82 9.0 9.0 9.0 9.0 8.0 8.0 4.0 9.0 9.0 9.0 9.0 9.0 9.0 9.0 9.0 5.0 5.0 3.0 8.0 9.0 3.0 4.0 5.0 2.0 
1108447 1982 3 30 82 4.0 8.0 9.0 10.0 10.0 10.0 10.0 10.0 10.0 10.0 10.0 10.0 10.0 9.0 9.0 9.0 8.0 9.0 5.0 3.0 7.0 9.0 9.0 9.0 
1108447 1982 3 31 82 9.0 9.0 9.0 9.0 8.0 8.0 9.0 10.0 10.0 10.0 10.0 10.0 10.0 10.0 10.0 10.0 10.0 9.0 9.0 6.0 3.0 7.0 9.0 9.0 
1108447 1982 4 1 82 8.0 9.0 9.0 8.0 9.0 9.0 8.0 9.0 9.0 9.0 9.0 9.0 8.0 4.0 4.0 9.0 10.0 9.0 9.0 10.0 9.0 10.0 10.0 9.0 
1108447 1982 4 2 82 10.0 10.0 10.0 10.0 9.0 10.0 9.0 9.0 9.0 7.0 9.0 9.0 9.0 10.0 10.0 10.0 10.0 10.0 10.0 10.0 10.0 10.0 10.0 10.0 
1108447 1982 4 3 82 10.0 10.0 10.0 10.0 10.0 10.0 10.0 10.0 10.0 10.0 10.0 10.0 10.0 10.0 10.0 10.0 10.0 10.0 10.0 10.0 10.0 10.0 10.0 10.0 
1108447 1982 4 4 82 9.0 9.0 9.0 9.0 8.0 8.0 10.0 8.0 9.0 9.0 8.0 8.0 7.0 10.0 9.0 9.0 9.0 9.0 9.0 10.0 9.0 8.0 10.0 10.0 
1108447 1982 4 5 82 10.0 10.0 10.0 10.0 8.0 8.0 10.0 9.0 3.0 3.0 4.0 3.0 1.0 1.0 1.0 1.0 1.0 1.0 1.0 2.0 1.0 0.0 0.0 0.0 
1108447 1982 4 6 82 0.0 0.0 0.0 0.0 0.0 1.0 1.0 0.0 0.0 0.0 2.0 1.0 2.0 2.0 4.0 3.0 2.0 3.0 6.0 6.0 8.0 9.0 9.0 9.0 
1108447 1982 4 7 82 10.0 9.0 9.0 7.0 9.0 9.0 8.0 4.0 5.0 2.0 5.0 5.0 3.0 3.0 1.0 1.0 1.0 1.0 1.0 0.0 0.0 0.0 0.0 0.0 
1108447 1982 4 8 82 0.0 0.0 0.0 0.0 3.0 6.0 3.0 7.0 7.0 9.0 9.0 10.0 6.0 8.0 2.0 1.0 1.0 5.0 7.0 4.0 2.0 4.0 8.0 6.0 
1108447 1982 4 9 82 2.0 0.0 2.0 2.0 4.0 1.0 1.0 1.0 6.0 8.0 9.0 4.0 5.0 8.0 8.0 10.0 10.0 10.0 10.0 10.0 10.0 10.0 5.0 7.0 
1108447 1982 4 10 82 8.0 7.0 7.0 9.0 10.0 10.0 10.0 9.0 9.0 9.0 8.0 7.0 7.0 7.0 4.0 5.0 7.0 4.0 4.0 5.0 5.0 3.0 7.0 9.0 
1108447 1982 4 11 82 9.0 10.0 10.0 9.0 10.0 10.0 10.0 10.0 10.0 10.0 10.0 10.0 10.0 10.0 10.0 10.0 10.0 10.0 10.0 10.0 10.0 10.0 10.0 10.0 
1108447 1982 4 12 82 10.0 10.0 10.0 10.0 10.0 9.0 9.0 10.0 10.0 10.0 10.0 10.0 10.0 10.0 10.0 10.0 10.0 10.0 10.0 10.0 10.0 10.0 10.0 10.0 
1108447 1982 4 13 82 10.0 10.0 10.0 10.0 10.0 9.0 10.0 9.0 10.0 9.0 10.0 10.0 9.0 8.0 10.0 10.0 10.0 10.0 9.0 8.0 7.0 5.0 4.0 9.0 
1108447 1982 4 14 82 9.0 10.0 10.0 10.0 9.0 9.0 9.0 9.0 10.0 8.0 9.0 8.0 8.0 8.0 9.0 9.0 9.0 10.0 9.0 9.0 8.0 5.0 3.0 1.0 
1108447 1982 4 15 82 2.0 3.0 6.0 7.0 9.0 9.0 10.0 10.0 10.0 9.0 9.0 8.0 6.0 5.0 5.0 5.0 7.0 8.0 8.0 9.0 5.0 3.0 6.0 5.0 
1108447 1982 4 16 82 6.0 7.0 8.0 8.0 9.0 9.0 10.0 10.0 10.0 10.0 10.0 10.0 10.0 10.0 10.0 10.0 10.0 10.0 10.0 10.0 10.0 10.0 10.0 10.0 
1108447 1982 4 17 82 10.0 10.0 10.0 10.0 10.0 8.0 5.0 4.0 6.0 8.0 5.0 3.0 2.0 4.0 9.0 9.0 4.0 4.0 6.0 2.0 1.0 3.0 2.0 1.0 
1108447 1982 4 18 82 4.0 3.0 3.0 5.0 4.0 2.0 2.0 2.0 1.0 1.0 2.0 1.0 1.0 1.0 1.0 2.0 3.0 2.0 6.0 8.0 8.0 6.0 4.0 2.0 
1108447 1982 4 19 82 1.0 1.0 1.0 1.0 1.0 4.0 4.0 8.0 8.0 9.0 5.0 6.0 8.0 7.0 5.0 1.0 1.0 2.0 4.0 6.0 6.0 4.0 4.0 2.0 
1108447 1982 4 20 82 2.0 2.0 2.0 2.0 2.0 3.0 2.0 1.0 2.0 2.0 3.0 3.0 3.0 3.0 5.0 4.0 4.0 2.0 1.0 1.0 2.0 0.0 0.0 0.0 
1108447 1982 4 21 82 0.0 0.0 0.0 0.0 0.0 5.0 8.0 8.0 8.0 6.0 4.0 3.0 3.0 3.0 3.0 3.0 1.0 1.0 2.0 2.0 1.0 1.0 0.0 0.0 
1108447 1982 4 22 82 0.0 0.0 0.0 1.0 2.0 1.0 1.0 0.0 0.0 2.0 3.0 3.0 3.0 4.0 6.0 7.0 8.0 7.0 8.0 9.0 9.0 10.0 9.0 10.0 
1108447 1982 4 23 82 9.0 10.0 9.0 10.0 8.0 8.0 5.0 4.0 1.0 1.0 1.0 1.0 2.0 2.0 2.0 3.0 8.0 9.0 9.0 3.0 2.0 1.0 1.0 0.0 
1108447 1982 4 24 82 0.0 0.0 0.0 0.0 1.0 2.0 1.0 1.0 2.0 2.0 3.0 2.0 3.0 4.0 2.0 2.0 2.0 1.0 1.0 0.0 0.0 0.0 0.0 0.0 
1108447 1982 4 25 82 0.0 1.0 1.0 0.0 0.0 5.0 8.0 7.0 8.0 7.0 8.0 9.0 9.0 7.0 9.0 9.0 9.0 10.0 10.0 9.0 8.0 8.0 6.0 4.0 
1108447 1982 4 26 82 2.0 3.0 6.0 6.0 5.0 4.0 4.0 3.0 3.0 3.0 3.0 1.0 1.0 1.0 1.0 1.0 1.0 1.0 1.0 7.0 6.0 5.0 5.0 6.0 
1108447 1982 4 27 82 6.0 9.0 8.0 10.0 10.0 9.0 10.0 10.0 9.0 9.0 9.0 9.0 10.0 10.0 10.0 10.0 10.0 10.0 10.0 10.0 10.0 10.0 10.0 10.0 
1108447 1982 4 28 82 10.0 10.0 10.0 10.0 10.0 10.0 10.0 8.0 5.0 5.0 5.0 8.0 9.0 3.0 6.0 7.0 6.0 5.0 5.0 4.0 6.0 6.0 4.0 2.0 
1108447 1982 4 29 82 2.0 2.0 2.0 2.0 3.0 5.0 9.0 9.0 8.0 10.0 9.0 9.0 9.0 10.0 9.0 10.0 9.0 8.0 10.0 10.0 10.0 10.0 10.0 10.0 
1108447 1982 4 30 82 9.0 8.0 8.0 8.0 8.0 4.0 3.0 4.0 3.0 3.0 4.0 5.0 7.0 9.0 8.0 10.0 9.0 10.0 9.0 8.0 10.0 10.0 10.0 3.0 
1108447 1982 5 1 82 5.0 7.0 7.0 3.0 2.0 8.0 10.0 10.0 10.0 10.0 10.0 9.0 10.0 9.0 9.0 8.0 8.0 8.0 8.0 8.0 8.0 6.0 6.0 9.0 
1108447 1982 5 2 82 9.0 9.0 9.0 10.0 10.0 10.0 10.0 10.0 10.0 10.0 10.0 10.0 10.0 10.0 10.0 10.0 9.0 6.0 2.0 2.0 3.0 2.0 3.0 2.0 
1108447 1982 5 3 82 9.0 10.0 10.0 10.0 10.0 10.0 5.0 8.0 9.0 6.0 4.0 3.0 4.0 8.0 8.0 4.0 3.0 6.0 4.0 7.0 4.0 2.0 1.0 0.0 
1108447 1982 5 4 82 0.0 3.0 9.0 9.0 10.0 9.0 8.0 6.0 4.0 4.0 7.0 3.0 3.0 4.0 3.0 2.0 3.0 2.0 1.0 6.0 2.0 1.0 6.0 8.0 
1108447 1982 5 5 82 5.0 2.0 2.0 5.0 4.0 3.0 3.0 3.0 7.0 8.0 7.0 6.0 6.0 4.0 5.0 6.0 8.0 9.0 9.0 10.0 10.0 10.0 10.0 10.0 
1108447 1982 5 6 82 8.0 9.0 8.0 10.0 10.0 10.0 9.0 9.0 9.0 9.0 9.0 9.0 10.0 9.0 8.0 9.0 9.0 9.0 9.0 9.0 9.0 9.0 9.0 9.0 
1108447 1982 5 7 82 9.0 9.0 9.0 8.0 3.0 3.0 2.0 2.0 2.0 2.0 2.0 2.0 3.0 3.0 3.0 1.0 1.0 1.0 1.0 3.0 2.0 7.0 9.0 9.0 
1108447 1982 5 8 82 9.0 9.0 9.0 9.0 4.0 6.0 9.0 9.0 9.0 7.0 5.0 4.0 4.0 4.0 4.0 2.0 4.0 1.0 1.0 0.0 0.0 0.0 0.0 0.0 
1108447 1982 5 9 82 0.0 0.0 0.0 1.0 4.0 4.0 2.0 1.0 1.0 2.0 2.0 2.0 2.0 1.0 1.0 3.0 3.0 2.0 1.0 1.0 1.0 1.0 0.0 0.0 
1108447 1982 5 10 82 0.0 0.0 1.0 0.0 4.0 4.0 2.0 1.0 2.0 2.0 3.0 2.0 1.0 1.0 2.0 1.0 2.0 1.0 1.0 1.0 2.0 2.0 2.0 3.0 
1108447 1982 5 11 82 6.0 8.0 7.0 10.0 10.0 10.0 10.0 10.0 10.0 10.0 10.0 10.0 9.0 9.0 9.0 8.0 8.0 8.0 8.0 10.0 10.0 10.0 10.0 10.0 
1108447 1982 5 12 82 10.0 10.0 10.0 9.0 10.0 10.0 10.0 10.0 10.0 9.0 10.0 10.0 9.0 7.0 8.0 8.0 8.0 7.0 4.0 5.0 9.0 9.0 5.0 8.0 
1108447 1982 5 13 82 10.0 10.0 10.0 10.0 10.0 10.0 10.0 10.0 10.0 10.0 10.0 10.0 10.0 10.0 10.0 10.0 10.0 10.0 10.0 10.0 10.0 10.0 10.0 10.0 
1108447 1982 5 14 82 10.0 10.0 10.0 10.0 10.0 10.0 10.0 10.0 10.0 10.0 10.0 10.0 10.0 10.0 9.0 9.0 9.0 10.0 9.0 9.0 9.0 9.0 9.0 10.0 
1108447 1982 5 15 82 10.0 10.0 10.0 10.0 10.0 10.0 10.0 10.0 10.0 9.0 9.0 3.0 2.0 2.0 2.0 3.0 4.0 5.0 6.0 8.0 8.0 7.0 5.0 3.0 
1108447 1982 5 16 82 7.0 5.0 5.0 8.0 10.0 9.0 9.0 9.0 9.0 10.0 9.0 10.0 10.0 10.0 10.0 10.0 10.0 10.0 10.0 10.0 10.0 10.0 10.0 10.0 
1108447 1982 5 17 82 10.0 10.0 10.0 10.0 10.0 10.0 10.0 10.0 9.0 9.0 9.0 8.0 8.0 8.0 8.0 8.0 3.0 7.0 7.0 6.0 8.0 7.0 3.0 9.0 
1108447 1982 5 18 82 9.0 9.0 9.0 9.0 10.0 9.0 9.0 9.0 5.0 9.0 9.0 7.0 5.0 2.0 1.0 7.0 6.0 4.0 3.0 3.0 2.0 0.0 0.0 0.0 
1108447 1982 5 19 82 1.0 0.0 2.0 6.0 7.0 8.0 7.0 2.0 4.0 8.0 9.0 9.0 1.0 4.0 5.0 3.0 4.0 7.0 8.0 8.0 7.0 8.0 7.0 5.0 
1108447 1982 5 20 82 4.0 8.0 8.0 7.0 9.0 10.0 10.0 10.0 10.0 10.0 10.0 10.0 10.0 10.0 10.0 10.0 9.0 9.0 8.0 6.0 7.0 2.0 1.0 0.0 
1108447 1982 5 21 82 2.0 3.0 2.0 3.0 8.0 2.0 0.0 0.0 1.0 2.0 3.0 7.0 5.0 7.0 8.0 9.0 10.0 10.0 10.0 10.0 10.0 10.0 10.0 10.0 
1108447 1982 5 22 82 10.0 10.0 10.0 10.0 10.0 10.0 10.0 10.0 10.0 10.0 9.0 9.0 8.0 7.0 7.0 9.0 7.0 3.0 2.0 3.0 3.0 3.0 2.0 3.0 
1108447 1982 5 23 82 4.0 4.0 3.0 2.0 2.0 3.0 7.0 8.0 9.0 9.0 9.0 9.0 9.0 9.0 8.0 9.0 9.0 9.0 9.0 9.0 8.0 4.0 2.0 1.0 
1108447 1982 5 24 82 0.0 2.0 1.0 0.0 2.0 1.0 0.0 0.0 0.0 0.0 0.0 0.0 0.0 1.0 2.0 2.0 4.0 4.0 4.0 6.0 5.0 5.0 6.0 8.0 
1108447 1982 5 25 82 8.0 8.0 7.0 8.0 9.0 8.0 4.0 4.0 3.0 2.0 3.0 6.0 7.0 8.0 7.0 9.0 9.0 7.0 5.0 2.0 2.0 1.0 1.0 2.0 
1108447 1982 5 26 82 4.0 6.0 7.0 8.0 9.0 8.0 7.0 6.0 8.0 8.0 8.0 8.0 8.0 7.0 8.0 6.0 8.0 7.0 9.0 9.0 9.0 9.0 9.0 7.0 
1108447 1982 5 27 82 8.0 7.0 3.0 4.0 7.0 7.0 7.0 6.0 2.0 1.0 1.0 2.0 2.0 3.0 2.0 6.0 7.0 4.0 4.0 7.0 8.0 9.0 9.0 8.0 
1108447 1982 5 28 82 6.0 3.0 2.0 5.0 5.0 1.0 1.0 0.0 0.0 0.0 0.0 0.0 0.0 0.0 1.0 1.0 1.0 0.0 0.0 0.0 0.0 0.0 0.0 0.0 
1108447 1982 5 29 82 0.0 0.0 0.0 0.0 1.0 1.0 1.0 1.0 1.0 0.0 0.0 1.0 1.0 1.0 0.0 0.0 0.0 0.0 0.0 0.0 0.0 0.0 0.0 0.0 
1108447 1982 5 30 82 0.0 0.0 0.0 0.0 0.0 0.0 0.0 0.0 0.0 0.0 0.0 0.0 0.0 0.0 0.0 1.0 1.0 0.0 0.0 0.0 1.0 1.0 0.0 0.0 
1108447 1982 5 31 82 0.0 1.0 0.0 5.0 8.0 9.0 9.0 9.0 8.0 8.0 7.0 9.0 9.0 10.0 10.0 9.0 9.0 9.0 9.0 9.0 9.0 9.0 8.0 8.0 
1108447 1982 6 1 82 7.0 8.0 10.0 10.0 10.0 10.0 10.0 9.0 9.0 9.0 9.0 9.0 9.0 8.0 8.0 8.0 5.0 8.0 7.0 9.0 6.0 6.0 9.0 10.0 
1108447 1982 6 2 82 10.0 10.0 10.0 10.0 10.0 10.0 10.0 10.0 10.0 10.0 10.0 10.0 10.0 9.0 9.0 8.0 7.0 6.0 7.0 5.0 9.0 8.0 4.0 7.0 
1108447 1982 6 3 82 5.0 7.0 5.0 4.0 7.0 4.0 4.0 2.0 2.0 2.0 1.0 5.0 5.0 3.0 3.0 9.0 9.0 9.0 9.0 10.0 10.0 10.0 9.0 8.0 
1108447 1982 6 4 82 9.0 9.0 9.0 9.0 10.0 10.0 10.0 10.0 10.0 10.0 10.0 10.0 10.0 10.0 10.0 10.0 10.0 10.0 9.0 9.0 8.0 8.0 9.0 7.0 
1108447 1982 6 5 82 9.0 9.0 9.0 10.0 10.0 10.0 10.0 10.0 10.0 10.0 10.0 9.0 10.0 9.0 9.0 10.0 10.0 9.0 8.0 7.0 7.0 8.0 9.0 9.0 
1108447 1982 6 6 82 9.0 9.0 9.0 9.0 9.0 8.0 9.0 9.0 9.0 9.0 9.0 7.0 6.0 6.0 6.0 5.0 4.0 6.0 4.0 1.0 1.0 1.0 1.0 1.0 
1108447 1982 6 7 82 1.0 0.0 0.0 0.0 2.0 0.0 0.0 0.0 1.0 1.0 1.0 1.0 1.0 1.0 1.0 1.0 1.0 1.0 1.0 0.0 0.0 1.0 0.0 0.0 
1108447 1982 6 8 82 2.0 3.0 4.0 6.0 9.0 9.0 8.0 9.0 10.0 10.0 10.0 10.0 10.0 10.0 8.0 9.0 8.0 8.0 10.0 10.0 9.0 10.0 9.0 8.0 
1108447 1982 6 9 82 8.0 7.0 7.0 6.0 5.0 1.0 1.0 1.0 0.0 3.0 3.0 4.0 5.0 5.0 7.0 9.0 8.0 9.0 9.0 9.0 8.0 7.0 4.0 6.0 
1108447 1982 6 10 82 2.0 5.0 4.0 1.0 2.0 4.0 3.0 3.0 3.0 3.0 3.0 6.0 5.0 4.0 5.0 3.0 2.0 0.0 0.0 0.0 0.0 0.0 0.0 0.0 
1108447 1982 6 11 82 0.0 0.0 0.0 0.0 0.0 1.0 1.0 2.0 3.0 3.0 2.0 3.0 5.0 6.0 5.0 5.0 7.0 8.0 8.0 8.0 6.0 6.0 5.0 3.0 
1108447 1982 6 12 82 3.0 3.0 2.0 4.0 4.0 8.0 9.0 8.0 8.0 6.0 5.0 3.0 3.0 7.0 9.0 9.0 9.0 9.0 9.0 9.0 9.0 9.0 10.0 10.0 
1108447 1982 6 13 82 8.0 5.0 7.0 9.0 10.0 10.0 10.0 10.0 10.0 10.0 10.0 10.0 9.0 10.0 10.0 10.0 7.0 7.0 7.0 6.0 9.0 10.0 10.0 10.0 
1108447 1982 6 14 82 10.0 10.0 10.0 10.0 10.0 7.0 9.0 9.0 9.0 9.0 9.0 10.0 6.0 8.0 9.0 10.0 10.0 10.0 10.0 10.0 10.0 9.0 4.0 3.0 
1108447 1982 6 15 82 1.0 2.0 1.0 1.0 1.0 5.0 8.0 3.0 4.0 5.0 4.0 4.0 4.0 3.0 3.0 4.0 4.0 3.0 2.0 2.0 1.0 1.0 2.0 2.0 
1108447 1982 6 16 82 0.0 0.0 0.0 5.0 4.0 3.0 3.0 4.0 4.0 2.0 2.0 1.0 3.0 1.0 1.0 1.0 1.0 0.0 0.0 0.0 0.0 1.0 0.0 0.0 
1108447 1982 6 17 82 0.0 0.0 0.0 0.0 0.0 0.0 2.0 0.0 0.0 0.0 0.0 0.0 0.0 0.0 1.0 1.0 1.0 1.0 1.0 0.0 0.0 0.0 0.0 0.0 
1108447 1982 6 18 82 0.0 0.0 0.0 0.0 1.0 2.0 5.0 5.0 3.0 2.0 2.0 1.0 0.0 0.0 0.0 0.0 0.0 0.0 0.0 0.0 0.0 0.0 0.0 0.0 
1108447 1982 6 19 82 0.0 0.0 0.0 0.0 2.0 0.0 0.0 0.0 0.0 0.0 0.0 0.0 0.0 0.0 0.0 0.0 1.0 1.0 1.0 0.0 1.0 1.0 1.0 1.0 
1108447 1982 6 20 82 2.0 2.0 2.0 1.0 0.0 0.0 0.0 0.0 0.0 0.0 0.0 0.0 0.0 0.0 0.0 0.0 0.0 0.0 0.0 0.0 0.0 0.0 0.0 0.0 
1108447 1982 6 21 82 0.0 0.0 0.0 1.0 2.0 3.0 2.0 2.0 4.0 4.0 3.0 5.0 6.0 6.0 6.0 8.0 9.0 9.0 9.0 7.0 5.0 2.0 2.0 0.0 
1108447 1982 6 22 82 0.0 0.0 0.0 3.0 5.0 6.0 5.0 5.0 7.0 7.0 5.0 3.0 3.0 4.0 3.0 3.0 3.0 7.0 4.0 2.0 1.0 1.0 1.0 1.0 
1108447 1982 6 23 82 0.0 0.0 0.0 0.0 0.0 0.0 0.0 0.0 0.0 0.0 1.0 2.0 4.0 6.0 7.0 8.0 7.0 7.0 7.0 4.0 2.0 1.0 0.0 0.0 
1108447 1982 6 24 82 0.0 0.0 0.0 0.0 0.0 0.0 0.0 0.0 0.0 0.0 0.0 0.0 0.0 0.0 0.0 1.0 1.0 0.0 0.0 1.0 4.0 5.0 8.0 7.0 
1108447 1982 6 25 82 9.0 7.0 6.0 8.0 8.0 9.0 9.0 10.0 10.0 10.0 10.0 10.0 10.0 10.0 10.0 10.0 9.0 8.0 9.0 10.0 10.0 10.0 10.0 10.0 
1108447 1982 6 26 82 10.0 9.0 10.0 10.0 10.0 10.0 10.0 10.0 10.0 10.0 10.0 10.0 10.0 10.0 10.0 10.0 9.0 10.0 9.0 9.0 9.0 8.0 8.0 6.0 
1108447 1982 6 27 82 9.0 7.0 8.0 8.0 9.0 9.0 9.0 10.0 10.0 10.0 10.0 10.0 10.0 8.0 9.0 9.0 9.0 9.0 9.0 9.0 9.0 9.0 9.0 10.0 
1108447 1982 6 28 82 10.0 10.0 10.0 9.0 10.0 9.0 9.0 9.0 9.0 9.0 9.0 8.0 9.0 9.0 9.0 9.0 9.0 7.0 6.0 8.0 7.0 8.0 8.0 9.0 
1108447 1982 6 29 82 10.0 10.0 10.0 10.0 9.0 9.0 8.0 9.0 9.0 8.0 5.0 6.0 6.0 6.0 6.0 8.0 5.0 3.0 3.0 7.0 8.0 8.0 8.0 9.0 
1108447 1982 6 30 82 9.0 9.0 9.0 10.0 10.0 10.0 10.0 10.0 10.0 10.0 10.0 10.0 10.0 10.0 10.0 10.0 10.0 9.0 9.0 8.0 8.0 8.0 9.0 9.0 
1108447 1982 7 1 82 10.0 10.0 10.0 10.0 10.0 9.0 9.0 9.0 10.0 10.0 10.0 9.0 10.0 10.0 10.0 10.0 10.0 10.0 10.0 10.0 10.0 10.0 10.0 10.0 
1108447 1982 7 2 82 10.0 10.0 10.0 10.0 10.0 10.0 10.0 10.0 10.0 10.0 10.0 10.0 10.0 9.0 8.0 9.0 10.0 10.0 10.0 10.0 10.0 10.0 10.0 10.0 
1108447 1982 7 3 82 10.0 10.0 10.0 10.0 10.0 10.0 10.0 10.0 10.0 10.0 10.0 10.0 10.0 10.0 10.0 10.0 10.0 10.0 10.0 10.0 10.0 10.0 10.0 10.0 
1108447 1982 7 4 82 10.0 10.0 10.0 10.0 10.0 9.0 9.0 9.0 8.0 8.0 9.0 8.0 8.0 9.0 9.0 10.0 10.0 10.0 10.0 9.0 10.0 10.0 10.0 10.0 
1108447 1982 7 5 82 10.0 10.0 10.0 10.0 10.0 10.0 10.0 9.0 9.0 9.0 9.0 9.0 7.0 6.0 8.0 8.0 9.0 9.0 8.0 3.0 5.0 7.0 9.0 9.0 
1108447 1982 7 6 82 8.0 10.0 10.0 9.0 9.0 9.0 9.0 8.0 6.0 9.0 8.0 8.0 8.0 8.0 8.0 9.0 9.0 9.0 9.0 8.0 5.0 4.0 6.0 8.0 
1108447 1982 7 7 82 8.0 9.0 6.0 9.0 9.0 10.0 9.0 9.0 9.0 9.0 9.0 9.0 9.0 9.0 8.0 9.0 9.0 9.0 7.0 7.0 5.0 4.0 3.0 2.0 
1108447 1982 7 8 82 4.0 5.0 9.0 7.0 8.0 8.0 6.0 9.0 9.0 7.0 3.0 6.0 8.0 9.0 9.0 9.0 9.0 9.0 9.0 9.0 8.0 7.0 6.0 8.0 
1108447 1982 7 9 82 7.0 10.0 10.0 9.0 10.0 8.0 6.0 7.0 7.0 7.0 6.0 6.0 6.0 5.0 7.0 3.0 1.0 1.0 2.0 2.0 2.0 1.0 1.0 1.0 
1108447 1982 7 10 82 1.0 1.0 1.0 0.0 2.0 2.0 2.0 2.0 2.0 3.0 8.0 8.0 7.0 6.0 8.0 10.0 10.0 10.0 10.0 10.0 8.0 10.0 9.0 9.0 
1108447 1982 7 11 82 8.0 8.0 8.0 8.0 9.0 9.0 8.0 7.0 8.0 7.0 6.0 5.0 5.0 4.0 7.0 9.0 10.0 10.0 10.0 10.0 9.0 9.0 10.0 10.0 
1108447 1982 7 12 82 9.0 7.0 4.0 5.0 6.0 4.0 3.0 2.0 1.0 3.0 2.0 4.0 8.0 7.0 9.0 6.0 6.0 8.0 8.0 5.0 3.0 2.0 1.0 0.0 
1108447 1982 7 13 82 0.0 2.0 8.0 7.0 7.0 8.0 9.0 9.0 9.0 10.0 10.0 10.0 10.0 10.0 10.0 10.0 10.0 10.0 9.0 9.0 7.0 5.0 7.0 4.0 
1108447 1982 7 14 82 2.0 7.0 9.0 10.0 6.0 8.0 3.0 5.0 6.0 5.0 8.0 8.0 8.0 9.0 10.0 9.0 9.0 9.0 9.0 10.0 10.0 10.0 10.0 10.0 
1108447 1982 7 15 82 10.0 10.0 10.0 10.0 10.0 10.0 10.0 10.0 10.0 10.0 10.0 10.0 10.0 10.0 10.0 9.0 9.0 10.0 9.0 9.0 9.0 10.0 9.0 9.0 
1108447 1982 7 16 82 10.0 10.0 10.0 10.0 10.0 10.0 10.0 10.0 10.0 10.0 9.0 9.0 9.0 9.0 10.0 9.0 9.0 9.0 9.0 9.0 9.0 9.0 9.0 9.0 
1108447 1982 7 17 82 10.0 9.0 9.0 10.0 10.0 10.0 9.0 9.0 9.0 9.0 9.0 8.0 8.0 7.0 7.0 7.0 8.0 9.0 10.0 10.0 10.0 10.0 10.0 9.0 
1108447 1982 7 18 82 9.0 10.0 10.0 9.0 9.0 9.0 9.0 9.0 9.0 9.0 7.0 7.0 6.0 2.0 1.0 2.0 7.0 8.0 8.0 4.0 9.0 9.0 8.0 5.0 
1108447 1982 7 19 82 3.0 2.0 3.0 8.0 9.0 10.0 9.0 9.0 9.0 10.0 10.0 10.0 10.0 9.0 9.0 9.0 9.0 9.0 9.0 9.0 9.0 10.0 10.0 10.0 
1108447 1982 7 20 82 10.0 10.0 10.0 10.0 9.0 9.0 10.0 10.0 10.0 10.0 9.0 9.0 9.0 9.0 7.0 8.0 8.0 7.0 3.0 3.0 3.0 4.0 2.0 6.0 
1108447 1982 7 21 82 3.0 1.0 0.0 6.0 7.0 9.0 9.0 9.0 9.0 9.0 9.0 9.0 7.0 7.0 6.0 5.0 7.0 3.0 2.0 2.0 1.0 2.0 6.0 8.0 
1108447 1982 7 22 82 9.0 9.0 9.0 9.0 10.0 9.0 9.0 9.0 9.0 9.0 5.0 3.0 2.0 2.0 3.0 3.0 6.0 7.0 6.0 4.0 4.0 8.0 3.0 1.0 
1108447 1982 7 23 82 0.0 0.0 0.0 0.0 0.0 4.0 9.0 8.0 7.0 4.0 2.0 1.0 0.0 1.0 2.0 3.0 2.0 2.0 0.0 0.0 0.0 0.0 0.0 0.0 
1108447 1982 7 24 82 0.0 0.0 0.0 0.0 0.0 0.0 0.0 0.0 0.0 0.0 0.0 0.0 0.0 0.0 0.0 0.0 2.0 4.0 7.0 8.0 8.0 8.0 9.0 9.0 
1108447 1982 7 25 82 9.0 9.0 8.0 5.0 4.0 3.0 2.0 0.0 0.0 0.0 0.0 0.0 0.0 0.0 0.0 0.0 0.0 0.0 0.0 0.0 0.0 0.0 0.0 0.0 
1108447 1982 7 26 82 0.0 0.0 0.0 0.0 0.0 0.0 0.0 0.0 0.0 0.0 0.0 0.0 0.0 0.0 0.0 0.0 0.0 0.0 0.0 6.0 0.0 0.0 0.0 0.0 
1108447 1982 7 27 82 0.0 0.0 0.0 0.0 1.0 1.0 0.0 0.0 0.0 0.0 0.0 3.0 2.0 3.0 4.0 2.0 2.0 5.0 7.0 6.0 8.0 8.0 7.0 5.0 
1108447 1982 7 28 82 7.0 8.0 8.0 6.0 6.0 3.0 2.0 1.0 1.0 2.0 1.0 1.0 1.0 1.0 1.0 1.0 2.0 3.0 4.0 7.0 6.0 8.0 7.0 7.0 
1108447 1982 7 29 82 7.0 8.0 9.0 9.0 8.0 7.0 4.0 9.0 10.0 9.0 6.0 3.0 4.0 4.0 2.0 4.0 5.0 3.0 2.0 2.0 4.0 6.0 7.0 5.0 
1108447 1982 7 30 82 5.0 5.0 6.0 9.0 10.0 10.0 10.0 10.0 10.0 10.0 10.0 10.0 10.0 10.0 10.0 10.0 10.0 10.0 10.0 10.0 10.0 10.0 10.0 10.0 
1108447 1982 7 31 82 10.0 10.0 10.0 10.0 10.0 10.0 10.0 10.0 10.0 10.0 10.0 10.0 10.0 10.0 9.0 9.0 9.0 10.0 10.0 10.0 10.0 10.0 10.0 10.0 
1108447 1982 8 1 82 10.0 10.0 10.0 10.0 10.0 10.0 10.0 10.0 10.0 10.0 10.0 10.0 10.0 10.0 10.0 10.0 10.0 10.0 10.0 10.0 10.0 10.0 10.0 10.0 
1108447 1982 8 2 82 10.0 10.0 10.0 10.0 9.0 10.0 10.0 10.0 10.0 10.0 10.0 10.0 10.0 9.0 10.0 10.0 9.0 9.0 9.0 9.0 9.0 9.0 7.0 4.0 
1108447 1982 8 3 82 6.0 6.0 9.0 9.0 9.0 10.0 9.0 9.0 9.0 10.0 9.0 8.0 9.0 9.0 9.0 9.0 10.0 10.0 10.0 9.0 9.0 9.0 9.0 9.0 
1108447 1982 8 4 82 9.0 9.0 9.0 9.0 9.0 9.0 9.0 9.0 9.0 5.0 8.0 3.0 7.0 5.0 6.0 7.0 8.0 8.0 6.0 7.0 7.0 8.0 8.0 8.0 
1108447 1982 8 5 82 9.0 9.0 9.0 9.0 9.0 9.0 10.0 10.0 10.0 10.0 10.0 10.0 10.0 10.0 10.0 10.0 10.0 10.0 9.0 9.0 9.0 10.0 10.0 10.0 
1108447 1982 8 6 82 9.0 10.0 10.0 9.0 9.0 8.0 8.0 8.0 6.0 7.0 6.0 2.0 1.0 0.0 0.0 0.0 0.0 0.0 1.0 1.0 1.0 1.0 1.0 1.0 
1108447 1982 8 7 82 1.0 1.0 1.0 0.0 0.0 0.0 0.0 0.0 0.0 0.0 0.0 0.0 0.0 0.0 1.0 2.0 3.0 5.0 4.0 2.0 3.0 2.0 2.0 2.0 
1108447 1982 8 8 82 2.0 2.0 7.0 6.0 6.0 10.0 10.0 9.0 9.0 8.0 9.0 10.0 10.0 10.0 10.0 10.0 9.0 8.0 8.0 8.0 8.0 6.0 5.0 5.0 
1108447 1982 8 9 82 1.0 0.0 0.0 1.0 0.0 4.0 5.0 4.0 6.0 8.0 7.0 8.0 9.0 10.0 10.0 10.0 10.0 10.0 9.0 8.0 8.0 4.0 3.0 9.0 
1108447 1982 8 10 82 9.0 9.0 9.0 9.0 9.0 9.0 9.0 10.0 10.0 10.0 10.0 10.0 10.0 10.0 10.0 10.0 10.0 9.0 9.0 9.0 9.0 9.0 9.0 9.0 
1108447 1982 8 11 82 10.0 9.0 10.0 10.0 10.0 9.0 10.0 10.0 7.0 10.0 8.0 7.0 8.0 8.0 8.0 9.0 9.0 9.0 9.0 10.0 10.0 10.0 9.0 10.0 
1108447 1982 8 12 82 9.0 9.0 10.0 7.0 7.0 8.0 9.0 9.0 9.0 9.0 10.0 10.0 10.0 10.0 10.0 10.0 10.0 10.0 10.0 10.0 10.0 10.0 10.0 10.0 
1108447 1982 8 13 82 10.0 10.0 10.0 9.0 7.0 6.0 4.0 5.0 7.0 8.0 9.0 8.0 5.0 8.0 4.0 4.0 7.0 7.0 7.0 9.0 8.0 4.0 2.0 4.0 
1108447 1982 8 14 82 6.0 9.0 9.0 5.0 4.0 8.0 9.0 9.0 9.0 9.0 9.0 8.0 6.0 6.0 6.0 6.0 5.0 3.0 3.0 2.0 3.0 2.0 0.0 1.0 
1108447 1982 8 15 82 0.0 0.0 0.0 0.0 0.0 0.0 0.0 0.0 0.0 1.0 3.0 3.0 2.0 1.0 1.0 1.0 3.0 6.0 7.0 8.0 8.0 3.0 1.0 1.0 
1108447 1982 8 16 82 1.0 1.0 5.0 5.0 6.0 9.0 9.0 9.0 10.0 9.0 9.0 9.0 8.0 7.0 8.0 9.0 7.0 3.0 3.0 8.0 9.0 9.0 4.0 8.0 
1108447 1982 8 17 82 8.0 7.0 8.0 8.0 7.0 5.0 2.0 2.0 9.0 5.0 4.0 3.0 2.0 2.0 4.0 2.0 2.0 2.0 1.0 0.0 0.0 0.0 0.0 0.0 
1108447 1982 8 18 82 0.0 0.0 0.0 0.0 0.0 0.0 0.0 1.0 1.0 1.0 0.0 0.0 0.0 0.0 0.0 0.0 0.0 0.0 0.0 0.0 0.0 0.0 0.0 0.0 
1108447 1982 8 19 82 0.0 0.0 0.0 0.0 0.0 0.0 0.0 0.0 0.0 0.0 0.0 0.0 0.0 0.0 1.0 2.0 2.0 6.0 5.0 6.0 8.0 8.0 4.0 0.0 
1108447 1982 8 20 82 1.0 0.0 0.0 0.0 5.0 10.0 10.0 9.0 9.0 8.0 6.0 2.0 1.0 0.0 0.0 1.0 1.0 1.0 2.0 3.0 1.0 1.0 1.0 3.0 
1108447 1982 8 21 82 2.0 0.0 0.0 0.0 0.0 0.0 0.0 0.0 0.0 0.0 0.0 0.0 0.0 0.0 0.0 0.0 0.0 0.0 0.0 0.0 0.0 1.0 1.0 0.0 
1108447 1982 8 22 82 0.0 0.0 0.0 0.0 0.0 0.0 0.0 0.0 0.0 0.0 1.0 2.0 4.0 4.0 3.0 1.0 2.0 8.0 3.0 5.0 3.0 2.0 1.0 1.0 
1108447 1982 8 23 82 0.0 0.0 0.0 0.0 0.0 0.0 0.0 0.0 0.0 0.0 0.0 0.0 0.0 0.0 0.0 0.0 0.0 0.0 0.0 0.0 0.0 0.0 0.0 0.0 
1108447 1982 8 24 82 0.0 0.0 0.0 0.0 0.0 0.0 0.0 0.0 0.0 0.0 0.0 0.0 0.0 0.0 0.0 0.0 0.0 0.0 0.0 0.0 1.0 0.0 0.0 0.0 
1108447 1982 8 25 82 0.0 0.0 0.0 0.0 0.0 0.0 1.0 3.0 2.0 1.0 0.0 0.0 0.0 0.0 0.0 0.0 0.0 0.0 1.0 4.0 4.0 1.0 0.0 0.0 
1108447 1982 8 26 82 0.0 0.0 0.0 1.0 0.0 1.0 0.0 6.0 9.0 7.0 7.0 9.0 8.0 4.0 2.0 4.0 4.0 3.0 2.0 4.0 4.0 4.0 6.0 5.0 
1108447 1982 8 27 82 9.0 10.0 10.0 10.0 10.0 10.0 10.0 10.0 9.0 9.0 10.0 10.0 10.0 10.0 10.0 10.0 10.0 10.0 10.0 10.0 10.0 10.0 10.0 9.0 
1108447 1982 8 28 82 9.0 9.0 9.0 9.0 9.0 10.0 9.0 10.0 9.0 10.0 10.0 9.0 9.0 8.0 7.0 5.0 3.0 2.0 1.0 1.0 1.0 1.0 1.0 1.0 
1108447 1982 8 29 82 0.0 0.0 0.0 0.0 0.0 9.0 9.0 9.0 9.0 9.0 9.0 9.0 9.0 9.0 9.0 9.0 9.0 9.0 9.0 9.0 9.0 9.0 9.0 10.0 
1108447 1982 8 30 82 10.0 10.0 10.0 10.0 10.0 10.0 10.0 10.0 10.0 10.0 9.0 9.0 9.0 9.0 9.0 9.0 9.0 9.0 9.0 10.0 10.0 10.0 9.0 9.0 
1108447 1982 8 31 82 9.0 10.0 10.0 10.0 10.0 9.0 9.0 9.0 9.0 9.0 9.0 9.0 9.0 9.0 9.0 9.0 9.0 9.0 9.0 9.0 9.0 9.0 9.0 7.0 
1108447 1982 9 1 82 4.0 4.0 7.0 8.0 9.0 9.0 9.0 8.0 8.0 9.0 9.0 9.0 9.0 9.0 8.0 9.0 9.0 9.0 8.0 3.0 2.0 0.0 0.0 0.0 
1108447 1982 9 2 82 1.0 1.0 0.0 1.0 1.0 3.0 6.0 8.0 8.0 7.0 7.0 7.0 4.0 2.0 1.0 1.0 0.0 0.0 0.0 1.0 0.0 0.0 0.0 0.0 
1108447 1982 9 3 82 1.0 2.0 4.0 5.0 6.0 7.0 9.0 9.0 9.0 9.0 9.0 10.0 10.0 10.0 10.0 10.0 10.0 10.0 10.0 10.0 10.0 10.0 10.0 10.0 
1108447 1982 9 4 82 10.0 10.0 10.0 9.0 9.0 10.0 10.0 10.0 10.0 9.0 9.0 9.0 5.0 9.0 9.0 9.0 9.0 9.0 8.0 9.0 9.0 9.0 9.0 6.0 
1108447 1982 9 5 82 4.0 3.0 0.0 1.0 2.0 2.0 5.0 4.0 7.0 4.0 6.0 9.0 9.0 9.0 9.0 8.0 7.0 4.0 3.0 3.0 4.0 6.0 7.0 7.0 
1108447 1982 9 6 82 8.0 10.0 10.0 10.0 10.0 10.0 9.0 9.0 9.0 9.0 8.0 9.0 9.0 9.0 9.0 9.0 10.0 9.0 10.0 10.0 8.0 9.0 10.0 10.0 
1108447 1982 9 7 82 10.0 10.0 10.0 10.0 10.0 9.0 10.0 10.0 10.0 9.0 9.0 10.0 10.0 10.0 10.0 10.0 10.0 10.0 10.0 10.0 10.0 9.0 10.0 10.0 
1108447 1982 9 8 82 10.0 10.0 10.0 10.0 8.0 9.0 9.0 9.0 9.0 9.0 9.0 9.0 10.0 9.0 9.0 9.0 9.0 9.0 9.0 10.0 10.0 10.0 10.0 10.0 
1108447 1982 9 9 82 10.0 10.0 10.0 10.0 10.0 9.0 9.0 9.0 9.0 10.0 9.0 8.0 6.0 3.0 3.0 6.0 8.0 7.0 4.0 6.0 4.0 4.0 4.0 2.0 
1108447 1982 9 10 82 5.0 4.0 7.0 4.0 2.0 7.0 5.0 5.0 3.0 4.0 2.0 2.0 2.0 1.0 1.0 3.0 7.0 9.0 9.0 10.0 10.0 10.0 10.0 10.0 
1108447 1982 9 11 82 10.0 10.0 10.0 10.0 10.0 10.0 10.0 10.0 10.0 10.0 10.0 10.0 10.0 10.0 10.0 10.0 10.0 10.0 10.0 10.0 10.0 10.0 10.0 10.0 
1108447 1982 9 12 82 7.0 5.0 7.0 9.0 9.0 9.0 8.0 2.0 1.0 3.0 3.0 2.0 3.0 1.0 1.0 1.0 1.0 6.0 6.0 3.0 2.0 2.0 1.0 1.0 
1108447 1982 9 13 82 1.0 0.0 1.0 0.0 0.0 0.0 2.0 2.0 1.0 1.0 3.0 8.0 6.0 3.0 5.0 4.0 2.0 1.0 1.0 0.0 0.0 0.0 0.0 0.0 
1108447 1982 9 14 82 0.0 0.0 0.0 0.0 0.0 0.0 0.0 0.0 0.0 0.0 1.0 2.0 2.0 1.0 0.0 0.0 0.0 2.0 5.0 5.0 3.0 3.0 3.0 3.0 
1108447 1982 9 15 82 3.0 3.0 3.0 4.0 6.0 4.0 4.0 7.0 7.0 8.0 8.0 8.0 8.0 8.0 7.0 3.0 3.0 8.0 9.0 8.0 7.0 7.0 7.0 3.0 
1108447 1982 9 16 82 3.0 0.0 0.0 0.0 0.0 0.0 0.0 0.0 0.0 0.0 0.0 0.0 0.0 0.0 0.0 0.0 0.0 0.0 1.0 3.0 1.0 0.0 0.0 0.0 
1108447 1982 9 17 82 1.0 0.0 1.0 0.0 0.0 0.0 0.0 0.0 0.0 0.0 0.0 0.0 0.0 0.0 0.0 0.0 0.0 0.0 0.0 0.0 0.0 0.0 0.0 3.0 
1108447 1982 9 18 82 2.0 0.0 0.0 0.0 0.0 0.0 0.0 0.0 0.0 0.0 0.0 0.0 0.0 0.0 0.0 1.0 1.0 1.0 1.0 1.0 1.0 1.0 0.0 0.0 
1108447 1982 9 19 82 0.0 0.0 0.0 0.0 0.0 3.0 6.0 8.0 8.0 9.0 9.0 9.0 9.0 9.0 9.0 10.0 10.0 10.0 10.0 10.0 10.0 10.0 10.0 10.0 
1108447 1982 9 20 82 10.0 10.0 9.0 5.0 7.0 8.0 10.0 10.0 10.0 10.0 10.0 10.0 10.0 10.0 10.0 10.0 10.0 10.0 10.0 10.0 10.0 9.0 6.0 8.0 
1108447 1982 9 21 82 9.0 9.0 9.0 6.0 7.0 10.0 10.0 10.0 10.0 10.0 10.0 10.0 10.0 10.0 10.0 10.0 10.0 10.0 10.0 10.0 7.0 7.0 8.0 8.0 
1108447 1982 9 22 82 7.0 7.0 8.0 8.0 10.0 10.0 10.0 10.0 10.0 10.0 10.0 10.0 0.0 0.0 0.0 2.0 2.0 3.0 2.0 2.0 0.0 0.0 0.0 0.0 
1108447 1982 9 23 82 0.0 0.0 0.0 1.0 7.0 9.0 10.0 10.0 10.0 10.0 10.0 10.0 10.0 9.0 10.0 8.0 8.0 4.0 7.0 0.0 0.0 0.0 3.0 0.0 
1108447 1982 9 24 82 0.0 5.0 8.0 10.0 10.0 10.0 10.0 10.0 10.0 10.0 10.0 10.0 10.0 10.0 9.0 10.0 10.0 10.0 10.0 10.0 10.0 10.0 10.0 10.0 
1108447 1982 9 25 82 10.0 10.0 10.0 10.0 10.0 10.0 10.0 10.0 10.0 10.0 10.0 10.0 9.0 9.0 9.0 9.0 6.0 7.0 5.0 7.0 3.0 7.0 4.0 4.0 
1108447 1982 9 26 82 6.0 8.0 8.0 6.0 7.0 9.0 10.0 9.0 8.0 4.0 4.0 4.0 3.0 3.0 3.0 5.0 5.0 1.0 1.0 0.0 0.0 0.0 0.0 0.0 
1108447 1982 9 27 82 1.0 1.0 1.0 6.0 8.0 9.0 9.0 10.0 10.0 9.0 9.0 10.0 10.0 10.0 10.0 9.0 9.0 9.0 8.0 9.0 9.0 4.0 1.0 3.0 
1108447 1982 9 28 82 2.0 7.0 8.0 7.0 7.0 9.0 9.0 9.0 9.0 9.0 9.0 9.0 7.0 6.0 7.0 9.0 6.0 1.0 1.0 2.0 1.0 0.0 0.0 1.0 
1108447 1982 9 29 82 1.0 0.0 0.0 0.0 0.0 0.0 3.0 2.0 0.0 0.0 0.0 0.0 1.0 2.0 3.0 6.0 7.0 5.0 2.0 1.0 2.0 0.0 0.0 3.0 
1108447 1982 9 30 82 0.0 5.0 5.0 0.0 0.0 0.0 0.0 0.0 0.0 0.0 0.0 0.0 0.0 0.0 0.0 0.0 0.0 0.0 0.0 1.0 0.0 0.0 0.0 1.0 
1108447 1982 10 1 82 3.0 1.0 0.0 0.0 0.0 0.0 2.0 1.0 1.0 3.0 8.0 9.0 7.0 6.0 7.0 10.0 10.0 10.0 9.0 9.0 10.0 10.0 10.0 10.0 
1108447 1982 10 2 82 10.0 10.0 10.0 10.0 10.0 9.0 10.0 6.0 2.0 1.0 3.0 3.0 2.0 7.0 9.0 9.0 8.0 8.0 8.0 7.0 6.0 3.0 4.0 4.0 
1108447 1982 10 3 82 6.0 3.0 1.0 6.0 9.0 10.0 10.0 9.0 9.0 9.0 9.0 9.0 9.0 9.0 9.0 10.0 10.0 10.0 10.0 10.0 10.0 10.0 9.0 10.0 
1108447 1982 10 4 82 10.0 10.0 10.0 10.0 10.0 10.0 10.0 9.0 4.0 6.0 3.0 2.0 2.0 2.0 2.0 2.0 2.0 2.0 1.0 1.0 1.0 1.0 3.0 5.0 
1108447 1982 10 5 82 8.0 9.0 6.0 9.0 10.0 9.0 8.0 8.0 9.0 9.0 10.0 10.0 10.0 10.0 10.0 9.0 9.0 10.0 10.0 10.0 10.0 10.0 10.0 10.0 
1108447 1982 10 6 82 10.0 10.0 10.0 10.0 10.0 10.0 10.0 10.0 10.0 10.0 10.0 10.0 10.0 9.0 8.0 9.0 9.0 9.0 9.0 9.0 10.0 9.0 9.0 10.0 
1108447 1982 10 7 82 10.0 8.0 8.0 8.0 10.0 9.0 9.0 8.0 7.0 7.0 7.0 3.0 2.0 2.0 2.0 1.0 9.0 8.0 9.0 3.0 4.0 8.0 9.0 9.0 
1108447 1982 10 8 82 9.0 9.0 10.0 10.0 10.0 10.0 10.0 10.0 10.0 10.0 10.0 10.0 10.0 9.0 9.0 9.0 9.0 9.0 9.0 9.0 9.0 10.0 9.0 9.0 
1108447 1982 10 9 82 9.0 9.0 9.0 9.0 9.0 9.0 7.0 4.0 3.0 4.0 6.0 7.0 8.0 8.0 9.0 9.0 9.0 9.0 8.0 6.0 5.0 3.0 3.0 3.0 
1108447 1982 10 10 82 3.0 1.0 0.0 0.0 0.0 0.0 1.0 0.0 0.0 0.0 0.0 5.0 1.0 1.0 1.0 2.0 3.0 3.0 3.0 5.0 2.0 0.0 0.0 0.0 
1108447 1982 10 11 82 0.0 0.0 1.0 1.0 0.0 0.0 5.0 10.0 10.0 10.0 10.0 10.0 5.0 2.0 2.0 2.0 2.0 4.0 4.0 2.0 0.0 0.0 0.0 0.0 
1108447 1982 10 12 82 0.0 1.0 1.0 2.0 4.0 9.0 10.0 10.0 9.0 9.0 10.0 6.0 8.0 7.0 2.0 1.0 1.0 0.0 0.0 0.0 0.0 0.0 0.0 0.0 
1108447 1982 10 13 82 0.0 2.0 2.0 6.0 9.0 8.0 8.0 5.0 8.0 2.0 0.0 0.0 0.0 0.0 0.0 0.0 0.0 0.0 0.0 0.0 0.0 0.0 0.0 2.0 
1108447 1982 10 14 82 0.0 0.0 2.0 0.0 0.0 7.0 9.0 9.0 8.0 8.0 8.0 7.0 7.0 8.0 8.0 8.0 7.0 6.0 4.0 0.0 0.0 0.0 0.0 0.0 
1108447 1982 10 15 82 3.0 9.0 8.0 9.0 6.0 5.0 8.0 9.0 8.0 9.0 10.0 10.0 10.0 10.0 10.0 10.0 10.0 10.0 10.0 10.0 10.0 9.0 10.0 9.0 
1108447 1982 10 16 82 9.0 9.0 9.0 9.0 10.0 10.0 9.0 10.0 9.0 10.0 10.0 10.0 10.0 10.0 9.0 9.0 5.0 1.0 2.0 5.0 9.0 10.0 10.0 10.0 
1108447 1982 10 17 82 7.0 8.0 6.0 4.0 3.0 6.0 8.0 7.0 6.0 2.0 2.0 7.0 7.0 9.0 8.0 8.0 5.0 3.0 1.0 3.0 0.0 0.0 1.0 1.0 
1108447 1982 10 18 82 0.0 0.0 0.0 0.0 2.0 4.0 5.0 8.0 6.0 8.0 8.0 1.0 1.0 2.0 1.0 1.0 1.0 1.0 1.0 1.0 1.0 1.0 1.0 1.0 
1108447 1982 10 19 82 1.0 0.0 0.0 0.0 2.0 4.0 1.0 1.0 4.0 3.0 3.0 4.0 3.0 4.0 5.0 6.0 5.0 7.0 8.0 8.0 6.0 4.0 4.0 7.0 
1108447 1982 10 20 82 8.0 7.0 7.0 4.0 0.0 0.0 7.0 9.0 9.0 9.0 7.0 9.0 9.0 9.0 9.0 10.0 10.0 10.0 10.0 10.0 10.0 10.0 10.0 10.0 
1108447 1982 10 21 82 10.0 10.0 9.0 8.0 9.0 10.0 10.0 10.0 10.0 10.0 10.0 10.0 10.0 10.0 10.0 10.0 10.0 10.0 10.0 10.0 10.0 10.0 10.0 10.0 
1108447 1982 10 22 82 10.0 10.0 10.0 10.0 10.0 10.0 10.0 10.0 9.0 9.0 10.0 10.0 10.0 10.0 9.0 9.0 9.0 3.0 3.0 8.0 7.0 6.0 9.0 6.0 
1108447 1982 10 23 82 8.0 9.0 9.0 10.0 10.0 10.0 8.0 9.0 9.0 9.0 9.0 9.0 9.0 8.0 9.0 9.0 9.0 9.0 9.0 10.0 10.0 10.0 10.0 10.0 
1108447 1982 10 24 82 10.0 10.0 10.0 10.0 10.0 10.0 10.0 10.0 10.0 10.0 10.0 10.0 10.0 10.0 10.0 10.0 10.0 10.0 10.0 10.0 10.0 10.0 10.0 9.0 
1108447 1982 10 25 82 9.0 8.0 9.0 8.0 9.0 8.0 9.0 10.0 10.0 10.0 10.0 9.0 9.0 9.0 9.0 9.0 9.0 10.0 10.0 10.0 10.0 10.0 10.0 10.0 
1108447 1982 10 26 82 10.0 10.0 10.0 9.0 10.0 10.0 9.0 9.0 10.0 10.0 10.0 9.0 10.0 10.0 10.0 10.0 10.0 10.0 10.0 10.0 10.0 10.0 10.0 10.0 
1108447 1982 10 27 82 9.0 4.0 2.0 2.0 7.0 9.0 10.0 10.0 10.0 10.0 10.0 10.0 10.0 10.0 10.0 10.0 10.0 10.0 10.0 10.0 10.0 10.0 10.0 10.0 
1108447 1982 10 28 82 10.0 10.0 10.0 10.0 10.0 10.0 10.0 9.0 10.0 10.0 10.0 10.0 10.0 10.0 10.0 10.0 10.0 10.0 10.0 10.0 9.0 8.0 7.0 3.0 
1108447 1982 10 29 82 1.0 1.0 5.0 1.0 0.0 4.0 0.0 0.0 0.0 0.0 1.0 0.0 0.0 0.0 0.0 0.0 0.0 1.0 1.0 0.0 0.0 0.0 4.0 6.0 
1108447 1982 10 30 82 5.0 8.0 10.0 10.0 10.0 10.0 10.0 10.0 8.0 9.0 10.0 10.0 9.0 9.0 9.0 7.0 8.0 9.0 10.0 10.0 10.0 10.0 10.0 10.0 
1108447 1982 10 31 82 10.0 10.0 10.0 10.0 10.0 10.0 10.0 10.0 9.0 10.0 10.0 10.0 10.0 10.0 10.0 10.0 9.0 6.0 9.0 9.0 5.0 8.0 5.0 1.0 
1108447 1982 11 1 82 1.0 1.0 1.0 2.0 4.0 7.0 9.0 8.0 9.0 10.0 9.0 9.0 8.0 6.0 2.0 2.0 1.0 0.0 0.0 0.0 0.0 0.0 0.0 0.0 
1108447 1982 11 2 82 7.0 7.0 5.0 7.0 6.0 3.0 9.0 9.0 9.0 9.0 10.0 10.0 10.0 10.0 9.0 9.0 10.0 10.0 9.0 10.0 10.0 10.0 10.0 10.0 
1108447 1982 11 3 82 10.0 10.0 10.0 9.0 10.0 10.0 10.0 10.0 9.0 9.0 9.0 9.0 9.0 10.0 9.0 9.0 10.0 10.0 10.0 10.0 10.0 10.0 10.0 10.0 
1108447 1982 11 4 82 10.0 10.0 10.0 9.0 8.0 9.0 9.0 7.0 10.0 10.0 10.0 9.0 6.0 7.0 5.0 4.0 5.0 7.0 3.0 8.0 6.0 4.0 9.0 10.0 
1108447 1982 11 5 82 9.0 10.0 10.0 10.0 10.0 10.0 10.0 10.0 10.0 10.0 10.0 9.0 10.0 9.0 5.0 8.0 8.0 8.0 7.0 9.0 8.0 4.0 6.0 4.0 
1108447 1982 11 6 82 9.0 10.0 9.0 10.0 5.0 5.0 4.0 9.0 9.0 10.0 10.0 10.0 10.0 9.0 9.0 9.0 7.0 9.0 6.0 7.0 8.0 7.0 9.0 10.0 
1108447 1982 11 7 82 10.0 10.0 10.0 10.0 10.0 10.0 10.0 10.0 10.0 10.0 10.0 10.0 10.0 9.0 9.0 9.0 9.0 9.0 9.0 9.0 8.0 6.0 7.0 2.0 
1108447 1982 11 8 82 7.0 7.0 9.0 10.0 10.0 10.0 3.0 4.0 4.0 2.0 2.0 1.0 1.0 0.0 0.0 0.0 0.0 1.0 1.0 0.0 0.0 0.0 0.0 0.0 
1108447 1982 11 9 82 0.0 0.0 0.0 0.0 0.0 0.0 0.0 0.0 0.0 0.0 0.0 0.0 0.0 0.0 0.0 0.0 0.0 0.0 0.0 0.0 0.0 0.0 0.0 0.0 
1108447 1982 11 10 82 0.0 0.0 0.0 0.0 0.0 0.0 0.0 1.0 3.0 2.0 4.0 9.0 9.0 9.0 9.0 9.0 9.0 6.0 2.0 1.0 1.0 0.0 1.0 0.0 
1108447 1982 11 11 82 2.0 0.0 0.0 0.0 1.0 4.0 3.0 0.0 2.0 1.0 1.0 1.0 2.0 2.0 4.0 6.0 7.0 6.0 5.0 0.0 0.0 0.0 5.0 4.0 
1108447 1982 11 12 82 4.0 9.0 10.0 10.0 9.0 10.0 10.0 10.0 10.0 10.0 10.0 10.0 10.0 10.0 10.0 9.0 9.0 9.0 10.0 10.0 10.0 10.0 10.0 10.0 
1108447 1982 11 13 82 9.0 9.0 9.0 4.0 2.0 2.0 1.0 4.0 1.0 1.0 1.0 1.0 3.0 2.0 3.0 4.0 2.0 2.0 1.0 0.0 0.0 0.0 0.0 0.0 
1108447 1982 11 14 82 3.0 3.0 2.0 5.0 5.0 2.0 0.0 4.0 6.0 7.0 9.0 6.0 5.0 5.0 4.0 4.0 4.0 8.0 9.0 7.0 10.0 10.0 9.0 9.0 
1108447 1982 11 15 82 9.0 10.0 10.0 10.0 10.0 10.0 10.0 10.0 10.0 10.0 10.0 10.0 10.0 10.0 10.0 10.0 10.0 10.0 10.0 10.0 10.0 10.0 10.0 10.0 
1108447 1982 11 16 82 10.0 10.0 10.0 10.0 10.0 10.0 10.0 10.0 10.0 10.0 10.0 10.0 10.0 10.0 10.0 10.0 10.0 10.0 10.0 10.0 10.0 10.0 10.0 10.0 
1108447 1982 11 17 82 10.0 10.0 10.0 10.0 10.0 10.0 10.0 10.0 10.0 10.0 10.0 10.0 10.0 10.0 9.0 9.0 7.0 8.0 4.0 5.0 5.0 3.0 2.0 4.0 
1108447 1982 11 18 82 3.0 3.0 1.0 3.0 5.0 0.0 3.0 10.0 10.0 10.0 9.0 8.0 8.0 9.0 9.0 9.0 10.0 10.0 10.0 10.0 10.0 10.0 10.0 10.0 
1108447 1982 11 19 82 10.0 10.0 10.0 10.0 10.0 10.0 10.0 10.0 10.0 10.0 10.0 9.0 7.0 4.0 3.0 9.0 9.0 8.0 8.0 6.0 3.0 6.0 5.0 5.0 
1108447 1982 11 20 82 7.0 5.0 8.0 6.0 5.0 7.0 9.0 9.0 10.0 10.0 10.0 9.0 9.0 10.0 10.0 7.0 6.0 7.0 5.0 5.0 2.0 2.0 4.0 7.0 
1108447 1982 11 21 82 10.0 7.0 10.0 8.0 8.0 8.0 9.0 9.0 8.0 8.0 6.0 5.0 4.0 4.0 3.0 2.0 1.0 1.0 0.0 0.0 0.0 0.0 0.0 0.0 
1108447 1982 11 22 82 0.0 0.0 0.0 0.0 0.0 0.0 0.0 0.0 0.0 0.0 0.0 0.0 0.0 0.0 0.0 0.0 0.0 0.0 0.0 0.0 0.0 0.0 0.0 0.0 
1108447 1982 11 23 82 0.0 0.0 0.0 0.0 0.0 0.0 0.0 0.0 0.0 0.0 0.0 0.0 0.0 0.0 0.0 1.0 1.0 1.0 0.0 0.0 0.0 0.0 0.0 0.0 
1108447 1982 11 24 82 0.0 0.0 0.0 0.0 2.0 8.0 8.0 10.0 8.0 7.0 6.0 3.0 3.0 1.0 0.0 0.0 0.0 0.0 0.0 0.0 0.0 2.0 0.0 0.0 
1108447 1982 11 25 82 0.0 2.0 2.0 4.0 0.0 0.0 0.0 8.0 9.0 10.0 10.0 10.0 10.0 10.0 10.0 10.0 10.0 10.0 10.0 10.0 10.0 10.0 10.0 10.0 
1108447 1982 11 26 82 10.0 10.0 10.0 10.0 10.0 10.0 10.0 10.0 10.0 10.0 10.0 10.0 10.0 10.0 10.0 10.0 10.0 10.0 10.0 10.0 10.0 10.0 10.0 10.0 
1108447 1982 11 27 82 10.0 10.0 10.0 10.0 10.0 10.0 10.0 10.0 10.0 10.0 10.0 10.0 10.0 10.0 10.0 10.0 10.0 10.0 10.0 10.0 10.0 10.0 10.0 10.0 
1108447 1982 11 28 82 10.0 10.0 10.0 10.0 10.0 10.0 10.0 10.0 10.0 10.0 10.0 10.0 10.0 10.0 10.0 10.0 10.0 10.0 10.0 10.0 10.0 10.0 10.0 10.0 
1108447 1982 11 29 82 10.0 10.0 10.0 10.0 10.0 10.0 10.0 10.0 9.0 9.0 10.0 10.0 10.0 10.0 10.0 9.0 10.0 10.0 10.0 10.0 10.0 10.0 10.0 10.0 
1108447 1982 11 30 82 10.0 10.0 10.0 10.0 10.0 10.0 10.0 10.0 10.0 10.0 10.0 10.0 10.0 9.0 10.0 10.0 10.0 10.0 10.0 10.0 10.0 10.0 10.0 10.0 
1108447 1982 12 1 82 10.0 10.0 10.0 10.0 10.0 10.0 10.0 10.0 10.0 10.0 10.0 10.0 10.0 10.0 10.0 10.0 10.0 10.0 10.0 9.0 10.0 10.0 10.0 10.0 
1108447 1982 12 2 82 10.0 10.0 10.0 10.0 10.0 10.0 10.0 10.0 10.0 10.0 10.0 10.0 10.0 10.0 10.0 10.0 10.0 10.0 10.0 10.0 10.0 10.0 10.0 10.0 
1108447 1982 12 3 82 10.0 10.0 10.0 10.0 10.0 10.0 10.0 10.0 10.0 10.0 10.0 10.0 10.0 9.0 9.0 5.0 4.0 3.0 5.0 2.0 2.0 3.0 2.0 1.0 
1108447 1982 12 4 82 4.0 8.0 10.0 10.0 10.0 10.0 10.0 10.0 5.0 3.0 8.0 9.0 9.0 5.0 7.0 8.0 9.0 8.0 8.0 8.0 9.0 10.0 10.0 10.0 
1108447 1982 12 5 82 10.0 10.0 10.0 10.0 8.0 5.0 4.0 2.0 1.0 0.0 0.0 0.0 5.0 8.0 9.0 10.0 10.0 10.0 10.0 10.0 10.0 10.0 10.0 9.0 
1108447 1982 12 6 82 9.0 9.0 9.0 10.0 10.0 10.0 10.0 10.0 4.0 3.0 3.0 1.0 1.0 2.0 4.0 4.0 1.0 3.0 3.0 2.0 0.0 0.0 0.0 0.0 
1108447 1982 12 7 82 0.0 0.0 0.0 0.0 0.0 0.0 1.0 0.0 0.0 2.0 6.0 5.0 5.0 8.0 9.0 9.0 9.0 6.0 5.0 3.0 0.0 5.0 8.0 3.0 
1108447 1982 12 8 82 0.0 4.0 7.0 6.0 9.0 10.0 10.0 10.0 10.0 10.0 10.0 10.0 10.0 10.0 10.0 10.0 9.0 9.0 9.0 9.0 9.0 9.0 9.0 9.0 
1108447 1982 12 9 82 9.0 8.0 7.0 5.0 1.0 1.0 1.0 1.0 7.0 7.0 7.0 7.0 7.0 5.0 3.0 0.0 0.0 0.0 0.0 0.0 0.0 0.0 0.0 0.0 
1108447 1982 12 10 82 0.0 0.0 0.0 0.0 1.0 0.0 0.0 0.0 5.0 9.0 9.0 9.0 9.0 9.0 8.0 8.0 7.0 4.0 4.0 2.0 2.0 1.0 0.0 0.0 
1108447 1982 12 11 82 0.0 0.0 0.0 0.0 0.0 0.0 0.0 1.0 6.0 7.0 8.0 8.0 8.0 7.0 8.0 9.0 10.0 10.0 10.0 10.0 10.0 10.0 10.0 10.0 
1108447 1982 12 12 82 10.0 10.0 10.0 10.0 10.0 10.0 10.0 10.0 10.0 10.0 10.0 10.0 10.0 10.0 10.0 10.0 10.0 10.0 10.0 10.0 10.0 10.0 10.0 10.0 
1108447 1982 12 13 82 9.0 10.0 10.0 10.0 9.0 9.0 6.0 4.0 8.0 9.0 9.0 8.0 9.0 8.0 9.0 10.0 10.0 9.0 10.0 9.0 10.0 10.0 10.0 10.0 
1108447 1982 12 14 82 10.0 10.0 10.0 10.0 3.0 9.0 10.0 10.0 9.0 10.0 10.0 10.0 10.0 10.0 10.0 10.0 10.0 10.0 10.0 10.0 10.0 10.0 10.0 8.0 
1108447 1982 12 15 82 8.0 10.0 7.0 9.0 10.0 10.0 10.0 10.0 9.0 10.0 10.0 7.0 9.0 10.0 10.0 10.0 10.0 10.0 10.0 10.0 10.0 10.0 10.0 10.0 
1108447 1982 12 16 82 6.0 8.0 9.0 10.0 10.0 10.0 10.0 8.0 9.0 9.0 9.0 9.0 6.0 9.0 9.0 9.0 10.0 10.0 10.0 10.0 10.0 10.0 10.0 10.0 
1108447 1982 12 17 82 8.0 9.0 8.0 7.0 3.0 6.0 9.0 10.0 10.0 10.0 9.0 9.0 9.0 10.0 10.0 10.0 9.0 9.0 9.0 8.0 8.0 10.0 9.0 10.0 
1108447 1982 12 18 82 9.0 10.0 9.0 9.0 10.0 10.0 10.0 10.0 10.0 10.0 10.0 10.0 10.0 10.0 10.0 9.0 10.0 10.0 10.0 10.0 10.0 10.0 10.0 10.0 
1108447 1982 12 19 82 10.0 10.0 10.0 10.0 10.0 9.0 10.0 9.0 9.0 6.0 8.0 8.0 7.0 6.0 6.0 6.0 4.0 3.0 9.0 5.0 5.0 10.0 10.0 10.0 
1108447 1982 12 20 82 10.0 10.0 10.0 10.0 10.0 10.0 10.0 10.0 10.0 10.0 10.0 10.0 10.0 10.0 10.0 10.0 10.0 10.0 10.0 10.0 10.0 10.0 10.0 10.0 
1108447 1982 12 21 82 10.0 10.0 10.0 10.0 10.0 10.0 9.0 9.0 9.0 9.0 7.0 9.0 10.0 8.0 9.0 9.0 10.0 10.0 10.0 10.0 10.0 10.0 10.0 10.0 
1108447 1982 12 22 82 10.0 10.0 10.0 10.0 10.0 10.0 10.0 10.0 9.0 9.0 8.0 8.0 8.0 7.0 7.0 7.0 5.0 7.0 8.0 8.0 4.0 5.0 6.0 9.0 
1108447 1982 12 23 82 9.0 9.0 7.0 9.0 9.0 10.0 9.0 9.0 9.0 8.0 7.0 2.0 9.0 7.0 3.0 2.0 2.0 2.0 3.0 2.0 7.0 7.0 9.0 9.0 
1108447 1982 12 24 82 9.0 10.0 10.0 10.0 10.0 10.0 10.0 10.0 10.0 10.0 10.0 10.0 10.0 10.0 10.0 10.0 9.0 9.0 10.0 10.0 10.0 10.0 10.0 10.0 
1108447 1982 12 25 82 10.0 10.0 10.0 10.0 10.0 10.0 10.0 10.0 10.0 10.0 10.0 10.0 10.0 10.0 10.0 10.0 10.0 10.0 10.0 10.0 9.0 9.0 7.0 1.0 
1108447 1982 12 26 82 5.0 1.0 1.0 1.0 1.0 1.0 0.0 8.0 7.0 2.0 2.0 8.0 7.0 6.0 2.0 2.0 1.0 0.0 0.0 0.0 0.0 0.0 0.0 0.0 
1108447 1982 12 27 82 0.0 0.0 0.0 0.0 0.0 0.0 0.0 0.0 1.0 1.0 0.0 1.0 1.0 1.0 1.0 6.0 7.0 7.0 7.0 5.0 3.0 0.0 4.0 6.0 
1108447 1982 12 28 82 8.0 9.0 9.0 3.0 9.0 3.0 2.0 1.0 0.0 3.0 5.0 6.0 5.0 7.0 5.0 3.0 3.0 3.0 2.0 0.0 0.0 2.0 2.0 4.0 
1108447 1982 12 29 82 3.0 0.0 0.0 0.0 0.0 0.0 0.0 0.0 2.0 2.0 3.0 6.0 7.0 8.0 8.0 7.0 5.0 3.0 2.0 2.0 2.0 1.0 2.0 2.0 
1108447 1982 12 30 82 2.0 0.0 0.0 0.0 0.0 0.0 0.0 0.0 0.0 0.0 0.0 0.0 0.0 0.0 0.0 1.0 0.0 0.0 0.0 0.0 0.0 0.0 1.0 1.0 
1108447 1982 12 31 82 1.0 4.0 4.0 5.0 6.0 1.0 4.0 10.0 10.0 10.0 10.0 10.0 10.0 10.0 9.0 9.0 9.0 10.0 10.0 9.0 10.0 9.0 7.0 5.0 
1108447 1983 1 1 82 7.0 10.0 10.0 10.0 10.0 10.0 10.0 10.0 10.0 10.0 10.0 10.0 10.0 10.0 10.0 10.0 10.0 10.0 10.0 10.0 10.0 10.0 10.0 10.0 
1108447 1983 1 2 82 10.0 10.0 10.0 10.0 10.0 10.0 10.0 10.0 10.0 10.0 10.0 10.0 10.0 10.0 10.0 9.0 10.0 10.0 10.0 10.0 10.0 10.0 10.0 10.0 
