1108447 1998 1 1 82 9.0 10.0 10.0 10.0 10.0 10.0 10.0 10.0 10.0 10.0 10.0 10.0 10.0 10.0 10.0 10.0 9.0 9.0 9.0 9.0 4.0 5.0 7.0 8.0 
1108447 1998 1 2 82 10.0 9.0 9.0 9.0 9.0 7.0 9.0 9.0 8.0 8.0 4.0 3.0 6.0 4.0 8.0 8.0 9.0 8.0 8.0 8.0 7.0 8.0 6.0 5.0 
1108447 1998 1 3 82 9.0 10.0 8.0 9.0 10.0 10.0 10.0 10.0 10.0 9.0 9.0 10.0 9.0 9.0 8.0 9.0 9.0 10.0 10.0 10.0 10.0 10.0 10.0 10.0 
1108447 1998 1 4 82 10.0 10.0 10.0 10.0 10.0 10.0 10.0 10.0 10.0 10.0 10.0 9.0 10.0 9.0 9.0 10.0 10.0 10.0 10.0 10.0 10.0 10.0 10.0 10.0 
1108447 1998 1 5 82 10.0 10.0 10.0 10.0 10.0 10.0 5.0 4.0 5.0 4.0 8.0 9.0 10.0 9.0 7.0 7.0 8.0 9.0 8.0 9.0 9.0 9.0 10.0 10.0 
1108447 1998 1 6 82 10.0 9.0 8.0 9.0 10.0 9.0 10.0 10.0 10.0 10.0 9.0 10.0 10.0 10.0 10.0 10.0 9.0 9.0 9.0 10.0 10.0 10.0 10.0 10.0 
1108447 1998 1 7 82 10.0 10.0 10.0 10.0 9.0 8.0 9.0 10.0 9.0 9.0 8.0 5.0 8.0 5.0 5.0 4.0 7.0 4.0 3.0 7.0 8.0 9.0 8.0 7.0 
1108447 1998 1 8 82 10.0 7.0 4.0 5.0 3.0 0.0 2.0 2.0 7.0 4.0 2.0 1.0 4.0 2.0 2.0 1.0 2.0 2.0 1.0 0.0 0.0 0.0 0.0 0.0 
1108447 1998 1 9 82 0.0 0.0 0.0 0.0 0.0 0.0 0.0 0.0 5.0 4.0 3.0 2.0 2.0 2.0 3.0 2.0 2.0 1.0 1.0 1.0 0.0 0.0 2.0 3.0 
1108447 1998 1 10 82 3.0 2.0 3.0 8.0 7.0 5.0 1.0 1.0 1.0 1.0 1.0 0.0 0.0 0.0 0.0 0.0 0.0 0.0 0.0 0.0 0.0 0.0 0.0 0.0 
1108447 1998 1 11 82 0.0 0.0 0.0 0.0 0.0 0.0 0.0 0.0 0.0 0.0 0.0 0.0 0.0 0.0 0.0 0.0 0.0 0.0 0.0 0.0 0.0 0.0 0.0 0.0 
1108447 1998 1 12 82 0.0 0.0 0.0 2.0 4.0 8.0 8.0 8.0 9.0 9.0 9.0 9.0 9.0 9.0 9.0 10.0 10.0 10.0 10.0 10.0 10.0 10.0 10.0 10.0 
1108447 1998 1 13 82 10.0 10.0 10.0 10.0 10.0 10.0 10.0 10.0 10.0 10.0 10.0 10.0 10.0 10.0 10.0 10.0 10.0 10.0 10.0 10.0 10.0 10.0 10.0 10.0 
1108447 1998 1 14 82 10.0 10.0 10.0 10.0 10.0 9.0 9.0 10.0 10.0 10.0 10.0 10.0 10.0 7.0 8.0 9.0 10.0 10.0 10.0 10.0 10.0 10.0 10.0 10.0 
1108447 1998 1 15 82 10.0 10.0 10.0 10.0 10.0 10.0 10.0 10.0 9.0 9.0 8.0 8.0 6.0 5.0 5.0 4.0 8.0 9.0 9.0 10.0 10.0 9.0 10.0 10.0 
1108447 1998 1 16 82 10.0 10.0 10.0 10.0 10.0 10.0 10.0 10.0 10.0 10.0 10.0 10.0 9.0 9.0 10.0 10.0 10.0 10.0 10.0 10.0 10.0 10.0 10.0 10.0 
1108447 1998 1 17 82 10.0 10.0 10.0 10.0 10.0 10.0 10.0 10.0 10.0 10.0 10.0 9.0 5.0 4.0 4.0 4.0 8.0 10.0 10.0 10.0 10.0 10.0 10.0 10.0 
1108447 1998 1 18 82 10.0 10.0 10.0 10.0 10.0 10.0 10.0 8.0 9.0 10.0 10.0 10.0 10.0 10.0 10.0 10.0 10.0 10.0 10.0 10.0 10.0 10.0 10.0 10.0 
1108447 1998 1 19 82 10.0 10.0 10.0 10.0 10.0 10.0 10.0 9.0 10.0 10.0 10.0 10.0 10.0 10.0 9.0 10.0 9.0 10.0 9.0 9.0 7.0 5.0 5.0 9.0 
1108447 1998 1 20 82 8.0 10.0 10.0 10.0 10.0 10.0 9.0 9.0 10.0 10.0 10.0 10.0 10.0 9.0 9.0 9.0 10.0 10.0 10.0 10.0 9.0 8.0 8.0 8.0 
1108447 1998 1 21 82 10.0 10.0 10.0 10.0 10.0 10.0 10.0 10.0 10.0 10.0 10.0 10.0 10.0 10.0 10.0 10.0 10.0 10.0 10.0 10.0 10.0 10.0 9.0 9.0 
1108447 1998 1 22 82 8.0 10.0 10.0 9.0 9.0 4.0 6.0 9.0 10.0 9.0 10.0 10.0 10.0 10.0 10.0 10.0 10.0 10.0 10.0 10.0 10.0 10.0 10.0 10.0 
1108447 1998 1 23 82 10.0 10.0 10.0 10.0 10.0 10.0 10.0 10.0 10.0 10.0 10.0 10.0 10.0 10.0 10.0 10.0 10.0 10.0 10.0 10.0 10.0 10.0 10.0 9.0 
1108447 1998 1 24 82 10.0 9.0 10.0 9.0 10.0 10.0 10.0 10.0 10.0 9.0 9.0 9.0 10.0 10.0 10.0 10.0 10.0 9.0 9.0 10.0 6.0 4.0 7.0 9.0 
1108447 1998 1 25 82 5.0 6.0 4.0 5.0 8.0 8.0 8.0 9.0 9.0 10.0 10.0 10.0 10.0 10.0 10.0 10.0 10.0 10.0 10.0 8.0 9.0 10.0 10.0 10.0 
1108447 1998 1 26 82 6.0 6.0 9.0 9.0 7.0 3.0 7.0 7.0 9.0 9.0 9.0 9.0 9.0 9.0 7.0 8.0 9.0 6.0 4.0 6.0 10.0 10.0 9.0 9.0 
1108447 1998 1 27 82 9.0 7.0 10.0 10.0 10.0 10.0 10.0 7.0 8.0 5.0 9.0 6.0 6.0 5.0 7.0 6.0 8.0 10.0 10.0 5.0 8.0 5.0 5.0 8.0 
1108447 1998 1 28 82 9.0 10.0 10.0 10.0 10.0 10.0 10.0 10.0 10.0 9.0 9.0 9.0 10.0 10.0 10.0 10.0 10.0 10.0 10.0 10.0 10.0 10.0 10.0 10.0 
1108447 1998 1 29 82 10.0 10.0 10.0 10.0 10.0 10.0 10.0 10.0 10.0 10.0 10.0 10.0 10.0 10.0 9.0 9.0 9.0 9.0 9.0 9.0 9.0 10.0 10.0 10.0 
1108447 1998 1 30 82 8.0 10.0 10.0 7.0 8.0 8.0 8.0 4.0 7.0 8.0 7.0 8.0 6.0 9.0 9.0 4.0 5.0 6.0 5.0 4.0 4.0 3.0 3.0 2.0 
1108447 1998 1 31 82 0.0 0.0 0.0 0.0 0.0 0.0 0.0 1.0 2.0 8.0 8.0 7.0 9.0 8.0 7.0 9.0 9.0 7.0 4.0 5.0 4.0 9.0 9.0 8.0 
1108447 1998 2 1 82 10.0 10.0 10.0 9.0 8.0 7.0 4.0 4.0 4.0 6.0 8.0 8.0 8.0 8.0 9.0 9.0 9.0 9.0 10.0 10.0 10.0 10.0 10.0 10.0 
1108447 1998 2 2 82 10.0 10.0 10.0 10.0 10.0 8.0 4.0 3.0 5.0 8.0 9.0 10.0 10.0 9.0 9.0 9.0 9.0 9.0 7.0 5.0 1.0 1.0 1.0 0.0 
1108447 1998 2 3 82 0.0 0.0 0.0 8.0 10.0 10.0 10.0 10.0 10.0 10.0 10.0 10.0 10.0 10.0 10.0 10.0 10.0 10.0 10.0 10.0 10.0 10.0 10.0 10.0 
1108447 1998 2 4 82 10.0 10.0 10.0 10.0 10.0 10.0 10.0 10.0 10.0 10.0 10.0 10.0 10.0 10.0 10.0 10.0 10.0 10.0 10.0 10.0 10.0 10.0 10.0 10.0 
1108447 1998 2 5 82 8.0 8.0 8.0 9.0 8.0 7.0 5.0 7.0 8.0 9.0 10.0 10.0 10.0 9.0 9.0 10.0 9.0 9.0 9.0 7.0 6.0 10.0 10.0 10.0 
1108447 1998 2 6 82 10.0 10.0 10.0 10.0 10.0 10.0 10.0 8.0 9.0 9.0 9.0 9.0 9.0 10.0 10.0 10.0 10.0 10.0 10.0 10.0 10.0 10.0 8.0 6.0 
1108447 1998 2 7 82 8.0 10.0 10.0 10.0 10.0 10.0 10.0 8.0 7.0 6.0 7.0 8.0 8.0 7.0 8.0 9.0 10.0 10.0 10.0 10.0 10.0 10.0 10.0 10.0 
1108447 1998 2 8 82 10.0 10.0 10.0 9.0 9.0 10.0 8.0 8.0 10.0 9.0 10.0 10.0 10.0 10.0 10.0 10.0 10.0 10.0 10.0 10.0 10.0 10.0 9.0 8.0 
1108447 1998 2 9 82 8.0 8.0 7.0 8.0 8.0 8.0 6.0 2.0 5.0 1.0 0.0 2.0 7.0 10.0 9.0 10.0 10.0 9.0 7.0 5.0 6.0 10.0 10.0 10.0 
1108447 1998 2 10 82 9.0 9.0 9.0 10.0 10.0 10.0 10.0 10.0 10.0 10.0 10.0 10.0 10.0 10.0 10.0 9.0 9.0 9.0 8.0 8.0 6.0 8.0 8.0 8.0 
1108447 1998 2 11 82 9.0 9.0 10.0 10.0 10.0 10.0 10.0 10.0 8.0 7.0 7.0 8.0 8.0 10.0 10.0 10.0 10.0 10.0 10.0 10.0 10.0 10.0 10.0 10.0 
1108447 1998 2 12 82 10.0 10.0 10.0 10.0 10.0 10.0 10.0 10.0 10.0 10.0 10.0 10.0 10.0 10.0 9.0 9.0 10.0 9.0 9.0 10.0 10.0 10.0 10.0 10.0 
1108447 1998 2 13 82 9.0 9.0 9.0 9.0 8.0 8.0 8.0 7.0 8.0 9.0 9.0 9.0 9.0 9.0 9.0 9.0 10.0 8.0 9.0 8.0 9.0 7.0 6.0 6.0 
1108447 1998 2 14 82 8.0 9.0 10.0 10.0 10.0 10.0 10.0 10.0 10.0 10.0 10.0 10.0 10.0 10.0 10.0 10.0 10.0 10.0 10.0 10.0 8.0 10.0 10.0 10.0 
1108447 1998 2 15 82 10.0 10.0 10.0 10.0 10.0 10.0 10.0 10.0 9.0 7.0 5.0 5.0 6.0 8.0 8.0 8.0 7.0 7.0 5.0 5.0 8.0 8.0 5.0 5.0 
1108447 1998 2 16 82 3.0 2.0 2.0 4.0 8.0 7.0 8.0 8.0 9.0 8.0 8.0 4.0 5.0 5.0 4.0 7.0 7.0 8.0 7.0 7.0 7.0 5.0 5.0 5.0 
1108447 1998 2 17 82 5.0 8.0 8.0 10.0 10.0 10.0 10.0 10.0 10.0 10.0 10.0 10.0 10.0 10.0 10.0 10.0 10.0 9.0 10.0 10.0 7.0 9.0 10.0 10.0 
1108447 1998 2 18 82 10.0 10.0 10.0 10.0 10.0 10.0 10.0 10.0 9.0 10.0 10.0 10.0 9.0 10.0 10.0 10.0 10.0 10.0 10.0 10.0 10.0 10.0 10.0 10.0 
1108447 1998 2 19 82 10.0 10.0 9.0 10.0 10.0 10.0 10.0 9.0 9.0 9.0 9.0 9.0 9.0 9.0 9.0 9.0 10.0 9.0 10.0 10.0 10.0 10.0 10.0 10.0 
1108447 1998 2 20 82 10.0 10.0 10.0 10.0 10.0 10.0 10.0 9.0 9.0 9.0 9.0 9.0 9.0 10.0 10.0 10.0 10.0 10.0 10.0 10.0 10.0 10.0 10.0 10.0 
1108447 1998 2 21 82 10.0 8.0 10.0 10.0 10.0 10.0 10.0 10.0 10.0 10.0 10.0 10.0 10.0 10.0 10.0 10.0 10.0 10.0 10.0 10.0 10.0 10.0 10.0 10.0 
1108447 1998 2 22 82 10.0 10.0 10.0 10.0 5.0 9.0 9.0 6.0 9.0 8.0 9.0 7.0 9.0 6.0 6.0 6.0 7.0 8.0 9.0 9.0 9.0 8.0 10.0 10.0 
1108447 1998 2 23 82 10.0 4.0 3.0 2.0 10.0 4.0 8.0 4.0 8.0 8.0 8.0 8.0 4.0 3.0 2.0 1.0 1.0 0.0 0.0 0.0 0.0 0.0 0.0 0.0 
1108447 1998 2 24 82 0.0 0.0 0.0 0.0 0.0 0.0 0.0 1.0 1.0 3.0 2.0 5.0 3.0 2.0 3.0 9.0 9.0 10.0 10.0 10.0 10.0 10.0 10.0 10.0 
1108447 1998 2 25 82 10.0 10.0 10.0 10.0 10.0 10.0 10.0 10.0 9.0 9.0 9.0 9.0 8.0 6.0 3.0 5.0 6.0 7.0 9.0 9.0 9.0 9.0 8.0 5.0 
1108447 1998 2 26 82 5.0 3.0 3.0 8.0 8.0 3.0 3.0 7.0 9.0 7.0 4.0 6.0 6.0 6.0 6.0 5.0 4.0 4.0 3.0 3.0 2.0 2.0 3.0 3.0 
1108447 1998 2 27 82 3.0 8.0 5.0 8.0 9.0 8.0 5.0 3.0 3.0 6.0 6.0 6.0 9.0 9.0 9.0 9.0 9.0 9.0 9.0 9.0 9.0 9.0 5.0 10.0 
1108447 1998 2 28 82 10.0 10.0 10.0 10.0 10.0 10.0 10.0 10.0 10.0 10.0 10.0 10.0 10.0 10.0 10.0 10.0 10.0 10.0 10.0 10.0 10.0 10.0 10.0 10.0 
1108447 1998 3 1 82 10.0 10.0 10.0 10.0 10.0 10.0 10.0 10.0 8.0 8.0 9.0 9.0 9.0 10.0 9.0 9.0 9.0 9.0 6.0 8.0 9.0 10.0 10.0 10.0 
1108447 1998 3 2 82 10.0 10.0 10.0 10.0 10.0 10.0 10.0 10.0 9.0 9.0 9.0 8.0 7.0 7.0 7.0 8.0 8.0 9.0 10.0 10.0 10.0 10.0 10.0 10.0 
1108447 1998 3 3 82 10.0 10.0 10.0 10.0 10.0 10.0 10.0 10.0 10.0 10.0 10.0 10.0 10.0 9.0 8.0 9.0 8.0 8.0 7.0 6.0 7.0 7.0 9.0 10.0 
1108447 1998 3 4 82 10.0 10.0 10.0 10.0 9.0 5.0 9.0 9.0 10.0 10.0 8.0 9.0 7.0 9.0 9.0 7.0 7.0 9.0 7.0 7.0 6.0 9.0 9.0 6.0 
1108447 1998 3 5 82 4.0 6.0 5.0 9.0 9.0 9.0 7.0 8.0 8.0 6.0 9.0 9.0 9.0 10.0 10.0 10.0 10.0 9.0 8.0 8.0 5.0 5.0 4.0 2.0 
1108447 1998 3 6 82 3.0 2.0 4.0 5.0 4.0 3.0 2.0 4.0 3.0 7.0 1.0 1.0 1.0 2.0 1.0 2.0 1.0 1.0 1.0 1.0 2.0 2.0 8.0 8.0 
1108447 1998 3 7 82 8.0 6.0 5.0 8.0 8.0 8.0 6.0 6.0 8.0 8.0 10.0 10.0 10.0 10.0 10.0 10.0 10.0 10.0 10.0 10.0 10.0 10.0 10.0 10.0 
1108447 1998 3 8 82 10.0 10.0 10.0 10.0 10.0 10.0 10.0 10.0 10.0 10.0 10.0 10.0 10.0 10.0 10.0 10.0 10.0 9.0 10.0 10.0 10.0 10.0 10.0 10.0 
1108447 1998 3 9 82 10.0 10.0 10.0 10.0 10.0 10.0 10.0 10.0 10.0 10.0 8.0 8.0 8.0 10.0 10.0 10.0 10.0 10.0 10.0 10.0 10.0 10.0 10.0 10.0 
1108447 1998 3 10 82 10.0 10.0 10.0 9.0 10.0 10.0 10.0 9.0 9.0 10.0 10.0 10.0 10.0 10.0 10.0 10.0 10.0 10.0 10.0 10.0 10.0 10.0 10.0 10.0 
1108447 1998 3 11 82 10.0 10.0 10.0 10.0 10.0 10.0 10.0 9.0 9.0 9.0 9.0 7.0 7.0 9.0 6.0 7.0 8.0 10.0 10.0 9.0 10.0 10.0 10.0 10.0 
1108447 1998 3 12 82 7.0 8.0 10.0 8.0 10.0 9.0 8.0 9.0 9.0 9.0 9.0 9.0 10.0 10.0 10.0 10.0 10.0 10.0 10.0 10.0 10.0 10.0 10.0 10.0 
1108447 1998 3 13 82 10.0 10.0 10.0 10.0 10.0 10.0 10.0 10.0 10.0 10.0 10.0 10.0 10.0 10.0 10.0 10.0 10.0 10.0 10.0 10.0 10.0 8.0 9.0 10.0 
1108447 1998 3 14 82 10.0 10.0 8.0 10.0 10.0 10.0 9.0 9.0 9.0 9.0 9.0 9.0 10.0 10.0 10.0 10.0 10.0 10.0 10.0 10.0 10.0 10.0 10.0 10.0 
1108447 1998 3 15 82 10.0 10.0 10.0 10.0 10.0 10.0 10.0 10.0 10.0 10.0 10.0 9.0 9.0 9.0 9.0 10.0 10.0 10.0 9.0 9.0 9.0 10.0 10.0 10.0 
1108447 1998 3 16 82 10.0 10.0 4.0 2.0 2.0 0.0 1.0 2.0 4.0 0.0 0.0 0.0 2.0 5.0 8.0 5.0 2.0 0.0 0.0 0.0 0.0 0.0 0.0 0.0 
1108447 1998 3 17 82 0.0 1.0 0.0 1.0 1.0 3.0 9.0 8.0 5.0 0.0 1.0 2.0 1.0 2.0 2.0 2.0 2.0 7.0 8.0 8.0 9.0 9.0 5.0 4.0 
1108447 1998 3 18 82 8.0 8.0 10.0 10.0 10.0 10.0 10.0 8.0 9.0 8.0 6.0 7.0 4.0 4.0 4.0 3.0 3.0 2.0 2.0 2.0 2.0 1.0 1.0 0.0 
1108447 1998 3 19 82 0.0 1.0 1.0 1.0 2.0 2.0 9.0 8.0 10.0 10.0 9.0 9.0 9.0 10.0 10.0 10.0 9.0 9.0 9.0 10.0 10.0 10.0 10.0 10.0 
1108447 1998 3 20 82 10.0 10.0 10.0 9.0 9.0 3.0 3.0 6.0 5.0 6.0 9.0 10.0 10.0 8.0 9.0 10.0 9.0 7.0 8.0 8.0 7.0 5.0 8.0 7.0 
1108447 1998 3 21 82 8.0 9.0 10.0 8.0 7.0 7.0 7.0 7.0 8.0 9.0 9.0 10.0 10.0 10.0 10.0 10.0 10.0 10.0 10.0 10.0 10.0 10.0 10.0 10.0 
1108447 1998 3 22 82 10.0 10.0 10.0 10.0 10.0 10.0 10.0 10.0 10.0 10.0 8.0 9.0 6.0 5.0 9.0 10.0 9.0 9.0 9.0 8.0 7.0 4.0 6.0 8.0 
1108447 1998 3 23 82 8.0 8.0 10.0 10.0 10.0 10.0 10.0 10.0 10.0 10.0 10.0 10.0 10.0 10.0 10.0 10.0 8.0 7.0 7.0 8.0 8.0 10.0 10.0 10.0 
1108447 1998 3 24 82 10.0 10.0 10.0 10.0 10.0 10.0 10.0 9.0 9.0 9.0 9.0 8.0 9.0 9.0 9.0 9.0 9.0 8.0 8.0 9.0 10.0 6.0 10.0 10.0 
1108447 1998 3 25 82 7.0 10.0 10.0 0.0 10.0 7.0 7.0 4.0 5.0 6.0 9.0 7.0 7.0 5.0 7.0 9.0 9.0 10.0 10.0 10.0 10.0 10.0 10.0 10.0 
1108447 1998 3 26 82 10.0 10.0 10.0 10.0 10.0 9.0 8.0 8.0 9.0 7.0 3.0 3.0 4.0 4.0 5.0 8.0 10.0 10.0 10.0 9.0 5.0 3.0 1.0 4.0 
1108447 1998 3 27 82 4.0 3.0 3.0 3.0 4.0 3.0 5.0 5.0 4.0 6.0 8.0 9.0 9.0 9.0 9.0 9.0 9.0 9.0 6.0 9.0 4.0 5.0 5.0 5.0 
1108447 1998 3 28 82 5.0 5.0 3.0 5.0 7.0 6.0 6.0 3.0 4.0 3.0 2.0 1.0 1.0 1.0 1.0 2.0 3.0 4.0 0.0 0.0 0.0 0.0 0.0 0.0 
1108447 1998 3 29 82 0.0 0.0 0.0 0.0 0.0 0.0 3.0 9.0 8.0 8.0 8.0 8.0 5.0 5.0 6.0 6.0 7.0 7.0 7.0 9.0 9.0 9.0 10.0 10.0 
1108447 1998 3 30 82 10.0 10.0 10.0 10.0 10.0 10.0 10.0 10.0 10.0 10.0 10.0 10.0 10.0 10.0 10.0 10.0 10.0 10.0 10.0 10.0 10.0 10.0 10.0 10.0 
1108447 1998 3 31 82 10.0 10.0 10.0 10.0 10.0 10.0 10.0 10.0 10.0 10.0 10.0 10.0 10.0 9.0 8.0 9.0 9.0 9.0 9.0 9.0 9.0 9.0 9.0 9.0 
1108447 1998 4 1 82 8.0 8.0 4.0 4.0 4.0 5.0 6.0 9.0 10.0 9.0 9.0 5.0 8.0 8.0 8.0 9.0 9.0 9.0 8.0 5.0 4.0 6.0 3.0 3.0 
1108447 1998 4 2 82 5.0 7.0 8.0 9.0 9.0 9.0 6.0 9.0 10.0 10.0 10.0 10.0 10.0 10.0 10.0 10.0 10.0 10.0 10.0 10.0 10.0 8.0 8.0 9.0 
1108447 1998 4 3 82 8.0 9.0 5.0 7.0 8.0 5.0 5.0 5.0 7.0 7.0 8.0 8.0 7.0 9.0 10.0 10.0 10.0 10.0 9.0 9.0 9.0 10.0 10.0 10.0 
1108447 1998 4 4 82 10.0 10.0 10.0 10.0 10.0 10.0 10.0 10.0 10.0 10.0 10.0 10.0 10.0 10.0 10.0 10.0 9.0 8.0 9.0 9.0 9.0 7.0 8.0 7.0 
1108447 1998 4 5 82 9.0 9.0 10.0 10.0 10.0 10.0 10.0 10.0 10.0 10.0 10.0 10.0 10.0 10.0 10.0 10.0 9.0 7.0 9.0 5.0 9.0 6.0 3.0 3.0 
1108447 1998 4 6 82 9.0 10.0 9.0 9.0 7.0 7.0 9.0 8.0 9.0 10.0 10.0 10.0 9.0 10.0 9.0 9.0 8.0 9.0 7.0 5.0 4.0 4.0 3.0 7.0 
1108447 1998 4 7 82 8.0 8.0 8.0 10.0 10.0 10.0 8.0 7.0 6.0 5.0 2.0 3.0 4.0 6.0 7.0 7.0 6.0 5.0 5.0 4.0 4.0 8.0 6.0 8.0 
1108447 1998 4 8 82 5.0 8.0 6.0 8.0 7.0 6.0 4.0 9.0 8.0 7.0 8.0 9.0 9.0 8.0 8.0 6.0 6.0 5.0 5.0 6.0 6.0 5.0 10.0 7.0 
1108447 1998 4 9 82 3.0 8.0 10.0 7.0 4.0 5.0 8.0 7.0 4.0 5.0 3.0 4.0 3.0 4.0 6.0 7.0 8.0 9.0 10.0 10.0 8.0 9.0 7.0 8.0 
1108447 1998 4 10 82 10.0 10.0 10.0 10.0 10.0 10.0 10.0 10.0 9.0 10.0 10.0 10.0 10.0 10.0 10.0 10.0 10.0 10.0 10.0 10.0 10.0 10.0 10.0 7.0 
1108447 1998 4 11 82 8.0 10.0 10.0 10.0 10.0 10.0 10.0 10.0 10.0 9.0 9.0 9.0 8.0 8.0 4.0 6.0 5.0 6.0 8.0 8.0 6.0 4.0 3.0 9.0 
1108447 1998 4 12 82 4.0 5.0 3.0 7.0 9.0 10.0 9.0 10.0 10.0 9.0 9.0 8.0 9.0 9.0 9.0 9.0 7.0 8.0 7.0 6.0 5.0 5.0 5.0 4.0 
1108447 1998 4 13 82 3.0 2.0 2.0 2.0 2.0 4.0 3.0 4.0 5.0 5.0 3.0 4.0 3.0 2.0 2.0 1.0 1.0 1.0 1.0 2.0 3.0 4.0 3.0 4.0 
1108447 1998 4 14 82 8.0 9.0 9.0 9.0 10.0 10.0 9.0 9.0 6.0 4.0 4.0 3.0 2.0 2.0 3.0 3.0 2.0 3.0 2.0 1.0 0.0 0.0 0.0 0.0 
1108447 1998 4 15 82 0.0 0.0 0.0 0.0 0.0 0.0 0.0 0.0 0.0 0.0 0.0 0.0 1.0 3.0 6.0 7.0 8.0 9.0 9.0 8.0 8.0 8.0 8.0 8.0 
1108447 1998 4 16 82 8.0 6.0 6.0 6.0 8.0 8.0 8.0 9.0 8.0 9.0 9.0 9.0 9.0 9.0 8.0 9.0 7.0 1.0 1.0 1.0 0.0 0.0 3.0 1.0 
1108447 1998 4 17 82 2.0 3.0 3.0 3.0 3.0 4.0 5.0 4.0 5.0 4.0 4.0 4.0 7.0 9.0 9.0 9.0 9.0 9.0 10.0 10.0 10.0 10.0 10.0 9.0 
1108447 1998 4 18 82 9.0 10.0 10.0 10.0 10.0 10.0 10.0 10.0 10.0 10.0 10.0 10.0 10.0 10.0 10.0 9.0 5.0 3.0 5.0 7.0 7.0 7.0 6.0 5.0 
1108447 1998 4 19 82 4.0 6.0 5.0 3.0 5.0 7.0 7.0 5.0 1.0 3.0 2.0 5.0 8.0 10.0 10.0 10.0 10.0 10.0 10.0 10.0 10.0 8.0 5.0 5.0 
1108447 1998 4 20 82 3.0 2.0 1.0 0.0 0.0 2.0 5.0 10.0 10.0 10.0 10.0 10.0 10.0 10.0 10.0 10.0 10.0 10.0 10.0 10.0 10.0 10.0 10.0 10.0 
1108447 1998 4 21 82 10.0 10.0 10.0 10.0 10.0 10.0 10.0 9.0 6.0 5.0 4.0 6.0 9.0 10.0 10.0 10.0 10.0 10.0 9.0 7.0 7.0 8.0 7.0 7.5 
1108447 1998 4 22 82 7.0 7.0 8.0 10.0 10.0 10.0 9.0 9.0 10.0 9.0 9.0 7.0 7.0 9.0 10.0 8.0 9.0 9.0 10.0 9.0 10.0 8.0 4.0 5.0 
1108447 1998 4 23 82 5.0 5.0 10.0 10.0 10.0 10.0 10.0 10.0 10.0 10.0 10.0 10.0 10.0 10.0 10.0 10.0 10.0 10.0 10.0 10.0 10.0 9.0 9.0 9.0 
1108447 1998 4 24 82 9.0 9.0 9.0 9.0 9.0 3.0 5.0 3.0 2.0 2.0 2.0 4.0 4.0 5.0 5.0 5.0 7.0 5.0 3.0 2.0 1.0 0.0 1.0 3.0 
1108447 1998 4 25 82 6.0 6.0 8.0 6.0 6.0 8.0 8.0 5.0 6.0 8.0 10.0 10.0 9.0 9.0 9.0 10.0 10.0 10.0 10.0 10.0 9.0 9.0 8.0 8.0 
1108447 1998 4 26 82 9.0 9.0 8.0 8.0 10.0 9.0 9.0 9.0 9.0 10.0 10.0 10.0 9.0 9.0 9.0 5.0 4.0 3.0 2.0 2.0 0.0 0.0 0.0 0.0 
1108447 1998 4 27 82 0.0 0.0 0.0 0.0 0.0 2.0 1.0 2.0 3.0 4.0 7.0 7.0 7.0 8.0 9.0 10.0 10.0 10.0 5.0 5.0 5.0 0.0 3.0 2.0 
1108447 1998 4 28 82 0.0 0.0 0.0 0.0 2.0 5.0 3.0 3.0 5.0 5.0 9.0 9.0 10.0 10.0 10.0 10.0 6.0 5.0 4.0 4.0 4.0 3.0 3.0 0.0 
1108447 1998 4 29 82 0.0 0.0 0.0 0.0 2.0 4.0 5.0 4.0 3.0 3.0 3.0 3.0 3.0 5.0 3.0 4.0 7.0 7.0 7.0 8.0 6.0 6.0 6.0 6.0 
1108447 1998 4 30 82 6.0 6.0 6.0 6.0 4.0 5.0 5.0 5.0 7.0 4.0 4.0 3.0 1.0 1.0 1.0 0.0 0.0 0.0 0.0 0.0 0.0 0.0 0.0 0.0 
1108447 1998 5 1 82 0.0 0.0 0.0 0.0 0.0 0.0 0.0 0.0 0.0 0.0 0.0 0.0 0.0 0.0 0.0 0.0 1.0 3.0 6.0 9.0 9.0 8.0 8.0 8.0 
1108447 1998 5 2 82 8.0 8.0 8.0 4.0 7.0 9.0 9.0 9.0 10.0 9.0 9.0 7.0 5.0 3.0 3.0 2.0 3.0 1.0 2.0 5.5 5.5 2.0 5.0 5.0 
1108447 1998 5 3 82 2.0 0.0 0.0 0.0 3.0 8.0 8.0 8.0 8.0 10.0 10.0 9.0 7.0 5.0 2.0 1.0 2.0 4.0 3.0 2.0 2.0 2.0 2.0 2.0 
1108447 1998 5 4 82 1.0 2.0 2.0 2.0 1.0 0.0 2.0 7.0 2.0 6.0 0.0 0.0 0.0 0.0 0.0 0.0 0.0 0.0 0.0 0.0 0.0 0.0 0.0 0.0 
1108447 1998 5 5 82 0.0 0.0 0.0 0.0 0.0 0.0 1.0 1.0 3.0 3.0 3.0 1.0 2.0 0.0 0.0 0.0 0.0 0.0 0.0 1.0 0.0 0.0 0.0 0.0 
1108447 1998 5 6 82 0.0 0.0 0.0 0.0 1.0 4.0 9.0 8.0 10.0 10.0 9.0 8.0 6.0 8.0 7.0 7.0 5.0 4.0 4.0 6.0 6.0 6.0 6.0 6.0 
1108447 1998 5 7 82 8.0 7.0 9.0 9.0 9.0 9.0 10.0 10.0 10.0 10.0 10.0 10.0 9.0 8.0 6.0 5.0 3.0 1.0 1.0 2.0 2.0 2.0 6.0 8.0 
1108447 1998 5 8 82 7.0 8.0 8.0 7.0 9.0 10.0 10.0 10.0 10.0 10.0 10.0 10.0 10.0 10.0 10.0 10.0 10.0 9.0 10.0 10.0 10.0 10.0 10.0 10.0 
1108447 1998 5 9 82 10.0 10.0 8.0 10.0 10.0 10.0 10.0 9.0 9.0 9.0 9.0 8.0 8.0 3.0 3.0 8.0 8.0 9.0 8.0 7.0 2.0 1.0 0.0 1.0 
1108447 1998 5 10 82 5.0 9.0 10.0 10.0 10.0 10.0 10.0 10.0 10.0 10.0 10.0 10.0 9.0 9.0 9.0 7.0 9.0 9.0 9.0 10.0 10.0 10.0 10.0 10.0 
1108447 1998 5 11 82 10.0 10.0 10.0 10.0 10.0 10.0 10.0 10.0 10.0 10.0 10.0 10.0 10.0 10.0 10.0 10.0 10.0 10.0 10.0 10.0 10.0 10.0 10.0 10.0 
1108447 1998 5 12 82 10.0 10.0 10.0 10.0 10.0 10.0 10.0 10.0 9.0 9.0 9.0 7.0 2.0 2.0 2.0 2.0 2.0 2.0 1.0 2.0 3.0 3.0 2.0 3.0 
1108447 1998 5 13 82 6.0 4.0 6.0 8.0 10.0 10.0 10.0 10.0 10.0 10.0 10.0 10.0 10.0 10.0 10.0 10.0 10.0 10.0 10.0 10.0 10.0 10.0 10.0 10.0 
1108447 1998 5 14 82 10.0 10.0 10.0 10.0 10.0 10.0 10.0 10.0 10.0 10.0 10.0 10.0 10.0 10.0 9.0 9.0 9.0 8.0 8.0 8.0 8.0 8.0 8.0 7.0 
1108447 1998 5 15 82 9.0 9.0 9.0 10.0 10.0 9.0 10.0 10.0 10.0 9.0 9.0 8.0 8.0 7.0 7.0 7.0 6.0 5.0 4.0 4.0 5.0 6.0 5.0 3.0 
1108447 1998 5 16 82 5.0 6.0 5.0 6.0 5.0 8.0 9.0 9.0 8.0 6.0 5.0 4.0 2.0 2.0 2.0 2.0 2.0 2.0 5.0 7.0 2.0 0.0 2.0 2.0 
1108447 1998 5 17 82 2.0 8.0 10.0 8.0 9.0 10.0 9.0 9.0 9.0 9.0 9.0 9.0 9.0 9.0 9.0 9.0 10.0 9.0 8.0 6.0 8.0 7.0 6.0 6.0 
1108447 1998 5 18 82 7.0 10.0 10.0 10.0 10.0 10.0 10.0 9.0 9.0 9.0 9.0 9.0 9.0 9.0 9.0 9.0 9.0 9.0 9.0 9.0 9.0 10.0 10.0 10.0 
1108447 1998 5 19 82 10.0 4.0 3.0 2.0 1.0 0.0 8.0 7.0 4.0 2.0 2.0 1.0 1.0 1.0 1.0 2.0 2.0 2.0 2.0 2.0 2.0 3.0 1.0 0.0 
1108447 1998 5 20 82 0.0 0.0 0.0 0.0 1.0 7.0 4.0 7.0 5.0 7.0 7.0 7.0 6.0 7.0 7.0 6.0 7.0 5.0 1.0 1.0 3.0 5.0 2.0 4.0 
1108447 1998 5 21 82 4.0 4.0 4.0 5.0 7.0 8.0 9.0 9.0 9.0 9.0 10.0 8.0 8.0 8.0 9.0 4.0 4.0 4.0 3.0 5.0 4.0 4.0 3.0 6.0 
1108447 1998 5 22 82 8.0 8.0 8.0 2.0 3.0 2.0 2.0 1.0 3.0 3.0 6.0 7.0 3.0 4.0 5.0 3.0 3.0 6.0 8.0 8.0 8.0 9.0 8.0 9.0 
1108447 1998 5 23 82 9.0 9.0 9.0 9.0 9.0 10.0 10.0 10.0 10.0 10.0 10.0 10.0 10.0 10.0 10.0 10.0 10.0 10.0 10.0 10.0 10.0 10.0 10.0 10.0 
1108447 1998 5 24 82 10.0 10.0 10.0 10.0 10.0 10.0 10.0 10.0 10.0 10.0 10.0 10.0 10.0 10.0 10.0 10.0 10.0 10.0 10.0 10.0 10.0 10.0 10.0 10.0 
1108447 1998 5 25 82 10.0 10.0 10.0 10.0 10.0 10.0 10.0 10.0 10.0 10.0 10.0 10.0 10.0 10.0 10.0 10.0 10.0 10.0 10.0 10.0 10.0 10.0 10.0 10.0 
1108447 1998 5 26 82 10.0 9.0 10.0 9.0 10.0 8.0 8.0 9.0 9.0 10.0 10.0 10.0 10.0 10.0 10.0 10.0 10.0 10.0 10.0 10.0 10.0 10.0 10.0 10.0 
1108447 1998 5 27 82 10.0 10.0 10.0 10.0 10.0 10.0 10.0 10.0 10.0 10.0 10.0 10.0 10.0 10.0 10.0 10.0 10.0 10.0 10.0 10.0 10.0 10.0 10.0 10.0 
1108447 1998 5 28 82 10.0 10.0 10.0 10.0 10.0 9.0 6.0 3.0 5.0 4.0 3.0 3.0 2.0 2.0 2.0 4.0 2.0 2.0 1.0 2.0 2.0 2.0 1.0 1.0 
1108447 1998 5 29 82 0.0 0.0 0.0 0.0 2.0 2.0 3.0 3.0 3.0 3.0 3.0 3.0 3.0 2.0 3.0 3.0 5.0 6.0 4.0 4.0 2.0 3.0 2.0 2.0 
1108447 1998 5 30 82 4.0 4.0 4.0 2.0 2.0 2.0 3.0 5.0 5.0 4.0 5.0 3.0 4.0 3.0 2.0 3.0 3.0 2.0 2.0 2.0 3.0 2.0 7.0 8.0 
1108447 1998 5 31 82 10.0 10.0 10.0 10.0 10.0 10.0 10.0 10.0 10.0 9.0 9.0 8.0 4.0 7.0 7.0 9.0 9.0 9.0 9.0 9.0 8.0 6.0 6.0 4.0 
1108447 1998 6 1 82 4.0 6.0 7.0 7.0 2.0 8.0 9.0 9.0 9.0 9.0 8.0 7.0 5.0 3.0 3.0 3.0 2.0 2.0 2.0 2.0 0.0 0.0 0.0 0.0 
1108447 1998 6 2 82 0.0 0.0 0.0 0.0 0.0 0.0 0.0 0.0 0.0 1.0 1.0 1.0 1.0 1.0 1.0 1.0 1.0 1.0 0.0 0.0 0.0 0.0 0.0 1.0 
1108447 1998 6 3 82 2.0 1.0 1.0 1.0 2.0 6.0 5.0 5.0 7.0 7.0 7.0 8.0 5.0 1.0 1.0 1.0 1.0 2.0 1.0 1.0 1.0 2.0 2.0 4.0 
1108447 1998 6 4 82 5.0 5.0 5.0 2.0 2.0 6.0 9.0 10.0 9.0 9.0 9.0 9.0 8.0 7.0 5.0 4.0 4.0 5.0 8.0 5.0 2.0 8.0 8.0 4.0 
1108447 1998 6 5 82 9.0 10.0 10.0 9.0 9.0 9.0 9.0 9.0 9.0 9.0 8.0 6.0 5.0 7.0 7.0 6.0 6.0 4.0 3.0 1.0 1.0 0.0 1.0 1.0 
1108447 1998 6 6 82 0.0 3.0 2.0 3.0 6.0 9.0 9.0 9.0 9.0 9.0 9.0 5.0 3.0 2.0 2.0 4.0 4.0 4.0 5.0 7.0 8.0 3.0 6.0 6.0 
1108447 1998 6 7 82 6.0 8.0 7.0 5.0 4.0 2.0 1.0 1.0 2.0 2.0 2.0 3.0 3.0 3.0 4.0 1.0 0.0 0.0 0.0 0.0 5.0 6.0 3.0 5.0 
1108447 1998 6 8 82 5.0 7.0 8.0 9.0 8.0 6.0 5.0 5.0 2.0 4.0 5.0 7.0 8.0 5.0 0.0 0.0 0.0 1.0 2.0 3.0 3.0 2.0 2.0 2.0 
1108447 1998 6 9 82 3.0 7.0 8.0 9.0 10.0 9.0 10.0 10.0 10.0 10.0 10.0 10.0 10.0 10.0 10.0 10.0 10.0 10.0 10.0 10.0 10.0 10.0 10.0 10.0 
1108447 1998 6 10 82 10.0 10.0 10.0 10.0 10.0 10.0 10.0 10.0 10.0 10.0 10.0 10.0 9.0 9.0 8.0 6.0 6.0 6.0 6.0 7.0 9.0 9.0 9.0 9.0 
1108447 1998 6 11 82 10.0 10.0 10.0 9.0 9.0 9.0 9.0 9.0 9.0 9.0 7.0 4.0 3.0 4.0 5.0 2.0 3.0 3.0 2.0 1.0 1.0 0.0 0.0 0.0 
1108447 1998 6 12 82 0.0 0.0 0.0 2.0 2.0 0.0 0.0 0.0 0.0 0.0 0.0 0.0 0.0 0.0 0.0 0.0 1.0 6.0 6.0 5.0 3.0 2.0 0.0 3.0 
1108447 1998 6 13 82 1.0 0.0 7.0 6.0 8.0 5.0 3.0 4.0 4.0 4.0 3.0 3.0 3.0 3.0 2.0 2.0 2.0 3.0 3.0 4.0 8.0 5.0 3.0 0.0 
1108447 1998 6 14 82 2.0 4.0 6.0 7.0 10.0 10.0 10.0 10.0 10.0 10.0 10.0 10.0 10.0 10.0 10.0 10.0 10.0 10.0 10.0 10.0 10.0 10.0 10.0 10.0 
1108447 1998 6 15 82 10.0 10.0 9.0 9.0 7.0 8.0 8.0 8.0 7.0 7.0 7.0 4.0 3.0 3.0 4.0 5.0 4.0 3.0 3.0 3.0 3.0 4.0 2.0 1.0 
1108447 1998 6 16 82 1.0 2.0 3.0 9.0 6.0 1.0 2.0 1.0 4.0 4.0 3.0 3.0 8.0 7.0 7.0 7.0 6.0 7.0 7.0 6.0 9.0 9.0 5.0 2.0 
1108447 1998 6 17 82 8.0 4.0 7.0 9.0 9.0 9.0 10.0 10.0 10.0 10.0 10.0 10.0 10.0 10.0 10.0 10.0 10.0 10.0 10.0 10.0 10.0 9.0 9.0 9.0 
1108447 1998 6 18 82 10.0 10.0 9.0 10.0 10.0 10.0 10.0 10.0 10.0 10.0 10.0 10.0 10.0 10.0 10.0 10.0 10.0 9.0 9.0 7.0 3.0 7.0 8.0 3.0 
1108447 1998 6 19 82 1.0 3.0 4.0 5.0 6.0 9.0 9.0 9.0 9.0 10.0 10.0 8.5 9.0 8.0 6.0 6.0 6.0 5.0 4.0 6.0 5.0 5.0 5.0 8.0 
1108447 1998 6 20 82 10.0 10.0 10.0 10.0 10.0 10.0 10.0 10.0 10.0 10.0 9.0 7.0 5.0 3.0 3.0 2.0 1.0 3.0 7.0 9.0 8.0 8.0 6.0 2.0 
1108447 1998 6 21 82 1.0 1.0 1.0 3.0 3.0 3.0 5.0 6.0 6.0 7.0 7.0 7.0 5.0 5.0 4.0 4.0 4.0 4.0 3.0 2.0 2.0 2.0 1.0 1.0 
1108447 1998 6 22 82 2.0 1.0 1.0 3.0 4.0 5.0 6.0 6.0 6.0 8.0 9.0 9.0 9.0 8.0 8.0 8.0 8.0 8.0 8.0 7.0 8.0 7.0 7.0 8.0 
1108447 1998 6 23 82 6.0 9.0 9.0 10.0 10.0 9.0 10.0 10.0 10.0 10.0 10.0 10.0 10.0 10.0 10.0 9.0 9.0 9.0 9.0 9.0 9.0 9.0 9.0 10.0 
1108447 1998 6 24 82 10.0 10.0 10.0 10.0 10.0 10.0 10.0 10.0 10.0 10.0 10.0 10.0 10.0 10.0 10.0 10.0 9.0 9.0 9.0 9.0 8.0 9.0 9.0 9.0 
1108447 1998 6 25 82 9.0 10.0 10.0 10.0 10.0 10.0 10.0 10.0 10.0 10.0 10.0 9.0 8.0 8.0 9.0 5.0 5.0 4.0 5.0 9.0 8.0 9.0 9.0 9.0 
1108447 1998 6 26 82 7.0 9.0 8.0 8.0 9.0 9.0 10.0 9.0 8.0 8.0 7.0 8.0 8.0 8.0 9.0 9.0 9.0 9.0 9.0 9.0 9.0 9.0 8.0 9.0 
1108447 1998 6 27 82 9.0 10.0 10.0 9.0 9.0 9.0 9.0 9.0 6.0 6.0 8.0 8.0 3.0 2.0 2.0 0.0 3.0 1.0 1.0 1.0 0.0 3.0 3.0 1.0 
1108447 1998 6 28 82 1.0 1.0 0.0 1.0 2.0 3.0 2.0 3.0 3.0 4.0 6.0 8.0 7.0 7.0 8.0 8.0 8.0 9.0 8.0 8.0 7.0 6.0 6.0 5.0 
1108447 1998 6 29 82 7.0 6.0 5.0 5.0 7.0 9.0 9.0 9.0 9.0 9.0 9.0 9.0 8.0 8.0 8.0 8.0 8.0 5.0 4.0 3.0 3.0 0.0 1.0 2.0 
1108447 1998 6 30 82 2.0 1.0 0.0 2.0 2.0 1.0 1.0 0.0 0.0 1.0 1.0 2.0 3.0 2.0 1.0 0.0 0.0 0.0 0.0 1.0 0.0 0.0 0.0 1.0 
1108447 1998 7 1 82 1.0 1.0 1.0 1.0 4.0 9.0 10.0 10.0 9.0 8.0 5.0 4.0 3.0 1.0 1.0 2.0 2.0 3.0 2.0 1.0 1.0 1.0 1.0 1.0 
1108447 1998 7 2 82 1.0 1.0 0.0 1.0 1.0 2.0 0.0 0.0 8.0 5.0 3.0 3.0 2.0 1.0 0.0 2.0 3.0 4.0 6.0 6.0 6.0 4.0 3.0 2.0 
1108447 1998 7 3 82 3.0 4.0 5.0 5.0 10.0 10.0 10.0 10.0 10.0 10.0 10.0 10.0 10.0 10.0 10.0 10.0 10.0 10.0 10.0 10.0 10.0 10.0 10.0 10.0 
1108447 1998 7 4 82 10.0 10.0 10.0 10.0 10.0 10.0 10.0 10.0 10.0 10.0 10.0 10.0 10.0 10.0 10.0 10.0 10.0 10.0 10.0 10.0 10.0 10.0 10.0 10.0 
1108447 1998 7 5 82 10.0 10.0 10.0 10.0 10.0 10.0 10.0 10.0 10.0 10.0 10.0 10.0 10.0 10.0 10.0 8.0 7.0 7.0 7.0 6.0 6.0 8.0 8.0 8.0 
1108447 1998 7 6 82 7.0 9.0 9.0 9.0 9.0 6.0 9.0 8.0 9.0 7.0 7.0 6.0 7.0 5.0 3.0 3.0 3.0 5.0 4.0 6.0 6.0 3.0 3.0 6.0 
1108447 1998 7 7 82 5.0 4.0 3.0 7.0 5.0 4.0 7.0 5.0 6.0 9.0 9.0 7.0 3.0 1.0 0.0 1.0 1.0 1.0 1.0 1.0 1.0 1.0 0.0 0.0 
1108447 1998 7 8 82 1.0 1.0 0.0 2.0 5.0 7.0 7.0 7.0 8.0 8.0 7.0 5.0 6.0 9.0 8.0 7.0 5.0 2.0 4.0 3.0 2.0 2.0 2.0 1.0 
1108447 1998 7 9 82 1.0 1.0 1.0 1.0 7.0 7.0 7.0 4.0 5.0 5.0 3.0 4.0 6.0 6.0 9.0 9.0 9.0 9.0 8.0 8.0 6.0 5.0 4.0 3.0 
1108447 1998 7 10 82 1.0 0.0 0.0 0.0 1.0 1.0 1.0 1.0 3.0 7.0 6.0 4.0 7.0 7.0 8.0 9.0 9.0 9.0 8.0 7.0 6.0 6.0 5.0 4.0 
1108447 1998 7 11 82 4.0 3.0 2.0 3.0 4.0 5.0 9.0 9.0 8.0 9.0 10.0 10.0 10.0 10.0 9.0 10.0 10.0 10.0 10.0 10.0 10.0 9.0 10.0 10.0 
1108447 1998 7 12 82 10.0 10.0 10.0 10.0 10.0 10.0 9.0 9.0 8.0 9.0 8.0 9.0 10.0 10.0 10.0 10.0 10.0 10.0 10.0 10.0 9.0 8.0 8.0 6.0 
1108447 1998 7 13 82 5.0 3.0 5.0 5.0 6.0 5.0 9.0 9.0 8.0 9.0 10.0 10.0 9.0 9.0 8.0 9.0 8.0 7.0 8.0 8.0 9.0 9.0 9.0 9.0 
1108447 1998 7 14 82 10.0 9.0 9.0 10.0 10.0 10.0 10.0 10.0 10.0 10.0 10.0 10.0 10.0 10.0 10.0 10.0 10.0 10.0 10.0 10.0 10.0 10.0 10.0 10.0 
1108447 1998 7 15 82 10.0 10.0 10.0 10.0 10.0 10.0 10.0 10.0 10.0 10.0 10.0 10.0 10.0 10.0 10.0 10.0 10.0 9.0 10.0 10.0 10.0 10.0 10.0 10.0 
1108447 1998 7 16 82 10.0 10.0 10.0 10.0 10.0 9.0 9.0 8.0 7.0 8.0 8.0 7.0 6.0 7.0 7.0 7.0 6.0 8.0 8.0 7.0 8.0 8.0 9.0 9.0 
1108447 1998 7 17 82 8.0 9.0 9.0 9.0 7.0 8.0 8.0 6.0 9.0 9.0 9.0 9.0 6.0 4.0 3.0 2.0 2.0 2.0 1.0 1.0 1.0 1.0 0.0 1.0 
1108447 1998 7 18 82 2.0 1.0 1.0 3.0 3.0 2.0 4.0 5.0 8.0 9.0 9.0 9.0 6.0 3.0 3.0 2.0 2.0 2.0 3.0 3.0 2.0 2.0 4.0 3.0 
1108447 1998 7 19 82 9.0 10.0 10.0 10.0 9.0 9.0 6.0 7.0 6.0 3.0 5.0 7.0 9.0 8.0 6.0 8.0 5.0 5.0 5.0 5.0 4.0 3.0 2.0 2.0 
1108447 1998 7 20 82 2.0 3.0 3.0 5.0 9.0 9.0 3.0 5.0 8.0 7.0 5.0 4.0 4.0 4.0 4.0 2.0 2.0 1.0 1.0 1.0 2.0 1.0 2.0 2.0 
1108447 1998 7 21 82 1.0 0.0 0.0 0.0 0.0 0.0 0.0 0.0 0.0 0.0 0.0 0.0 0.0 1.0 1.0 1.0 1.0 1.0 1.0 0.0 0.0 0.0 0.0 0.0 
1108447 1998 7 22 82 0.0 0.0 0.0 0.0 0.0 0.0 0.0 0.0 0.0 0.0 0.0 0.0 0.0 0.0 1.0 1.0 1.0 2.0 1.0 1.0 1.0 1.0 0.0 0.0 
1108447 1998 7 23 82 0.0 0.0 0.0 0.0 0.0 4.0 2.0 4.0 7.0 2.0 0.0 0.0 1.0 1.0 2.0 2.0 2.0 4.0 4.0 4.0 3.0 2.0 1.0 1.0 
1108447 1998 7 24 82 0.0 0.0 0.0 1.0 1.0 5.0 3.0 3.0 4.0 3.0 3.0 1.0 1.0 0.0 0.0 0.0 0.0 0.0 1.0 2.0 2.0 1.0 1.0 1.0 
1108447 1998 7 25 82 0.0 1.0 1.0 1.0 2.0 2.0 1.0 1.0 2.0 1.0 1.0 1.0 1.0 1.0 3.0 1.0 0.0 0.0 0.0 1.0 1.0 1.0 2.0 2.0 
1108447 1998 7 26 82 2.0 2.0 2.0 2.0 1.0 1.0 1.0 0.0 0.0 0.0 0.0 0.0 3.0 3.0 0.0 0.0 0.0 0.0 1.0 1.0 1.0 1.0 0.0 0.0 
1108447 1998 7 27 82 0.0 0.0 0.0 0.0 0.0 0.0 0.0 0.0 0.0 0.0 0.0 0.0 0.0 0.0 0.0 0.0 0.0 0.0 0.0 0.0 0.0 0.0 0.0 0.0 
1108447 1998 7 28 82 0.0 0.0 0.0 0.0 2.0 4.0 5.0 7.0 3.0 1.0 4.0 9.0 9.0 9.0 9.0 8.0 7.0 6.0 5.0 3.0 3.0 3.0 2.0 0.0 
1108447 1998 7 29 82 0.0 0.0 0.0 0.0 0.0 0.0 1.0 1.0 1.0 1.0 1.0 1.0 1.0 2.0 1.0 1.0 2.0 2.0 2.0 1.0 2.0 1.0 0.0 0.0 
1108447 1998 7 30 82 0.0 0.0 0.0 0.0 0.0 4.0 6.0 6.0 7.0 7.0 6.0 7.0 7.0 10.0 10.0 9.0 9.0 9.0 9.0 9.0 9.0 10.0 9.0 10.0 
1108447 1998 7 31 82 10.0 10.0 9.0 9.0 9.0 9.0 10.0 10.0 10.0 10.0 10.0 10.0 10.0 10.0 10.0 7.0 5.0 5.0 5.0 3.0 10.0 10.0 9.0 7.0 
1108447 1998 8 1 82 6.0 7.0 2.0 2.0 2.0 8.0 8.0 9.0 10.0 10.0 10.0 7.0 3.0 1.0 1.0 1.0 2.0 2.0 0.0 1.0 0.0 0.0 0.0 1.0 
1108447 1998 8 2 82 1.0 1.0 0.0 0.0 1.0 1.0 4.0 3.0 2.0 1.0 0.0 0.0 0.0 0.0 0.0 0.0 0.0 0.0 0.0 0.0 0.0 0.0 0.0 0.0 
1108447 1998 8 3 82 0.0 0.0 0.0 0.0 0.0 4.0 2.0 2.0 0.0 0.0 0.0 0.0 1.0 1.0 1.0 1.0 1.0 1.0 1.0 0.0 0.0 0.0 0.0 0.0 
1108447 1998 8 4 82 0.0 0.0 0.5 0.0 0.0 0.0 0.0 1.0 2.0 3.0 3.0 3.0 4.0 3.0 4.0 3.0 2.0 5.0 4.0 2.0 2.0 1.0 1.0 1.0 
1108447 1998 8 5 82 1.0 1.0 1.0 0.0 3.0 3.0 3.0 3.0 3.0 1.0 1.0 2.0 6.0 8.0 7.0 1.0 0.0 0.0 0.0 0.0 0.0 0.0 1.0 2.0 
1108447 1998 8 6 82 1.0 1.0 1.0 1.0 2.0 3.0 6.0 7.0 8.0 8.0 9.0 9.0 7.0 5.0 2.0 4.0 3.0 3.0 2.0 2.0 2.0 2.0 3.0 4.0 
1108447 1998 8 7 82 8.0 7.0 7.0 6.0 6.0 5.0 5.0 8.0 7.0 7.0 9.0 9.0 3.0 2.0 3.0 2.0 2.0 1.0 1.0 1.0 1.0 0.0 0.0 0.0 
1108447 1998 8 8 82 0.0 0.0 0.0 0.0 0.0 1.0 3.0 3.0 0.0 0.0 7.0 5.0 4.0 3.0 3.0 1.0 1.0 1.0 2.0 2.0 1.0 1.0 0.0 0.0 
1108447 1998 8 9 82 0.0 0.0 0.0 1.0 2.0 5.0 8.0 8.0 8.0 5.0 6.0 7.0 3.0 6.0 4.0 3.0 3.0 2.0 3.0 2.0 4.0 7.0 7.0 8.0 
1108447 1998 8 10 82 9.0 10.0 10.0 10.0 10.0 9.0 8.0 10.0 9.0 10.0 10.0 10.0 9.0 9.0 9.0 10.0 8.0 8.0 8.0 7.0 6.0 2.0 2.0 0.0 
1108447 1998 8 11 82 0.0 2.0 2.0 2.0 2.0 5.0 4.0 4.0 5.0 5.0 7.0 10.0 10.0 8.0 9.0 9.0 8.0 3.0 3.0 4.0 3.0 2.0 1.0 0.0 
1108447 1998 8 12 82 0.0 0.0 0.0 0.0 0.0 0.0 3.0 1.0 1.0 1.0 1.0 1.0 1.0 2.0 1.0 1.0 0.0 0.0 0.0 0.0 0.0 0.0 0.0 0.0 
1108447 1998 8 13 82 0.0 0.0 0.0 0.0 0.0 0.0 0.0 0.0 0.0 0.0 0.0 0.0 1.0 1.0 2.0 1.0 1.0 1.0 1.0 1.0 1.0 1.0 0.0 0.0 
1108447 1998 8 14 82 0.0 0.0 0.0 0.0 0.0 0.0 0.0 1.0 1.0 1.0 0.0 1.0 1.0 2.0 6.0 7.0 4.0 4.0 4.0 4.0 4.0 4.0 4.0 6.0 
1108447 1998 8 15 82 7.0 4.0 4.0 6.0 6.0 7.0 8.0 8.0 8.0 8.0 8.0 8.0 7.0 6.0 5.0 8.0 8.0 8.0 8.0 7.0 8.0 9.0 8.0 5.0 
1108447 1998 8 16 82 7.0 7.0 5.0 8.0 9.0 8.0 8.0 8.0 9.0 9.0 7.0 4.0 7.0 5.0 6.0 6.0 5.0 7.0 7.0 7.0 8.0 8.0 8.0 10.0 
1108447 1998 8 17 82 9.0 9.0 9.0 10.0 10.0 10.0 10.0 10.0 10.0 10.0 10.0 10.0 10.0 9.0 8.0 9.0 9.0 9.0 9.0 10.0 10.0 10.0 9.0 9.0 
1108447 1998 8 18 82 10.0 10.0 10.0 10.0 10.0 10.0 10.0 10.0 10.0 10.0 10.0 10.0 9.0 9.0 9.0 9.0 9.0 7.0 3.0 3.0 4.0 5.0 4.0 2.0 
1108447 1998 8 19 82 2.0 2.0 2.0 1.0 1.0 5.0 5.0 3.0 2.0 3.0 3.0 2.0 1.0 0.0 0.0 0.0 0.0 0.0 0.0 2.0 2.0 1.0 3.0 2.0 
1108447 1998 8 20 82 3.0 0.0 0.0 0.0 0.0 2.0 3.0 2.0 3.0 3.0 3.0 3.0 2.0 2.0 0.0 2.0 2.0 2.0 1.0 1.0 1.0 0.0 1.0 1.0 
1108447 1998 8 21 82 0.0 0.0 1.0 0.0 1.0 3.0 3.0 5.0 5.0 5.0 3.0 2.0 2.0 3.0 3.0 3.0 3.0 2.0 2.0 2.0 2.0 4.0 3.0 4.0 
1108447 1998 8 22 82 4.0 5.0 7.0 7.0 7.0 10.0 10.0 9.0 9.0 9.0 9.0 9.0 8.0 5.0 4.0 5.0 0.0 0.0 0.0 0.0 0.0 0.0 0.0 2.0 
1108447 1998 8 23 82 2.0 1.0 3.0 4.0 7.0 9.0 9.0 10.0 10.0 10.0 9.0 9.0 9.0 5.0 2.0 2.0 2.0 2.0 3.0 4.0 2.0 2.0 4.0 3.0 
1108447 1998 8 24 82 0.0 0.0 0.0 0.0 0.0 5.0 8.0 9.0 9.0 8.0 6.0 4.0 3.0 1.0 1.0 3.0 3.0 4.0 2.0 3.0 3.0 3.0 4.0 1.0 
1108447 1998 8 25 82 0.0 0.0 0.0 0.0 0.0 3.0 8.0 8.0 9.0 9.0 8.0 8.0 6.0 4.0 3.0 3.0 3.0 3.0 3.0 3.0 2.0 2.0 1.0 6.0 
1108447 1998 8 26 82 4.0 3.0 1.0 0.0 1.0 1.0 7.0 8.0 9.0 10.0 9.0 9.0 7.0 2.0 1.0 7.0 7.0 7.0 10.0 7.0 7.0 6.0 2.0 3.0 
1108447 1998 8 27 82 2.0 1.0 1.0 2.0 2.0 6.0 4.0 1.0 3.0 1.0 1.0 1.0 2.0 1.0 1.0 2.0 2.0 2.0 1.0 1.0 1.0 0.0 0.0 0.0 
1108447 1998 8 28 82 0.0 0.0 0.0 0.0 0.0 1.0 0.0 0.0 0.0 0.0 0.0 0.0 0.0 0.0 0.0 0.0 1.0 1.0 1.0 1.0 1.0 0.0 2.0 0.0 
1108447 1998 8 29 82 0.0 0.0 0.0 0.0 0.0 1.0 2.0 0.0 0.0 0.0 0.0 0.0 0.0 0.0 0.0 0.0 2.0 3.0 3.0 3.0 4.0 3.0 3.0 2.0 
1108447 1998 8 30 82 0.0 0.0 0.0 0.0 0.0 1.0 1.0 1.0 1.0 2.0 2.0 2.0 2.0 2.0 1.0 0.0 0.0 0.0 0.0 1.0 1.0 0.0 0.0 0.0 
1108447 1998 8 31 82 0.0 0.0 0.0 0.0 0.0 0.0 1.0 1.0 0.0 0.0 0.0 0.0 0.0 0.0 0.0 0.0 0.0 1.0 3.0 4.0 5.0 5.0 1.0 3.0 
1108447 1998 9 1 82 3.0 2.0 2.0 2.0 1.0 5.0 9.0 8.0 9.0 8.0 8.0 8.0 9.0 5.0 4.0 4.0 3.0 4.0 1.0 2.0 1.0 0.0 0.0 0.0 
1108447 1998 9 2 82 0.0 0.0 0.0 0.0 0.0 0.0 1.0 1.0 1.0 1.0 3.0 1.0 2.0 1.0 1.0 1.0 1.0 0.0 0.0 0.0 0.0 0.0 0.0 0.0 
1108447 1998 9 3 82 0.0 0.0 0.0 0.0 0.0 1.0 0.0 0.0 0.0 0.0 0.0 0.0 0.0 0.0 0.0 1.0 0.0 0.0 0.0 0.0 0.0 0.0 0.0 0.0 
1108447 1998 9 4 82 0.0 0.0 2.0 2.0 1.0 1.0 1.0 3.0 1.0 0.0 0.0 0.0 0.0 1.0 1.0 2.0 3.0 3.0 3.0 3.0 2.0 1.0 1.0 0.0 
1108447 1998 9 5 82 0.0 0.0 0.0 2.0 3.0 3.0 2.0 1.0 1.0 1.0 1.0 2.0 5.0 5.0 5.0 5.0 6.0 6.0 6.0 5.0 5.0 3.0 3.0 7.0 
1108447 1998 9 6 82 8.0 7.0 4.0 3.0 2.0 2.0 3.0 0.0 1.0 1.0 0.0 0.0 0.0 0.0 0.0 3.0 1.0 2.0 2.0 1.0 1.0 0.0 0.0 0.0 
1108447 1998 9 7 82 1.0 0.0 2.0 1.0 3.0 3.0 7.0 8.0 9.0 8.0 8.0 3.0 6.0 4.0 8.0 5.0 7.0 9.0 9.0 9.0 8.0 7.0 6.0 9.0 
1108447 1998 9 8 82 9.0 10.0 7.0 8.0 9.0 8.0 10.0 9.0 8.0 10.0 9.0 10.0 10.0 10.0 10.0 10.0 9.0 8.0 7.0 6.0 6.0 4.0 3.0 2.0 
1108447 1998 9 9 82 2.0 1.0 1.0 1.0 1.0 3.0 3.0 3.0 2.0 3.0 3.0 2.0 2.0 3.0 3.0 5.0 8.0 9.0 3.0 0.0 1.0 0.0 5.0 8.0 
1108447 1998 9 10 82 8.0 9.0 9.0 8.0 10.0 10.0 8.0 9.0 9.0 9.0 9.0 9.0 10.0 9.0 9.0 5.0 9.0 9.0 9.0 9.0 10.0 9.0 9.0 8.0 
1108447 1998 9 11 82 8.0 8.0 9.0 6.0 9.0 8.0 7.0 8.0 9.0 9.0 8.0 9.0 8.0 4.0 6.0 6.0 9.0 8.0 4.0 1.0 1.0 0.0 0.0 0.0 
1108447 1998 9 12 82 0.0 1.0 8.0 2.0 8.0 9.0 8.0 6.0 7.0 7.0 8.0 8.0 2.0 3.0 3.0 4.0 7.0 7.0 7.0 5.0 4.0 3.0 2.0 2.0 
1108447 1998 9 13 82 3.0 4.0 4.0 4.0 4.0 5.0 8.0 10.0 10.0 9.0 9.0 6.0 4.0 3.0 2.0 2.0 2.0 4.0 4.0 6.0 4.0 4.0 2.0 4.0 
1108447 1998 9 14 82 2.0 0.0 0.0 0.0 0.0 3.0 6.0 7.0 8.0 9.0 10.0 8.0 4.0 4.0 2.0 0.0 0.0 0.0 0.0 0.0 0.0 0.0 0.0 0.0 
1108447 1998 9 15 82 0.0 0.0 0.0 0.0 0.0 1.0 1.0 2.0 1.0 2.0 3.0 4.0 5.0 7.0 7.0 6.0 4.0 3.0 2.0 1.0 1.0 0.0 0.0 0.0 
1108447 1998 9 16 82 0.0 0.0 0.0 0.0 0.0 0.0 0.0 1.0 0.0 0.0 0.0 0.0 0.0 0.0 2.0 2.0 2.0 2.0 2.0 1.0 0.0 0.0 0.0 0.0 
1108447 1998 9 17 82 5.0 4.0 4.0 2.0 3.0 5.0 7.0 8.0 5.0 4.0 7.0 8.0 8.0 10.0 10.0 9.0 5.0 9.0 8.0 8.0 10.0 10.0 10.0 10.0 
1108447 1998 9 18 82 10.0 10.0 10.0 10.0 10.0 9.0 9.0 9.0 9.0 9.0 9.0 9.0 9.0 9.0 9.0 9.0 9.0 9.0 9.0 8.0 6.0 8.0 8.0 6.0 
1108447 1998 9 19 82 4.0 5.0 4.0 2.0 2.0 6.0 8.0 8.0 8.0 8.0 5.0 4.0 8.0 4.0 4.0 5.0 6.0 6.0 5.0 4.0 4.0 7.0 10.0 10.0 
1108447 1998 9 20 82 10.0 10.0 8.0 3.0 2.0 2.0 2.0 3.0 2.0 5.0 2.0 5.0 1.0 1.0 1.0 1.0 0.0 0.0 0.0 1.0 4.0 4.0 0.0 0.0 
1108447 1998 9 21 82 0.0 0.0 0.0 0.0 1.0 3.0 1.0 1.0 6.0 7.0 7.0 4.0 4.0 4.0 3.0 5.0 8.0 8.0 9.0 9.0 9.0 7.0 0.0 0.0 
1108447 1998 9 22 82 0.0 0.0 0.0 0.0 0.0 0.0 2.0 1.0 1.0 2.0 1.0 1.0 1.0 1.0 1.0 1.0 1.0 0.0 0.0 0.0 0.0 0.0 0.0 0.0 
1108447 1998 9 23 82 0.0 0.0 0.0 1.0 1.0 0.0 1.0 1.0 0.0 1.0 2.0 5.0 6.0 5.0 5.0 7.0 4.0 2.0 2.0 2.0 2.0 2.0 1.0 0.0 
1108447 1998 9 24 82 0.0 6.0 6.0 7.0 7.0 10.0 10.0 9.0 10.0 10.0 10.0 10.0 10.0 10.0 10.0 10.0 10.0 10.0 10.0 10.0 10.0 10.0 10.0 10.0 
1108447 1998 9 25 82 10.0 10.0 10.0 10.0 10.0 10.0 10.0 8.0 8.0 7.0 8.0 8.0 8.0 4.0 3.0 1.0 1.0 1.0 1.0 1.0 1.0 1.0 0.0 0.0 
1108447 1998 9 26 82 0.0 0.0 0.0 0.0 0.0 2.0 1.0 2.0 1.0 1.0 0.0 0.0 0.0 0.0 0.0 0.0 0.0 0.0 0.0 0.0 0.0 0.0 0.0 0.0 
1108447 1998 9 27 82 0.0 0.0 0.0 0.0 0.0 0.0 2.0 0.0 0.0 1.0 3.0 3.0 3.0 7.0 7.0 8.0 8.0 7.0 7.0 5.0 2.0 0.0 0.0 0.0 
1108447 1998 9 28 82 0.0 0.0 0.0 0.0 0.0 0.0 1.0 0.0 0.0 1.0 1.0 2.0 2.0 8.0 5.0 4.0 4.0 5.0 6.0 4.0 6.0 1.0 0.0 0.0 
1108447 1998 9 29 82 0.0 0.0 0.0 0.0 0.0 0.0 6.0 7.0 7.0 4.0 7.0 8.0 7.0 7.0 7.0 7.0 7.0 7.0 5.0 2.0 2.0 1.0 2.0 0.0 
1108447 1998 9 30 82 0.0 0.0 0.0 0.0 0.0 2.0 3.0 2.0 1.0 1.0 2.0 3.0 3.0 3.0 3.0 5.0 5.0 7.0 8.0 8.0 9.0 10.0 10.0 9.0 
1108447 1998 10 1 82 5.0 5.0 5.0 9.0 8.0 8.0 8.0 9.0 9.0 10.0 10.0 10.0 10.0 10.0 10.0 10.0 10.0 10.0 10.0 10.0 10.0 10.0 10.0 10.0 
1108447 1998 10 2 82 10.0 10.0 10.0 10.0 10.0 7.0 10.0 10.0 9.0 9.0 9.0 10.0 10.0 10.0 9.0 9.0 8.0 9.0 9.0 8.0 9.0 9.0 9.0 10.0 
1108447 1998 10 3 82 10.0 10.0 10.0 10.0 10.0 10.0 10.0 10.0 10.0 10.0 10.0 10.0 10.0 10.0 9.0 9.0 9.0 8.0 8.0 8.0 9.0 8.0 9.0 9.0 
1108447 1998 10 4 82 9.0 10.0 10.0 10.0 10.0 9.0 10.0 10.0 10.0 9.0 10.0 10.0 9.0 9.0 9.0 9.0 10.0 10.0 10.0 10.0 10.0 10.0 10.0 10.0 
1108447 1998 10 5 82 10.0 10.0 10.0 10.0 10.0 10.0 10.0 10.0 10.0 10.0 10.0 10.0 8.0 10.0 10.0 10.0 10.0 10.0 10.0 10.0 10.0 10.0 10.0 5.0 
1108447 1998 10 6 82 3.0 2.0 10.0 10.0 10.0 10.0 9.0 8.0 1.0 1.0 1.0 1.0 2.0 2.0 4.0 3.0 3.0 4.0 6.0 4.0 3.0 3.0 4.0 5.0 
1108447 1998 10 7 82 4.0 3.0 7.0 8.0 8.0 7.0 4.0 6.0 6.0 6.0 9.0 9.0 10.0 9.0 9.0 10.0 10.0 9.0 9.0 9.0 10.0 8.0 9.0 10.0 
1108447 1998 10 8 82 8.0 10.0 10.0 10.0 8.0 7.0 7.0 9.0 10.0 10.0 10.0 10.0 10.0 9.0 9.0 7.0 7.0 9.0 9.0 9.0 4.0 5.0 6.0 10.0 
1108447 1998 10 9 82 9.0 9.0 10.0 9.0 8.5 8.0 10.0 10.0 10.0 10.0 9.0 9.0 9.0 10.0 9.0 9.0 9.0 9.0 8.0 7.0 7.0 9.0 8.0 9.0 
1108447 1998 10 10 82 10.0 10.0 9.0 9.0 9.0 9.0 9.0 9.0 10.0 10.0 9.0 10.0 9.0 8.0 5.0 6.0 4.0 7.0 7.0 4.0 6.0 6.0 8.0 7.0 
1108447 1998 10 11 82 8.0 9.0 7.0 7.0 7.0 3.0 6.0 9.0 10.0 9.0 9.0 9.0 8.0 8.0 8.0 9.0 9.0 9.0 10.0 9.0 9.0 10.0 10.0 10.0 
1108447 1998 10 12 82 10.0 10.0 10.0 10.0 10.0 10.0 10.0 10.0 10.0 10.0 10.0 10.0 10.0 10.0 10.0 10.0 10.0 10.0 10.0 10.0 10.0 10.0 10.0 10.0 
1108447 1998 10 13 82 10.0 10.0 10.0 10.0 10.0 10.0 10.0 10.0 10.0 10.0 9.0 9.0 7.0 9.0 10.0 9.0 9.0 9.0 9.0 5.0 9.0 10.0 10.0 10.0 
1108447 1998 10 14 82 10.0 10.0 10.0 10.0 10.0 8.0 7.0 8.0 7.0 3.0 2.0 2.0 4.0 4.0 7.0 8.0 9.0 8.0 8.0 5.0 4.0 3.0 4.0 6.0 
1108447 1998 10 15 82 8.0 8.0 6.0 4.0 5.0 6.0 8.0 9.0 9.0 9.0 8.0 5.0 5.0 7.0 8.0 8.0 7.0 5.0 1.0 2.0 2.0 2.0 2.0 2.0 
1108447 1998 10 16 82 2.0 4.0 4.0 3.0 7.0 10.0 10.0 10.0 10.0 10.0 10.0 10.0 10.0 10.0 10.0 10.0 10.0 10.0 10.0 10.0 10.0 10.0 10.0 10.0 
1108447 1998 10 17 82 10.0 10.0 10.0 10.0 10.0 10.0 10.0 10.0 10.0 10.0 9.0 9.0 8.0 4.0 0.0 0.0 0.0 0.0 0.0 0.0 0.0 3.0 2.0 2.0 
1108447 1998 10 18 82 8.0 2.0 7.0 9.0 7.0 10.0 9.0 10.0 9.0 9.0 9.0 8.0 9.0 10.0 8.0 9.0 9.0 9.0 9.0 6.0 6.0 6.0 2.0 0.0 
1108447 1998 10 19 82 0.0 0.0 0.0 0.0 0.0 0.0 0.0 1.0 2.0 0.0 0.0 0.0 1.0 2.0 4.0 5.0 4.0 3.0 1.0 1.0 0.0 0.0 0.0 0.0 
1108447 1998 10 20 82 0.0 0.0 0.0 0.0 0.0 0.0 0.0 0.0 0.0 0.0 0.0 0.0 0.0 0.0 1.0 0.0 1.0 1.0 0.0 0.0 1.0 1.0 1.0 0.0 
1108447 1998 10 21 82 0.0 0.0 0.0 0.0 0.0 8.0 0.0 6.0 9.0 9.0 6.0 0.0 0.0 0.0 0.0 0.0 0.0 0.0 0.0 0.0 0.0 0.0 0.0 0.0 
1108447 1998 10 22 82 0.0 0.0 0.0 0.0 0.0 0.0 0.0 0.0 0.0 0.0 0.0 0.0 0.0 0.0 0.0 0.0 0.0 0.0 0.0 0.0 0.0 0.0 0.0 0.0 
1108447 1998 10 23 82 0.0 0.0 0.0 0.0 0.0 0.0 0.0 0.0 0.0 0.0 0.0 0.0 7.0 8.0 7.0 0.0 0.0 1.0 1.0 2.0 2.0 2.0 7.0 0.0 
1108447 1998 10 24 82 0.0 0.0 0.0 0.0 0.0 2.0 3.0 6.0 10.0 10.0 10.0 10.0 10.0 10.0 10.0 10.0 10.0 10.0 10.0 10.0 10.0 10.0 10.0 10.0 
1108447 1998 10 25 82 7.0 9.0 10.0 10.0 9.0 9.0 10.0 9.0 10.0 10.0 10.0 10.0 10.0 10.0 10.0 10.0 10.0 10.0 10.0 10.0 10.0 10.0 10.0 10.0 
1108447 1998 10 26 82 10.0 10.0 10.0 10.0 10.0 10.0 10.0 10.0 10.0 9.0 9.0 9.0 8.0 8.0 8.0 7.0 7.0 1.0 1.0 0.0 0.0 0.0 0.0 0.0 
1108447 1998 10 27 82 0.0 0.0 0.0 0.0 2.0 6.0 9.0 9.0 9.0 9.0 10.0 10.0 10.0 10.0 10.0 10.0 10.0 10.0 10.0 10.0 10.0 8.0 7.0 6.0 
1108447 1998 10 28 82 7.0 2.0 7.0 4.0 9.0 7.0 3.0 6.0 9.0 9.0 8.0 7.0 8.0 8.0 9.0 8.0 9.0 8.0 8.0 7.0 5.0 4.0 4.0 4.0 
1108447 1998 10 29 82 4.0 4.0 4.0 6.0 8.0 8.0 8.0 6.0 8.0 8.0 5.0 5.0 6.0 8.0 9.0 9.0 9.0 9.0 9.0 9.0 9.0 9.0 8.0 7.0 
1108447 1998 10 30 82 7.0 5.0 4.0 3.0 3.0 4.0 8.0 8.0 10.0 10.0 10.0 9.0 10.0 10.0 10.0 10.0 10.0 10.0 10.0 10.0 10.0 10.0 10.0 10.0 
1108447 1998 10 31 82 10.0 10.0 10.0 10.0 10.0 10.0 10.0 10.0 10.0 10.0 10.0 10.0 10.0 10.0 10.0 10.0 10.0 10.0 10.0 10.0 10.0 10.0 10.0 10.0 
1108447 1998 11 1 82 10.0 10.0 10.0 10.0 10.0 10.0 10.0 10.0 9.0 9.0 10.0 10.0 9.0 10.0 9.0 9.0 10.0 9.0 8.0 9.0 9.0 9.0 9.0 10.0 
1108447 1998 11 2 82 10.0 9.0 9.0 9.0 9.0 9.0 9.0 8.0 8.0 8.0 8.0 9.0 9.0 9.0 9.0 10.0 10.0 10.0 10.0 10.0 10.0 10.0 10.0 10.0 
1108447 1998 11 3 82 9.0 8.0 8.0 6.0 4.0 6.0 2.0 3.0 2.0 4.0 8.0 9.0 9.0 9.0 9.0 9.0 10.0 10.0 10.0 10.0 10.0 10.0 10.0 10.0 
1108447 1998 11 4 82 10.0 10.0 10.0 10.0 10.0 10.0 10.0 10.0 10.0 10.0 10.0 10.0 10.0 10.0 10.0 10.0 10.0 10.0 10.0 10.0 10.0 10.0 9.0 10.0 
1108447 1998 11 5 82 10.0 9.0 10.0 10.0 10.0 10.0 10.0 10.0 10.0 10.0 10.0 10.0 9.0 9.0 10.0 10.0 9.0 9.0 7.0 7.0 8.0 8.0 8.0 9.0 
1108447 1998 11 6 82 9.0 4.0 2.0 1.0 1.0 1.0 3.0 4.0 5.0 5.0 5.0 5.0 5.0 7.0 5.0 5.0 6.0 5.0 4.0 5.0 6.0 7.0 7.0 7.0 
1108447 1998 11 7 82 2.0 1.0 1.0 3.0 0.0 1.0 1.0 3.0 2.0 2.0 2.0 1.0 2.0 3.0 3.0 4.0 5.0 6.0 3.0 5.0 5.0 5.0 7.0 7.0 
1108447 1998 11 8 82 9.0 9.0 9.0 9.0 9.0 9.0 2.0 5.0 10.0 10.0 9.0 10.0 9.0 9.0 9.0 10.0 8.0 4.0 4.0 5.0 9.0 9.0 9.0 9.0 
1108447 1998 11 9 82 10.0 10.0 10.0 10.0 10.0 10.0 10.0 10.0 8.0 9.0 9.0 10.0 10.0 9.0 9.0 10.0 10.0 10.0 10.0 10.0 9.0 9.0 9.0 10.0 
1108447 1998 11 10 82 10.0 10.0 10.0 10.0 10.0 10.0 10.0 10.0 10.0 10.0 10.0 9.0 9.0 9.0 8.0 7.0 6.0 7.0 7.0 2.0 1.0 1.0 1.0 2.0 
1108447 1998 11 11 82 9.0 9.0 6.0 5.0 5.0 6.0 6.0 10.0 10.0 9.0 10.0 10.0 10.0 9.0 7.0 8.0 9.0 9.0 9.0 9.0 10.0 10.0 10.0 10.0 
1108447 1998 11 12 82 10.0 10.0 10.0 9.0 9.0 10.0 10.0 10.0 10.0 10.0 10.0 10.0 10.0 10.0 10.0 10.0 10.0 10.0 10.0 10.0 10.0 10.0 10.0 10.0 
1108447 1998 11 13 82 9.0 9.0 9.0 10.0 10.0 10.0 8.0 10.0 10.0 10.0 10.0 10.0 10.0 10.0 10.0 10.0 10.0 10.0 10.0 10.0 10.0 10.0 10.0 10.0 
1108447 1998 11 14 82 10.0 10.0 10.0 10.0 10.0 10.0 10.0 10.0 10.0 10.0 10.0 10.0 10.0 10.0 10.0 10.0 10.0 10.0 10.0 10.0 10.0 10.0 10.0 10.0 
1108447 1998 11 15 82 10.0 10.0 10.0 10.0 10.0 10.0 10.0 10.0 10.0 9.0 8.0 7.0 9.0 9.0 8.0 7.0 6.0 8.0 10.0 10.0 7.0 7.0 10.0 10.0 
1108447 1998 11 16 82 10.0 10.0 7.0 9.0 8.0 10.0 9.0 9.0 10.0 9.0 10.0 10.0 10.0 10.0 10.0 10.0 10.0 10.0 10.0 8.0 9.0 8.0 5.0 2.0 
1108447 1998 11 17 82 1.0 0.0 1.0 2.0 2.0 1.0 3.0 3.0 7.0 7.0 10.0 10.0 10.0 10.0 9.0 9.0 9.0 10.0 10.0 10.0 10.0 10.0 10.0 9.0 
1108447 1998 11 18 82 9.0 10.0 9.0 9.0 9.0 9.0 9.0 4.0 4.0 5.0 8.0 7.0 5.0 8.0 9.0 9.0 7.0 6.0 5.0 4.0 4.0 9.0 10.0 10.0 
1108447 1998 11 19 82 10.0 10.0 9.0 9.0 10.0 10.0 10.0 10.0 10.0 10.0 10.0 10.0 10.0 9.0 10.0 10.0 10.0 10.0 10.0 9.0 9.0 9.0 8.0 9.0 
1108447 1998 11 20 82 10.0 9.0 9.5 10.0 10.0 10.0 10.0 10.0 10.0 8.0 9.0 10.0 10.0 10.0 10.0 10.0 10.0 10.0 10.0 10.0 10.0 9.0 3.0 4.0 
1108447 1998 11 21 82 8.0 8.0 10.0 8.0 9.0 9.0 8.0 8.0 10.0 10.0 10.0 10.0 10.0 10.0 9.0 10.0 9.0 10.0 9.0 9.0 9.0 10.0 10.0 10.0 
1108447 1998 11 22 82 10.0 10.0 10.0 10.0 10.0 10.0 10.0 10.0 10.0 10.0 10.0 9.0 9.0 9.0 9.0 9.0 10.0 10.0 8.0 9.0 8.0 8.0 9.0 3.0 
1108447 1998 11 23 82 4.0 5.0 9.0 5.0 10.0 10.0 10.0 10.0 10.0 10.0 10.0 10.0 9.0 9.0 10.0 10.0 10.0 9.0 10.0 10.0 10.0 10.0 10.0 10.0 
1108447 1998 11 24 82 10.0 10.0 10.0 10.0 10.0 10.0 10.0 9.0 9.0 9.0 10.0 8.0 10.0 10.0 10.0 10.0 10.0 10.0 10.0 10.0 10.0 10.0 10.0 10.0 
1108447 1998 11 25 82 10.0 10.0 10.0 10.0 10.0 10.0 10.0 10.0 10.0 10.0 10.0 10.0 10.0 10.0 10.0 10.0 10.0 10.0 10.0 10.0 10.0 10.0 10.0 10.0 
1108447 1998 11 26 82 10.0 10.0 10.0 10.0 10.0 10.0 10.0 10.0 9.0 9.0 9.0 9.0 9.0 10.0 10.0 9.0 9.0 9.0 9.0 8.0 10.0 9.0 9.0 9.0 
1108447 1998 11 27 82 10.0 9.0 10.0 10.0 10.0 10.0 10.0 10.0 10.0 10.0 10.0 10.0 10.0 9.0 9.0 8.0 9.0 9.0 9.0 9.0 9.0 9.0 9.0 8.0 
1108447 1998 11 28 82 8.0 8.0 7.0 9.0 9.0 9.0 9.0 9.0 10.0 9.0 9.0 9.0 9.0 9.0 4.0 4.0 5.0 3.0 3.0 7.0 4.0 5.0 8.0 9.0 
1108447 1998 11 29 82 7.0 8.0 8.0 8.0 7.0 9.0 10.0 10.0 10.0 10.0 10.0 10.0 10.0 10.0 10.0 10.0 10.0 10.0 10.0 8.0 10.0 9.0 8.0 9.0 
1108447 1998 11 30 82 9.0 10.0 10.0 10.0 8.0 10.0 2.0 3.0 3.0 7.0 8.0 8.0 7.0 9.0 9.0 9.0 9.0 9.0 9.0 9.0 9.0 8.0 9.0 9.0 
1108447 1998 12 1 82 8.0 10.0 10.0 9.0 10.0 10.0 10.0 10.0 10.0 10.0 10.0 10.0 10.0 10.0 10.0 10.0 5.0 7.0 6.0 10.0 10.0 10.0 10.0 10.0 
1108447 1998 12 2 82 10.0 10.0 10.0 10.0 9.0 7.0 9.0 9.0 10.0 9.0 9.0 9.0 8.0 9.0 10.0 9.0 9.0 9.0 9.0 9.0 9.0 10.0 9.0 10.0 
1108447 1998 12 3 82 7.0 7.0 7.0 9.0 8.0 7.0 10.0 9.0 9.0 9.0 9.0 9.0 9.0 9.0 9.0 10.0 10.0 9.0 9.0 10.0 10.0 10.0 10.0 9.0 
1108447 1998 12 4 82 9.0 10.0 8.0 5.0 9.0 9.0 10.0 10.0 9.0 7.0 9.0 10.0 10.0 10.0 9.0 8.0 8.0 8.0 7.0 7.0 6.0 7.0 8.0 9.0 
1108447 1998 12 5 82 10.0 10.0 10.0 10.0 10.0 10.0 10.0 10.0 10.0 10.0 10.0 10.0 10.0 10.0 10.0 10.0 10.0 10.0 10.0 10.0 6.0 8.0 10.0 9.0 
1108447 1998 12 6 82 8.0 9.0 10.0 10.0 8.0 8.0 7.0 5.0 5.0 5.0 5.0 5.0 4.0 7.0 8.0 9.0 10.0 10.0 10.0 10.0 10.0 10.0 10.0 10.0 
1108447 1998 12 7 82 10.0 10.0 10.0 10.0 10.0 10.0 10.0 10.0 10.0 10.0 10.0 10.0 10.0 9.0 9.0 9.0 10.0 10.0 10.0 10.0 10.0 10.0 10.0 10.0 
1108447 1998 12 8 82 9.0 9.0 9.0 9.0 4.0 3.0 3.0 3.0 2.0 3.0 2.0 4.0 7.0 8.0 9.0 9.0 9.0 9.0 10.0 10.0 10.0 10.0 10.0 10.0 
1108447 1998 12 9 82 10.0 10.0 10.0 10.0 10.0 10.0 10.0 10.0 10.0 10.0 10.0 10.0 10.0 10.0 10.0 10.0 10.0 10.0 10.0 10.0 10.0 10.0 10.0 10.0 
1108447 1998 12 10 82 10.0 10.0 10.0 10.0 10.0 10.0 10.0 10.0 10.0 9.0 9.0 6.0 7.0 5.0 4.0 3.0 4.0 7.0 7.0 5.0 3.0 9.0 10.0 10.0 
1108447 1998 12 11 82 10.0 10.0 10.0 9.0 9.0 9.0 10.0 10.0 10.0 10.0 10.0 10.0 10.0 10.0 10.0 10.0 10.0 10.0 10.0 10.0 10.0 10.0 10.0 10.0 
1108447 1998 12 12 82 10.0 10.0 10.0 10.0 10.0 10.0 10.0 10.0 10.0 10.0 10.0 10.0 10.0 10.0 10.0 10.0 10.0 10.0 10.0 10.0 10.0 10.0 10.0 10.0 
1108447 1998 12 13 82 10.0 10.0 10.0 10.0 10.0 10.0 10.0 10.0 10.0 10.0 10.0 10.0 10.0 10.0 10.0 10.0 9.0 8.0 7.0 6.0 4.0 2.0 3.0 0.0 
1108447 1998 12 14 82 1.0 0.0 8.0 9.0 9.0 10.0 9.0 8.0 10.0 10.0 10.0 10.0 10.0 10.0 10.0 10.0 10.0 10.0 10.0 10.0 10.0 10.0 10.0 10.0 
1108447 1998 12 15 82 10.0 10.0 10.0 10.0 10.0 10.0 10.0 10.0 10.0 10.0 10.0 10.0 10.0 10.0 10.0 10.0 10.0 10.0 10.0 10.0 10.0 10.0 10.0 10.0 
1108447 1998 12 16 82 10.0 10.0 10.0 10.0 10.0 10.0 10.0 10.0 10.0 10.0 10.0 10.0 10.0 10.0 10.0 10.0 10.0 10.0 10.0 10.0 10.0 5.0 7.0 10.0 
1108447 1998 12 17 82 10.0 10.0 10.0 10.0 7.0 2.0 2.0 2.0 3.0 2.0 1.0 1.0 2.0 2.0 2.0 2.0 3.0 4.0 3.0 2.0 2.0 1.0 0.0 0.0 
1108447 1998 12 18 82 0.0 0.0 1.0 1.0 0.0 1.0 0.0 1.0 2.0 1.0 1.0 1.0 1.0 1.0 2.0 3.0 3.0 3.0 2.0 1.0 0.0 0.0 1.0 5.0 
1108447 1998 12 19 82 5.0 4.0 5.0 2.0 1.0 6.0 7.0 4.0 4.0 4.0 4.0 4.0 6.0 3.0 2.0 2.0 2.0 1.0 0.0 0.0 0.0 0.0 0.0 0.0 
1108447 1998 12 20 82 0.0 0.0 0.0 0.0 0.0 0.0 0.0 0.0 0.0 0.0 1.0 3.0 3.0 2.0 3.0 5.0 3.0 3.0 5.0 5.0 6.0 7.0 8.0 8.0 
1108447 1998 12 21 82 10.0 10.0 10.0 10.0 10.0 10.0 10.0 10.0 7.0 7.0 10.0 6.0 4.0 3.0 1.0 1.0 0.0 0.0 0.0 0.0 0.0 0.0 0.0 0.0 
1108447 1998 12 22 82 1.0 1.0 1.0 1.0 1.0 1.0 1.0 2.0 3.0 9.0 10.0 10.0 10.0 10.0 9.0 9.0 9.0 9.0 8.0 8.0 5.0 3.0 2.0 1.0 
1108447 1998 12 23 82 1.0 1.0 1.0 2.0 7.0 8.0 10.0 10.0 10.0 10.0 10.0 10.0 10.0 10.0 10.0 10.0 10.0 10.0 10.0 10.0 10.0 10.0 10.0 10.0 
1108447 1998 12 24 82 10.0 10.0 10.0 10.0 10.0 10.0 10.0 10.0 10.0 10.0 10.0 10.0 10.0 10.0 10.0 10.0 10.0 10.0 10.0 10.0 10.0 10.0 10.0 10.0 
1108447 1998 12 25 82 10.0 10.0 10.0 10.0 10.0 10.0 10.0 10.0 10.0 10.0 10.0 10.0 10.0 10.0 10.0 10.0 10.0 10.0 10.0 10.0 10.0 9.0 10.0 10.0 
1108447 1998 12 26 82 9.0 9.0 9.0 7.0 5.0 7.0 7.0 9.0 10.0 9.0 7.0 9.0 9.0 10.0 10.0 10.0 10.0 10.0 10.0 10.0 10.0 10.0 10.0 10.0 
1108447 1998 12 27 82 10.0 10.0 10.0 10.0 10.0 10.0 10.0 10.0 10.0 10.0 10.0 10.0 10.0 10.0 10.0 10.0 10.0 10.0 10.0 10.0 10.0 10.0 10.0 10.0 
1108447 1998 12 28 82 10.0 10.0 9.0 9.0 9.0 9.0 8.0 9.0 10.0 9.0 9.0 9.0 10.0 10.0 10.0 10.0 10.0 10.0 10.0 10.0 10.0 10.0 10.0 10.0 
1108447 1998 12 29 82 10.0 10.0 10.0 10.0 10.0 10.0 10.0 10.0 10.0 10.0 10.0 10.0 10.0 10.0 9.0 9.0 9.0 10.0 8.0 7.0 6.0 5.0 5.0 8.0 
1108447 1998 12 30 82 8.0 8.0 8.0 6.0 8.0 9.0 9.0 10.0 10.0 10.0 10.0 10.0 10.0 10.0 10.0 10.0 10.0 10.0 10.0 10.0 10.0 10.0 10.0 9.0 
1108447 1998 12 31 82 9.0 9.0 10.0 10.0 10.0 10.0 10.0 9.0 5.0 7.0 9.0 8.0 7.0 6.0 8.0 9.0 9.0 8.0 8.0 8.0 7.0 5.0 6.0 7.0 
1108447 1999 1 1 82 8.0 8.0 9.0 9.0 10.0 10.0 10.0 9.0 10.0 9.0 10.0 9.0 7.0 7.0 8.0 8.0 9.0 10.0 10.0 10.0 8.0 9.0 9.0 9.0 
1108447 1999 1 2 82 8.0 7.0 4.0 2.0 1.0 1.0 0.0 0.0 0.0 0.0 0.0 0.0 1.0 3.0 3.0 3.0 10.0 0.0 0.0 2.0 2.0 2.0 2.0 0.0 
1108447 1999 1 3 82 3.0 0.0 0.0 0.0 0.0 2.0 3.0 4.0 7.0 8.0 8.0 6.0 5.0 4.0 4.0 6.0 8.0 8.0 9.0 8.0 9.0 8.0 8.0 8.0 
1108447 1999 1 4 82 10.0 10.0 10.0 10.0 10.0 10.0 10.0 10.0 10.0 10.0 9.0 9.0 9.0 9.0 9.0 9.0 9.0 9.0 9.0 10.0 10.0 10.0 10.0 10.0 
1108447 1999 1 5 82 10.0 10.0 10.0 10.0 10.0 10.0 10.0 10.0 9.0 9.0 9.0 7.0 9.0 9.0 9.0 9.0 9.0 7.0 8.0 5.0 8.0 8.0 10.0 10.0 
1108447 1999 1 6 82 5.0 6.0 9.0 10.0 10.0 10.0 10.0 10.0 10.0 10.0 10.0 10.0 10.0 10.0 10.0 10.0 10.0 10.0 10.0 10.0 10.0 10.0 10.0 10.0 
1108447 1999 1 7 82 10.0 10.0 10.0 9.0 10.0 10.0 8.0 10.0 10.0 9.0 9.0 9.0 9.0 9.0 8.0 4.0 9.0 9.0 10.0 10.0 10.0 10.0 10.0 9.0 
1108447 1999 1 8 82 10.0 10.0 10.0 10.0 10.0 10.0 10.0 9.0 10.0 10.0 10.0 10.0 10.0 10.0 10.0 10.0 10.0 10.0 10.0 10.0 10.0 10.0 10.0 10.0 
1108447 1999 1 9 82 10.0 10.0 10.0 10.0 10.0 10.0 10.0 10.0 10.0 10.0 10.0 10.0 10.0 10.0 10.0 10.0 10.0 10.0 10.0 10.0 10.0 10.0 10.0 10.0 
1108447 1999 1 10 82 10.0 10.0 10.0 10.0 10.0 10.0 10.0 10.0 10.0 10.0 10.0 10.0 10.0 10.0 10.0 10.0 10.0 10.0 10.0 10.0 10.0 10.0 10.0 10.0 
1108447 1999 1 11 82 10.0 10.0 10.0 10.0 10.0 10.0 10.0 10.0 10.0 9.0 10.0 10.0 10.0 9.0 10.0 10.0 10.0 10.0 10.0 10.0 10.0 10.0 10.0 10.0 
1108447 1999 1 12 82 10.0 10.0 10.0 10.0 10.0 10.0 10.0 10.0 10.0 10.0 9.0 9.0 8.0 6.0 7.0 10.0 9.0 7.0 10.0 10.0 6.0 6.0 3.0 4.0 
1108447 1999 1 13 82 3.0 9.0 10.0 10.0 10.0 10.0 10.0 8.0 8.0 9.0 10.0 10.0 10.0 10.0 10.0 10.0 10.0 10.0 10.0 10.0 10.0 10.0 10.0 10.0 
1108447 1999 1 14 82 10.0 10.0 10.0 10.0 10.0 10.0 10.0 10.0 10.0 10.0 10.0 10.0 7.0 3.0 2.0 2.0 3.0 2.0 2.0 1.0 1.0 3.0 8.0 7.0 
1108447 1999 1 15 82 8.0 10.0 10.0 10.0 7.0 8.0 4.0 7.0 5.0 9.0 9.0 10.0 10.0 9.0 10.0 9.0 10.0 10.0 10.0 10.0 10.0 10.0 10.0 10.0 
1108447 1999 1 16 82 10.0 10.0 10.0 8.0 9.0 10.0 10.0 10.0 10.0 10.0 10.0 10.0 10.0 10.0 9.0 10.0 9.0 10.0 10.0 10.0 9.0 10.0 10.0 10.0 
1108447 1999 1 17 82 10.0 9.0 10.0 10.0 10.0 10.0 10.0 10.0 9.0 10.0 10.0 10.0 10.0 10.0 10.0 10.0 10.0 10.0 10.0 10.0 10.0 10.0 10.0 9.0 
1108447 1999 1 18 82 9.0 9.0 8.0 10.0 10.0 10.0 10.0 10.0 10.0 10.0 10.0 10.0 10.0 10.0 10.0 10.0 9.0 10.0 10.0 10.0 10.0 10.0 10.0 10.0 
1108447 1999 1 19 82 10.0 10.0 10.0 5.0 10.0 5.0 8.0 8.0 10.0 10.0 10.0 10.0 10.0 10.0 10.0 10.0 10.0 10.0 10.0 10.0 10.0 10.0 10.0 10.0 
1108447 1999 1 20 82 10.0 10.0 10.0 10.0 10.0 10.0 10.0 10.0 9.0 9.0 9.0 9.0 9.0 9.0 9.0 9.0 9.0 9.0 9.0 10.0 10.0 10.0 10.0 10.0 
1108447 1999 1 21 82 10.0 10.0 10.0 10.0 10.0 10.0 10.0 9.0 10.0 10.0 10.0 10.0 10.0 10.0 10.0 10.0 10.0 9.0 9.0 8.0 8.0 9.0 9.0 10.0 
1108447 1999 1 22 82 8.0 9.0 10.0 10.0 10.0 10.0 8.0 10.0 10.0 10.0 10.0 10.0 10.0 10.0 10.0 10.0 10.0 10.0 9.0 10.0 10.0 10.0 10.0 10.0 
1108447 1999 1 23 82 10.0 10.0 10.0 10.0 10.0 10.0 10.0 10.0 7.0 4.0 3.0 3.0 2.0 1.0 2.0 2.0 0.0 0.0 0.0 0.0 0.0 0.0 4.0 1.0 
1108447 1999 1 24 82 2.0 2.0 7.0 7.0 8.0 8.0 8.0 8.0 5.0 9.0 9.0 10.0 10.0 10.0 10.0 10.0 10.0 10.0 10.0 10.0 10.0 10.0 10.0 10.0 
1108447 1999 1 25 82 10.0 10.0 10.0 10.0 10.0 10.0 10.0 9.0 10.0 10.0 10.0 10.0 10.0 10.0 10.0 10.0 10.0 10.0 10.0 10.0 10.0 10.0 10.0 10.0 
1108447 1999 1 26 82 10.0 10.0 4.0 5.0 5.0 5.0 9.0 9.0 10.0 9.0 9.0 8.0 8.0 3.0 2.0 2.0 4.0 1.0 1.0 1.0 0.0 2.0 7.0 9.0 
1108447 1999 1 27 82 10.0 10.0 10.0 10.0 10.0 10.0 10.0 10.0 10.0 10.0 10.0 10.0 10.0 10.0 10.0 10.0 10.0 10.0 9.0 8.0 10.0 10.0 10.0 10.0 
1108447 1999 1 28 82 9.0 9.0 10.0 10.0 10.0 9.0 8.0 9.0 9.0 10.0 10.0 10.0 10.0 10.0 10.0 10.0 10.0 10.0 10.0 10.0 10.0 10.0 10.0 10.0 
1108447 1999 1 29 82 10.0 10.0 10.0 10.0 10.0 10.0 10.0 10.0 10.0 10.0 10.0 10.0 10.0 10.0 10.0 10.0 10.0 10.0 10.0 10.0 10.0 10.0 10.0 10.0 
1108447 1999 1 30 82 10.0 8.0 9.0 8.0 7.0 5.0 5.0 2.0 4.0 5.0 5.0 9.0 9.0 10.0 10.0 10.0 10.0 10.0 9.0 10.0 10.0 10.0 10.0 8.0 
1108447 1999 1 31 82 8.0 9.0 8.0 9.0 9.0 8.0 9.0 10.0 10.0 9.0 4.0 5.0 8.0 9.0 8.0 8.0 5.0 6.0 6.0 4.0 9.0 9.0 9.0 4.0 
1108447 1999 2 1 82 9.0 7.0 7.0 5.0 7.0 9.0 9.0 9.0 10.0 9.0 9.0 10.0 9.0 9.0 10.0 10.0 10.0 10.0 10.0 10.0 10.0 10.0 10.0 10.0 
1108447 1999 2 2 82 10.0 10.0 10.0 10.0 10.0 10.0 10.0 10.0 10.0 8.0 4.0 3.0 5.0 7.0 8.0 9.0 7.0 7.0 8.0 4.0 2.0 3.0 2.0 1.0 
1108447 1999 2 3 82 4.0 8.0 9.0 9.0 10.0 10.0 10.0 10.0 10.0 10.0 10.0 10.0 10.0 10.0 10.0 10.0 10.0 10.0 10.0 10.0 9.0 5.0 6.0 8.0 
1108447 1999 2 4 82 10.0 10.0 10.0 10.0 10.0 10.0 10.0 10.0 10.0 10.0 10.0 10.0 9.0 8.0 6.0 1.0 8.0 9.0 9.0 4.0 5.0 3.0 4.0 5.0 
1108447 1999 2 5 82 10.0 10.0 10.0 10.0 10.0 10.0 10.0 10.0 10.0 10.0 10.0 10.0 10.0 10.0 10.0 10.0 10.0 9.0 10.0 10.0 8.0 10.0 5.0 8.0 
1108447 1999 2 6 82 7.0 8.0 10.0 10.0 10.0 10.0 10.0 9.0 10.0 10.0 10.0 10.0 10.0 10.0 9.0 10.0 10.0 10.0 10.0 10.0 10.0 5.0 7.0 5.0 
1108447 1999 2 7 82 10.0 10.0 10.0 7.0 9.0 7.0 8.0 10.0 10.0 10.0 10.0 10.0 10.0 9.0 9.0 10.0 10.0 10.0 10.0 10.0 10.0 9.0 9.0 3.0 
1108447 1999 2 8 82 10.0 10.0 10.0 10.0 10.0 10.0 10.0 10.0 9.0 7.0 4.0 7.0 9.0 7.0 8.0 4.0 6.0 7.0 8.0 8.0 10.0 10.0 10.0 10.0 
1108447 1999 2 9 82 5.0 9.0 9.0 6.0 7.0 2.0 7.0 7.0 7.0 5.0 6.0 7.0 8.0 8.0 7.0 8.0 5.0 9.0 9.0 9.0 8.0 10.0 10.0 10.0 
1108447 1999 2 10 82 10.0 10.0 10.0 8.0 8.0 7.0 9.0 9.0 8.0 6.0 8.0 8.0 8.0 9.0 5.0 7.0 7.0 5.0 6.0 3.0 6.0 5.0 4.0 9.0 
1108447 1999 2 11 82 9.0 9.0 9.0 9.0 10.0 10.0 10.0 9.0 9.0 10.0 10.0 10.0 10.0 10.0 10.0 10.0 10.0 10.0 10.0 10.0 10.0 10.0 10.0 10.0 
1108447 1999 2 12 82 10.0 10.0 10.0 10.0 10.0 10.0 10.0 10.0 10.0 10.0 10.0 10.0 10.0 10.0 10.0 10.0 10.0 10.0 10.0 10.0 10.0 10.0 10.0 10.0 
1108447 1999 2 13 82 10.0 10.0 10.0 10.0 10.0 10.0 10.0 10.0 10.0 9.0 7.0 10.0 9.0 7.0 4.0 5.0 4.0 3.0 2.0 2.0 3.0 3.0 7.0 2.0 
1108447 1999 2 14 82 2.0 1.0 2.0 2.0 1.0 3.0 4.0 7.0 8.0 8.0 8.0 8.0 9.0 8.0 9.0 8.0 8.0 8.0 4.0 2.0 2.0 2.0 0.0 0.0 
1108447 1999 2 15 82 1.0 5.0 3.0 7.0 8.0 9.0 8.0 9.0 9.0 9.0 9.0 7.0 8.0 9.0 9.0 10.0 10.0 10.0 10.0 10.0 10.0 10.0 10.0 10.0 
1108447 1999 2 16 82 10.0 10.0 10.0 10.0 10.0 10.0 10.0 9.0 9.0 10.0 10.0 10.0 10.0 10.0 10.0 10.0 10.0 10.0 10.0 10.0 10.0 6.0 8.0 9.0 
1108447 1999 2 17 82 9.0 10.0 10.0 10.0 9.0 9.0 10.0 9.0 10.0 9.0 9.0 9.0 9.0 5.0 4.0 2.0 2.0 2.0 5.0 3.0 3.0 2.0 5.0 4.0 
1108447 1999 2 18 82 3.0 8.0 9.0 10.0 10.0 10.0 10.0 10.0 10.0 10.0 10.0 10.0 10.0 10.0 10.0 10.0 10.0 10.0 10.0 10.0 10.0 10.0 10.0 10.0 
1108447 1999 2 19 82 10.0 10.0 10.0 10.0 8.0 2.0 0.0 2.0 4.0 6.0 7.0 10.0 10.0 10.0 10.0 9.0 10.0 10.0 10.0 10.0 10.0 10.0 10.0 10.0 
1108447 1999 2 20 82 10.0 10.0 10.0 8.0 3.0 4.0 3.0 5.0 9.0 10.0 10.0 10.0 10.0 10.0 10.0 10.0 10.0 10.0 10.0 10.0 10.0 10.0 10.0 10.0 
1108447 1999 2 21 82 10.0 10.0 10.0 10.0 9.0 9.0 10.0 9.0 9.0 9.0 9.0 10.0 10.0 10.0 10.0 9.0 10.0 10.0 9.0 9.0 10.0 10.0 10.0 10.0 
1108447 1999 2 22 82 10.0 10.0 10.0 10.0 10.0 10.0 10.0 10.0 10.0 10.0 10.0 10.0 10.0 10.0 3.0 2.0 3.0 4.0 6.0 5.0 3.0 4.0 6.0 8.0 
1108447 1999 2 23 82 9.0 10.0 10.0 10.0 10.0 10.0 10.0 10.0 10.0 9.0 10.0 10.0 10.0 10.0 10.0 10.0 10.0 10.0 10.0 10.0 10.0 10.0 10.0 10.0 
1108447 1999 2 24 82 10.0 10.0 10.0 10.0 10.0 10.0 10.0 10.0 10.0 9.0 8.0 9.0 9.0 10.0 9.0 10.0 10.0 10.0 10.0 9.0 9.0 10.0 10.0 8.0 
1108447 1999 2 25 82 6.0 10.0 10.0 10.0 10.0 10.0 9.0 9.0 9.0 10.0 10.0 10.0 9.0 9.0 10.0 9.0 9.0 9.0 9.0 9.0 10.0 10.0 9.0 8.0 
1108447 1999 2 26 82 7.0 3.0 3.0 3.0 3.0 3.0 4.0 8.0 7.0 7.0 8.0 9.0 9.0 9.0 10.0 7.0 5.0 9.0 10.0 9.0 10.0 10.0 10.0 10.0 
1108447 1999 2 27 82 10.0 10.0 10.0 10.0 10.0 10.0 10.0 10.0 10.0 10.0 10.0 10.0 10.0 10.0 10.0 10.0 10.0 10.0 10.0 10.0 10.0 8.0 8.0 9.0 
1108447 1999 2 28 82 9.0 9.0 10.0 10.0 10.0 10.0 9.0 6.0 2.0 4.0 5.0 9.0 9.0 10.0 9.0 10.0 8.0 5.0 9.0 10.0 10.0 9.0 5.0 9.0 
1108447 1999 3 1 82 8.0 9.0 8.0 7.0 10.0 9.0 9.0 10.0 10.0 9.0 9.0 9.0 9.0 9.0 10.0 9.0 7.0 4.0 2.0 0.0 3.0 2.0 0.0 0.0 
1108447 1999 3 2 82 4.0 0.0 3.0 3.0 7.0 7.0 9.0 10.0 10.0 10.0 10.0 10.0 10.0 10.0 10.0 10.0 10.0 10.0 10.0 10.0 10.0 10.0 10.0 10.0 
1108447 1999 3 3 82 6.0 8.0 9.0 9.0 9.0 10.0 10.0 10.0 10.0 10.0 10.0 10.0 10.0 10.0 10.0 10.0 10.0 10.0 10.0 10.0 10.0 10.0 10.0 10.0 
1108447 1999 3 4 82 10.0 10.0 10.0 9.0 8.0 5.0 6.0 5.0 8.0 8.0 8.0 8.0 9.0 8.0 6.0 7.0 9.0 7.0 6.0 4.0 3.0 6.0 7.0 7.0 
1108447 1999 3 5 82 8.0 7.0 9.0 9.0 9.0 6.0 7.0 7.0 6.0 6.0 7.0 5.0 6.0 8.0 8.0 6.0 6.0 5.0 5.0 1.0 3.0 3.0 3.0 2.0 
1108447 1999 3 6 82 2.0 0.0 0.0 0.0 0.0 0.0 0.0 3.0 2.0 2.0 2.0 3.0 3.0 3.0 4.0 3.0 3.0 2.0 3.0 3.0 3.0 2.0 2.0 3.0 
1108447 1999 3 7 82 4.0 4.0 5.0 5.0 5.0 7.0 9.0 9.0 9.0 9.0 9.0 9.0 9.0 9.0 9.0 10.0 10.0 10.0 10.0 10.0 10.0 10.0 10.0 10.0 
1108447 1999 3 8 82 10.0 10.0 10.0 10.0 10.0 10.0 10.0 10.0 10.0 10.0 10.0 10.0 9.0 8.0 10.0 8.0 8.0 8.0 8.0 8.0 7.0 7.0 8.0 10.0 
1108447 1999 3 9 82 10.0 10.0 10.0 10.0 10.0 10.0 9.0 8.0 9.0 9.0 8.0 6.0 5.0 4.0 2.0 6.0 7.0 7.0 9.0 8.0 10.0 8.0 9.0 10.0 
1108447 1999 3 10 82 10.0 10.0 10.0 10.0 10.0 10.0 10.0 10.0 10.0 10.0 10.0 10.0 10.0 9.0 7.0 5.0 3.0 2.0 0.0 0.0 0.0 0.0 0.0 0.0 
1108447 1999 3 11 82 1.0 1.0 0.0 0.0 0.0 0.0 6.0 9.0 9.0 4.0 6.0 7.0 9.0 10.0 10.0 10.0 10.0 10.0 10.0 10.0 10.0 10.0 10.0 10.0 
1108447 1999 3 12 82 10.0 10.0 10.0 10.0 10.0 10.0 10.0 10.0 10.0 10.0 10.0 10.0 10.0 10.0 10.0 10.0 10.0 10.0 10.0 10.0 10.0 10.0 10.0 10.0 
1108447 1999 3 13 82 10.0 10.0 10.0 10.0 10.0 10.0 10.0 10.0 10.0 10.0 10.0 10.0 10.0 10.0 10.0 10.0 10.0 10.0 10.0 10.0 10.0 10.0 10.0 10.0 
1108447 1999 3 14 82 10.0 10.0 10.0 10.0 10.0 10.0 10.0 10.0 10.0 8.0 9.0 10.0 9.0 8.0 7.0 3.0 3.0 2.0 2.0 2.0 3.0 6.0 4.0 4.0 
1108447 1999 3 15 82 4.0 5.0 4.0 5.0 5.0 7.0 8.0 10.0 10.0 10.0 10.0 10.0 10.0 10.0 10.0 10.0 10.0 10.0 10.0 10.0 10.0 10.0 10.0 10.0 
1108447 1999 3 16 82 9.0 10.0 10.0 10.0 7.0 10.0 4.0 3.0 4.0 4.0 3.0 3.0 3.0 3.0 2.0 2.0 2.0 2.0 4.0 6.0 8.0 9.0 10.0 10.0 
1108447 1999 3 17 82 10.0 10.0 10.0 10.0 10.0 10.0 10.0 10.0 10.0 10.0 10.0 10.0 10.0 8.0 7.0 10.0 5.0 10.0 8.0 8.0 8.0 9.0 10.0 10.0 
1108447 1999 3 18 82 10.0 10.0 9.0 8.0 8.0 6.0 4.0 5.0 9.0 9.0 10.0 10.0 10.0 10.0 10.0 10.0 10.0 10.0 10.0 10.0 10.0 10.0 10.0 10.0 
1108447 1999 3 19 82 10.0 9.0 9.0 9.0 9.0 9.0 8.0 8.0 4.0 7.0 8.0 6.0 6.0 4.0 5.0 5.0 5.0 3.0 3.0 3.0 2.0 0.0 0.0 0.0 
1108447 1999 3 20 82 0.0 0.0 0.0 0.0 0.0 0.0 0.0 0.0 2.0 3.0 2.0 3.0 2.0 2.0 2.0 4.0 4.0 4.0 8.0 8.0 7.0 7.0 9.0 9.0 
1108447 1999 3 21 82 9.0 9.0 9.0 10.0 10.0 10.0 10.0 10.0 10.0 10.0 10.0 10.0 10.0 10.0 10.0 10.0 10.0 7.0 8.0 8.0 7.0 7.0 6.0 6.0 
1108447 1999 3 22 82 5.0 8.0 10.0 10.0 10.0 10.0 10.0 10.0 10.0 10.0 10.0 10.0 10.0 10.0 10.0 10.0 10.0 10.0 10.0 10.0 10.0 10.0 9.0 10.0 
1108447 1999 3 23 82 10.0 10.0 10.0 10.0 10.0 10.0 10.0 10.0 9.0 8.0 7.0 8.0 7.0 7.0 8.0 9.0 9.0 9.0 9.0 10.0 10.0 10.0 10.0 10.0 
1108447 1999 3 24 82 10.0 10.0 10.0 10.0 10.0 10.0 9.0 10.0 10.0 10.0 10.0 10.0 10.0 10.0 10.0 10.0 10.0 10.0 10.0 10.0 10.0 10.0 10.0 10.0 
1108447 1999 3 25 82 10.0 7.0 3.0 7.0 4.0 7.0 9.0 10.0 10.0 10.0 10.0 9.0 10.0 10.0 10.0 10.0 10.0 10.0 10.0 10.0 10.0 10.0 8.0 8.0 
1108447 1999 3 26 82 6.0 10.0 9.0 10.0 9.0 9.0 9.0 9.0 10.0 9.0 8.0 8.0 7.0 9.0 10.0 10.0 10.0 9.0 10.0 10.0 10.0 8.0 9.0 9.0 
1108447 1999 3 27 82 10.0 9.0 9.0 10.0 8.0 8.0 3.0 1.0 1.0 2.0 3.0 4.0 8.0 9.0 9.0 10.0 10.0 10.0 10.0 10.0 10.0 10.0 9.0 5.0 
1108447 1999 3 28 82 6.0 6.0 7.0 9.0 8.0 9.0 10.0 7.0 5.0 9.0 9.0 10.0 10.0 10.0 10.0 10.0 10.0 10.0 10.0 10.0 10.0 10.0 10.0 10.0 
1108447 1999 3 29 82 10.0 10.0 10.0 9.0 10.0 9.0 9.0 9.0 10.0 10.0 10.0 9.0 10.0 10.0 9.0 10.0 10.0 9.0 9.0 9.0 9.0 9.0 10.0 8.0 
1108447 1999 3 30 82 9.0 9.0 9.0 9.0 9.0 9.0 9.0 10.0 8.0 10.0 10.0 9.0 9.0 9.0 8.0 8.0 9.0 6.0 5.0 6.0 5.0 5.0 2.0 0.0 
1108447 1999 3 31 82 1.0 3.0 5.0 6.0 6.0 4.0 4.0 7.0 7.0 7.0 6.0 2.0 2.0 2.0 2.0 3.0 2.0 2.0 1.0 1.0 1.0 1.0 1.0 0.0 
1108447 1999 4 1 82 0.0 0.0 0.0 0.0 1.0 3.0 7.0 4.0 7.0 7.0 5.0 7.0 7.0 7.0 9.0 7.0 6.0 6.0 6.0 5.0 4.0 4.0 3.0 3.0 
1108447 1999 4 2 82 3.0 3.0 1.0 2.0 2.0 3.0 4.0 8.0 10.0 10.0 10.0 10.0 10.0 10.0 10.0 10.0 10.0 10.0 10.0 10.0 10.0 10.0 10.0 10.0 
1108447 1999 4 3 82 9.0 10.0 8.0 10.0 10.0 10.0 10.0 9.0 9.0 9.0 6.0 3.0 2.0 1.0 1.0 2.0 3.0 3.0 3.0 3.0 3.0 3.0 2.0 2.0 
1108447 1999 4 4 82 1.0 3.0 4.0 6.0 7.0 5.0 8.0 9.0 10.0 10.0 10.0 10.0 10.0 10.0 10.0 10.0 10.0 10.0 10.0 10.0 10.0 10.0 10.0 10.0 
1108447 1999 4 5 82 5.0 4.0 2.0 2.0 2.0 2.0 2.0 2.0 3.0 3.0 9.0 9.0 9.0 9.0 7.0 6.0 7.0 5.0 4.0 2.0 0.0 0.0 0.0 0.0 
1108447 1999 4 6 82 0.0 0.0 0.0 3.0 3.0 4.0 7.0 10.0 10.0 10.0 10.0 9.0 9.0 9.0 9.0 9.0 10.0 10.0 10.0 10.0 10.0 10.0 10.0 10.0 
1108447 1999 4 7 82 10.0 10.0 10.0 10.0 10.0 10.0 10.0 10.0 10.0 10.0 10.0 10.0 10.0 10.0 10.0 10.0 10.0 10.0 10.0 10.0 10.0 10.0 10.0 10.0 
1108447 1999 4 8 82 10.0 10.0 10.0 10.0 9.0 9.0 8.0 7.0 4.0 4.0 3.0 4.0 4.0 4.0 5.0 7.0 8.0 6.0 5.0 4.0 4.0 3.0 3.0 2.0 
1108447 1999 4 9 82 2.0 3.0 3.0 2.0 6.0 5.0 6.0 4.0 7.0 8.0 9.0 9.0 9.0 8.0 9.0 9.0 9.0 9.0 8.0 10.0 9.0 10.0 9.0 9.0 
1108447 1999 4 10 82 9.0 9.0 9.0 10.0 10.0 10.0 10.0 9.0 9.0 9.0 9.0 9.0 9.0 8.0 8.0 8.0 5.0 4.0 3.0 2.0 2.0 3.0 6.0 6.0 
1108447 1999 4 11 82 2.0 1.0 1.0 0.0 0.0 3.0 2.0 4.0 8.0 8.0 5.0 6.0 8.0 9.0 8.0 9.0 9.0 5.0 9.0 10.0 10.0 10.0 10.0 10.0 
1108447 1999 4 12 82 10.0 10.0 10.0 10.0 10.0 10.0 10.0 9.0 9.0 7.0 6.0 8.0 9.0 8.0 7.0 4.0 4.0 3.0 3.0 3.0 4.0 4.0 4.0 6.0 
1108447 1999 4 13 82 6.0 6.0 5.0 2.0 1.0 1.0 1.0 1.0 1.0 1.0 1.0 2.0 2.0 1.0 1.0 0.0 0.0 0.0 0.0 0.0 0.0 0.0 0.0 0.0 
1108447 1999 4 14 82 0.0 0.0 0.0 0.0 0.0 1.0 0.0 2.0 1.0 2.0 4.0 0.0 1.0 0.0 1.0 1.0 1.0 1.0 1.0 1.0 1.0 0.0 0.0 0.0 
1108447 1999 4 15 82 0.0 0.0 0.0 0.0 0.0 0.0 1.0 1.0 2.0 1.0 1.0 0.0 0.0 1.0 2.0 3.0 5.0 5.0 7.0 8.0 8.0 6.0 6.0 0.0 
1108447 1999 4 16 82 3.0 3.0 1.0 0.0 0.0 6.0 6.0 6.0 8.0 10.0 10.0 8.0 8.0 8.0 8.0 8.0 8.0 8.0 9.0 9.0 8.0 6.0 5.0 7.0 
1108447 1999 4 17 82 7.0 7.0 4.0 2.0 3.0 6.0 5.0 9.0 8.0 6.0 4.0 4.0 4.0 7.0 9.0 10.0 10.0 10.0 10.0 10.0 10.0 10.0 10.0 9.0 
1108447 1999 4 18 82 9.0 10.0 10.0 10.0 9.0 10.0 10.0 10.0 10.0 10.0 10.0 10.0 10.0 10.0 9.0 8.0 8.0 10.0 6.0 6.0 4.0 1.0 2.0 4.0 
1108447 1999 4 19 82 4.0 5.0 8.0 9.0 10.0 10.0 10.0 10.0 10.0 10.0 10.0 10.0 10.0 10.0 10.0 10.0 10.0 10.0 10.0 10.0 10.0 10.0 10.0 10.0 
1108447 1999 4 20 82 10.0 8.0 8.0 7.0 7.0 8.0 5.0 6.0 9.0 9.0 9.0 8.0 8.0 7.0 4.0 2.0 1.0 1.0 3.0 4.0 2.0 1.0 1.0 3.0 
1108447 1999 4 21 82 2.0 2.0 5.0 9.0 7.0 4.0 1.0 0.0 2.0 7.0 8.0 7.0 6.0 5.0 6.0 7.0 8.0 3.0 1.0 1.0 0.0 0.0 0.0 0.0 
1108447 1999 4 22 82 0.0 0.0 0.0 0.0 0.0 0.0 0.0 0.0 0.0 0.0 0.0 0.0 3.0 9.0 9.0 8.0 8.0 5.0 4.0 3.0 3.0 2.0 0.0 1.0 
1108447 1999 4 23 82 3.0 3.0 3.0 3.0 3.0 4.0 4.0 6.0 9.0 10.0 10.0 9.0 8.0 5.0 2.0 0.0 0.0 0.0 0.0 0.0 0.0 0.0 0.0 0.0 
1108447 1999 4 24 82 0.0 0.0 0.0 0.0 0.0 0.0 0.0 0.0 2.0 2.0 3.0 3.0 4.0 6.0 8.0 8.0 9.0 8.0 7.0 8.0 8.0 9.0 10.0 10.0 
1108447 1999 4 25 82 10.0 10.0 10.0 10.0 10.0 9.0 9.0 4.0 1.0 1.0 2.0 1.0 1.0 1.0 2.0 3.0 3.0 4.0 5.0 6.0 9.0 9.0 9.0 7.0 
1108447 1999 4 26 82 10.0 9.0 9.0 7.0 7.0 5.0 9.0 9.0 8.0 6.0 9.0 9.0 8.0 6.0 7.0 6.0 6.0 5.0 6.0 7.0 8.0 8.0 8.0 7.0 
1108447 1999 4 27 82 7.0 5.0 7.0 7.0 8.0 9.0 9.0 7.0 6.0 8.0 7.0 6.0 4.0 4.0 5.0 4.0 4.0 3.0 3.0 2.0 2.0 0.0 0.0 0.0 
1108447 1999 4 28 82 0.0 0.0 0.0 1.0 3.0 5.0 4.0 4.0 4.0 3.0 2.0 2.0 2.0 3.0 4.0 3.0 3.0 2.0 0.0 1.0 1.0 0.0 0.0 0.0 
1108447 1999 4 29 82 2.0 2.0 2.0 2.0 2.0 3.0 3.0 3.0 2.0 1.0 1.0 1.0 2.0 1.0 0.0 0.0 0.0 0.0 0.0 1.0 1.0 1.0 0.0 0.0 
1108447 1999 4 30 82 0.0 0.0 1.0 3.0 3.0 6.0 5.0 7.0 9.0 9.0 8.0 9.0 10.0 10.0 10.0 10.0 10.0 10.0 10.0 10.0 10.0 10.0 10.0 10.0 
1108447 1999 5 1 82 10.0 10.0 10.0 10.0 10.0 10.0 10.0 9.0 10.0 9.0 8.0 7.0 4.0 7.0 9.0 8.0 8.0 5.0 7.0 8.0 7.0 7.0 8.0 8.0 
1108447 1999 5 2 82 10.0 10.0 10.0 10.0 10.0 10.0 10.0 10.0 10.0 10.0 10.0 10.0 9.0 10.0 9.0 10.0 10.0 10.0 10.0 10.0 10.0 10.0 10.0 10.0 
1108447 1999 5 3 82 10.0 9.0 10.0 10.0 8.0 9.0 9.0 6.0 7.0 6.0 6.0 7.0 9.0 9.0 5.0 6.0 5.0 3.0 3.0 3.0 4.0 5.0 6.0 6.0 
1108447 1999 5 4 82 5.0 7.0 9.0 4.0 8.0 5.0 5.0 7.0 6.0 4.0 3.0 3.0 3.0 4.0 5.0 5.0 8.0 8.0 8.0 7.0 7.0 6.0 6.0 4.0 
1108447 1999 5 5 82 3.0 3.0 7.0 10.0 10.0 8.0 9.0 10.0 9.0 9.0 9.0 8.0 9.0 9.0 10.0 10.0 10.0 10.0 9.0 9.0 10.0 10.0 10.0 10.0 
1108447 1999 5 6 82 10.0 9.0 10.0 10.0 10.0 10.0 10.0 9.0 10.0 10.0 10.0 10.0 10.0 10.0 10.0 10.0 10.0 10.0 10.0 9.0 9.0 9.0 9.0 7.0 
1108447 1999 5 7 82 6.0 6.0 8.0 10.0 10.0 8.0 9.0 4.0 7.0 5.0 9.0 9.0 9.0 9.0 8.0 9.0 9.0 7.0 7.0 7.0 6.0 6.0 4.0 7.0 
1108447 1999 5 8 82 5.0 5.0 5.0 7.0 4.0 6.0 4.0 6.0 8.0 9.0 9.0 5.0 5.0 3.0 2.0 4.0 4.0 3.0 3.0 3.0 2.0 2.0 2.0 3.0 
1108447 1999 5 9 82 8.0 9.0 10.0 10.0 9.0 9.0 9.0 9.0 9.0 9.0 8.0 8.0 7.0 4.0 4.0 4.0 3.0 2.0 1.0 0.0 0.0 0.0 0.0 0.0 
1108447 1999 5 10 82 0.0 2.0 3.0 1.0 1.0 4.0 4.0 6.0 8.0 9.0 9.0 8.0 6.0 5.0 8.0 9.0 8.0 4.0 3.0 2.0 3.0 3.0 7.0 7.0 
1108447 1999 5 11 82 9.0 9.0 9.0 5.0 9.0 9.0 7.0 9.0 9.0 10.0 10.0 10.0 10.0 10.0 10.0 10.0 10.0 10.0 10.0 10.0 10.0 10.0 10.0 8.0 
1108447 1999 5 12 82 8.0 7.0 9.0 9.0 10.0 10.0 9.0 9.0 10.0 10.0 10.0 9.0 8.0 7.0 7.0 8.0 8.0 8.0 8.0 7.0 8.0 8.0 7.0 7.0 
1108447 1999 5 13 82 9.0 10.0 10.0 10.0 10.0 9.0 9.0 10.0 10.0 10.0 10.0 8.0 8.0 8.0 9.0 8.0 6.0 4.0 2.0 1.0 1.0 1.0 0.0 0.0 
1108447 1999 5 14 82 1.0 2.0 2.0 1.0 1.0 3.0 3.0 2.0 4.0 4.0 4.0 5.0 3.0 2.0 2.0 2.0 3.0 4.0 3.0 4.0 4.0 2.0 1.0 4.0 
1108447 1999 5 15 82 3.0 2.0 2.0 2.0 3.0 2.0 3.0 6.0 3.0 3.0 4.0 6.0 6.0 4.0 5.0 4.0 4.0 3.0 8.0 9.0 10.0 10.0 10.0 10.0 
1108447 1999 5 16 82 10.0 10.0 10.0 10.0 10.0 10.0 10.0 10.0 10.0 10.0 10.0 10.0 10.0 9.0 9.0 9.0 9.0 9.0 7.0 8.0 6.0 6.0 9.0 10.0 
1108447 1999 5 17 82 10.0 10.0 10.0 9.0 10.0 10.0 10.0 10.0 10.0 10.0 10.0 10.0 10.0 10.0 10.0 10.0 10.0 10.0 10.0 10.0 10.0 10.0 10.0 10.0 
1108447 1999 5 18 82 10.0 10.0 10.0 10.0 10.0 10.0 10.0 10.0 10.0 10.0 10.0 8.0 8.0 7.0 9.0 9.0 9.0 9.0 9.0 8.0 9.0 9.0 5.0 5.0 
1108447 1999 5 19 82 7.0 7.0 6.0 9.0 10.0 9.0 9.0 9.0 9.0 9.0 8.0 8.0 9.0 9.0 9.0 9.0 9.0 9.0 10.0 10.0 10.0 10.0 7.0 6.0 
1108447 1999 5 20 82 5.0 6.0 7.0 8.0 10.0 10.0 10.0 10.0 10.0 8.0 9.0 8.0 5.0 8.0 8.0 8.0 8.0 8.0 8.0 9.0 8.0 6.0 6.0 8.0 
1108447 1999 5 21 82 8.0 10.0 9.0 10.0 10.0 8.0 4.0 8.0 5.0 7.0 7.0 8.0 6.0 9.0 8.0 6.0 7.0 9.0 7.0 7.0 6.0 5.0 3.0 3.0 
1108447 1999 5 22 82 3.0 3.0 3.0 4.0 4.0 4.0 3.0 2.0 2.0 1.0 0.0 0.0 0.0 0.0 0.0 0.0 1.0 1.0 1.0 0.0 0.0 0.0 0.0 1.0 
1108447 1999 5 23 82 1.0 1.0 0.0 0.0 1.0 0.0 0.0 0.0 0.0 0.0 0.0 0.0 0.0 0.0 0.0 0.0 0.0 0.0 0.0 0.0 0.0 0.0 0.0 0.0 
1108447 1999 5 24 82 0.0 0.0 0.0 2.0 2.0 0.0 0.0 0.0 0.0 1.0 1.0 2.0 3.0 4.0 4.0 4.0 5.0 7.0 8.0 9.0 8.0 7.0 7.0 8.0 
1108447 1999 5 25 82 9.0 8.0 7.0 2.0 2.0 2.0 2.0 2.0 2.0 2.0 4.0 3.0 1.0 1.0 1.0 1.0 1.0 0.0 0.0 0.0 0.0 0.0 0.0 0.0 
1108447 1999 5 26 82 0.0 0.0 0.0 0.0 0.0 5.0 6.0 8.0 8.0 5.0 6.0 4.0 5.0 9.0 9.0 9.0 9.0 9.0 9.0 5.0 3.0 3.0 3.0 8.0 
1108447 1999 5 27 82 9.0 8.0 8.0 9.0 9.0 10.0 10.0 10.0 10.0 10.0 10.0 10.0 10.0 10.0 9.0 8.0 8.0 8.0 8.0 8.0 5.0 2.0 2.0 2.0 
1108447 1999 5 28 82 1.0 1.0 1.0 5.0 6.0 6.0 9.0 9.0 9.0 8.0 9.0 6.0 8.0 5.0 3.0 3.0 3.0 2.0 1.0 1.0 1.0 1.0 0.0 0.0 
1108447 1999 5 29 82 0.0 0.0 0.0 0.0 2.0 1.0 0.0 0.0 0.0 0.0 0.0 1.0 1.0 1.0 1.0 1.0 0.0 1.0 1.0 1.0 0.0 0.0 0.0 0.0 
1108447 1999 5 30 82 0.0 0.0 0.0 1.0 2.0 2.0 3.0 8.0 9.0 9.0 10.0 10.0 10.0 10.0 10.0 9.0 9.0 9.0 9.0 9.0 9.0 9.0 9.0 9.0 
1108447 1999 5 31 82 9.0 7.0 6.0 7.0 10.0 10.0 10.0 10.0 10.0 10.0 9.0 9.0 9.0 5.0 3.0 5.0 8.0 9.0 9.0 9.0 9.0 10.0 10.0 10.0 
1108447 1999 6 1 82 8.0 8.0 9.0 9.0 10.0 10.0 10.0 10.0 10.0 10.0 10.0 9.0 10.0 9.0 7.0 7.0 8.0 3.0 3.0 7.0 8.0 8.0 9.0 9.0 
1108447 1999 6 2 82 9.0 8.0 9.0 8.0 6.0 9.0 8.0 9.0 3.0 4.0 4.0 3.0 5.0 3.0 3.0 3.0 2.0 2.0 2.0 2.0 2.0 2.0 2.0 0.0 
1108447 1999 6 3 82 0.0 0.0 0.0 0.0 0.0 0.0 1.0 2.0 3.0 4.0 5.0 8.0 7.0 7.0 8.0 8.0 5.0 4.0 4.0 4.0 5.0 5.0 4.0 3.0 
1108447 1999 6 4 82 1.0 7.0 10.0 9.0 10.0 10.0 10.0 10.0 10.0 10.0 10.0 10.0 10.0 10.0 10.0 10.0 10.0 10.0 10.0 10.0 10.0 10.0 10.0 10.0 
1108447 1999 6 5 82 10.0 10.0 10.0 10.0 6.0 7.0 7.0 5.0 4.0 4.0 9.0 9.0 8.0 8.0 8.0 9.0 9.0 9.0 9.0 8.0 5.0 5.0 3.0 3.0 
1108447 1999 6 6 82 6.0 9.0 10.0 9.0 9.0 10.0 10.0 10.0 10.0 10.0 10.0 9.0 9.0 9.0 9.0 9.0 9.0 9.0 9.0 9.0 9.0 7.0 7.0 9.0 
1108447 1999 6 7 82 7.0 4.0 8.0 10.0 10.0 10.0 10.0 9.0 10.0 10.0 9.0 9.0 9.0 5.0 5.0 5.0 4.0 2.0 4.0 4.0 5.0 5.0 5.0 8.0 
1108447 1999 6 8 82 8.0 7.0 9.0 9.0 9.0 9.0 9.0 9.0 9.0 9.0 8.0 9.0 9.0 9.0 9.0 5.0 4.0 5.0 5.0 5.0 5.0 4.0 3.0 3.0 
1108447 1999 6 9 82 6.0 8.0 9.0 9.0 9.0 9.0 9.0 9.0 8.0 9.0 9.0 9.0 9.0 10.0 9.0 9.0 9.0 9.0 9.0 9.0 9.0 9.0 10.0 10.0 
1108447 1999 6 10 82 10.0 10.0 10.0 10.0 8.0 9.0 9.0 9.0 9.0 9.0 9.0 9.0 9.0 9.0 9.0 8.0 6.0 5.0 3.0 2.0 2.0 2.0 2.0 0.0 
1108447 1999 6 11 82 0.0 0.0 0.0 2.0 4.0 4.0 5.0 5.0 7.0 6.0 4.0 4.0 3.0 3.0 3.0 3.0 4.0 4.0 3.0 3.0 7.0 7.0 7.0 7.0 
1108447 1999 6 12 82 6.0 4.0 7.0 7.0 9.0 9.0 9.0 8.0 8.0 8.0 6.0 8.0 9.0 10.0 10.0 10.0 10.0 10.0 10.0 10.0 10.0 10.0 10.0 10.0 
1108447 1999 6 13 82 10.0 10.0 10.0 10.0 10.0 10.0 10.0 9.0 9.0 9.0 9.0 9.0 9.0 3.0 5.0 5.0 8.0 5.0 5.0 7.0 4.0 3.0 2.0 2.0 
1108447 1999 6 14 82 2.0 0.0 0.0 4.0 6.0 6.0 7.0 8.0 7.0 6.0 7.0 8.0 8.0 9.0 7.0 4.0 4.0 3.0 4.0 6.0 4.0 2.0 1.0 0.0 
1108447 1999 6 15 82 0.0 0.0 1.0 1.0 2.0 2.0 4.0 7.0 4.0 4.0 7.0 9.0 9.0 9.0 9.0 6.0 8.0 9.0 9.0 9.0 9.0 9.0 9.0 6.0 
1108447 1999 6 16 82 2.0 1.0 9.0 9.0 9.0 9.0 9.0 9.0 7.0 9.0 9.0 8.0 9.0 7.0 8.0 9.0 9.0 8.0 9.0 8.0 3.0 1.0 3.0 0.0 
1108447 1999 6 17 82 0.0 0.0 2.0 2.0 2.0 3.0 7.0 10.0 10.0 9.0 10.0 9.0 9.0 8.0 7.0 7.0 8.0 8.0 8.0 8.0 10.0 10.0 8.0 9.0 
1108447 1999 6 18 82 10.0 10.0 7.0 7.0 8.0 9.0 10.0 10.0 10.0 10.0 10.0 10.0 9.0 6.0 7.0 4.0 4.0 3.0 4.0 7.0 7.0 8.0 3.0 1.0 
1108447 1999 6 19 82 1.0 1.0 2.0 3.0 5.0 9.0 9.0 9.0 9.0 8.0 8.0 9.0 9.0 9.0 8.0 10.0 10.0 9.0 10.0 10.0 10.0 10.0 10.0 10.0 
1108447 1999 6 20 82 10.0 10.0 10.0 10.0 10.0 10.0 10.0 10.0 10.0 10.0 10.0 10.0 10.0 10.0 10.0 10.0 10.0 10.0 10.0 10.0 10.0 10.0 10.0 10.0 
1108447 1999 6 21 82 10.0 10.0 10.0 10.0 10.0 10.0 10.0 10.0 10.0 10.0 10.0 10.0 10.0 10.0 10.0 10.0 10.0 10.0 10.0 9.0 9.0 6.0 4.0 10.0 
1108447 1999 6 22 82 7.0 10.0 10.0 9.0 10.0 9.0 9.0 9.0 9.0 10.0 10.0 10.0 10.0 10.0 10.0 10.0 10.0 10.0 10.0 9.0 10.0 10.0 10.0 6.0 
1108447 1999 6 23 82 8.0 9.0 9.0 9.0 9.0 9.0 10.0 10.0 10.0 10.0 10.0 10.0 10.0 10.0 10.0 10.0 10.0 10.0 10.0 9.0 8.0 7.0 8.0 10.0 
1108447 1999 6 24 82 8.0 10.0 10.0 10.0 9.0 10.0 10.0 10.0 10.0 10.0 10.0 9.0 10.0 9.0 7.0 5.0 5.0 4.0 5.0 8.0 6.0 8.0 8.0 7.0 
1108447 1999 6 25 82 9.0 9.0 10.0 10.0 10.0 10.0 10.0 10.0 10.0 10.0 10.0 10.0 10.0 9.0 9.0 9.0 7.0 8.0 8.0 9.0 9.0 10.0 10.0 10.0 
1108447 1999 6 26 82 10.0 10.0 10.0 10.0 10.0 10.0 10.0 10.0 10.0 10.0 10.0 10.0 10.0 10.0 10.0 10.0 10.0 10.0 10.0 10.0 10.0 10.0 10.0 10.0 
1108447 1999 6 27 82 10.0 10.0 8.0 9.0 8.0 9.0 9.0 9.0 10.0 10.0 10.0 9.0 9.0 9.0 9.0 9.0 9.0 9.0 9.0 9.0 9.0 10.0 9.0 9.0 
1108447 1999 6 28 82 8.0 9.0 10.0 10.0 10.0 10.0 10.0 10.0 10.0 10.0 10.0 10.0 10.0 9.0 9.0 9.0 10.0 10.0 10.0 10.0 10.0 10.0 10.0 10.0 
1108447 1999 6 29 82 10.0 10.0 10.0 10.0 10.0 9.0 9.0 9.0 10.0 10.0 10.0 10.0 10.0 10.0 10.0 10.0 10.0 10.0 10.0 10.0 10.0 10.0 10.0 10.0 
1108447 1999 6 30 82 10.0 10.0 10.0 10.0 10.0 10.0 10.0 10.0 10.0 10.0 10.0 9.0 10.0 10.0 10.0 10.0 10.0 10.0 10.0 9.0 9.0 10.0 9.0 8.0 
1108447 1999 7 1 82 8.0 8.0 9.0 8.0 10.0 10.0 9.0 9.0 9.0 9.0 9.0 9.0 9.0 9.0 9.0 9.0 8.0 3.0 9.0 9.0 9.0 9.0 10.0 10.0 
1108447 1999 7 2 82 10.0 10.0 10.0 10.0 10.0 10.0 10.0 10.0 10.0 10.0 10.0 10.0 10.0 10.0 10.0 10.0 10.0 10.0 10.0 10.0 10.0 10.0 10.0 10.0 
1108447 1999 7 3 82 10.0 10.0 10.0 10.0 10.0 10.0 10.0 10.0 10.0 10.0 10.0 10.0 9.0 10.0 9.0 9.0 9.0 9.0 9.0 9.0 9.0 9.0 8.0 7.0 
1108447 1999 7 4 82 7.0 7.0 10.0 10.0 9.0 9.0 9.0 10.0 10.0 10.0 10.0 10.0 9.0 9.0 10.0 10.0 10.0 10.0 10.0 10.0 10.0 10.0 10.0 9.0 
1108447 1999 7 5 82 7.0 3.0 2.0 3.0 2.0 2.0 0.0 0.0 0.0 1.0 1.0 0.0 0.0 0.0 1.0 1.0 1.0 0.0 0.0 0.0 0.0 0.0 2.0 4.0 
1108447 1999 7 6 82 2.0 2.0 0.0 4.0 4.0 4.0 4.0 7.0 6.0 5.0 7.0 6.0 4.0 4.0 4.0 4.0 7.0 10.0 9.0 8.0 9.0 10.0 7.0 2.0 
1108447 1999 7 7 82 8.0 10.0 8.0 10.0 10.0 9.0 10.0 9.0 9.0 9.0 9.0 10.0 10.0 10.0 10.0 10.0 10.0 9.0 8.0 8.0 8.0 8.0 5.0 7.0 
1108447 1999 7 8 82 6.0 7.0 6.0 9.0 9.0 9.0 6.0 4.0 4.0 4.0 3.0 5.0 4.0 4.0 3.0 5.0 3.0 0.0 0.0 0.0 1.0 1.0 1.0 2.0 
1108447 1999 7 9 82 2.0 2.0 2.0 1.0 2.0 1.0 1.0 2.0 2.0 0.0 0.0 0.0 0.0 0.0 2.0 1.0 1.0 2.0 2.0 2.0 7.0 8.0 5.0 5.0 
1108447 1999 7 10 82 4.0 3.0 3.0 3.0 3.0 3.0 5.0 8.0 6.0 6.0 7.0 7.0 9.0 9.0 9.0 9.0 5.0 3.0 0.0 0.0 0.0 0.0 0.0 0.0 
1108447 1999 7 11 82 0.0 0.0 0.0 0.0 0.0 0.0 0.0 0.0 0.0 0.0 0.0 0.0 0.0 0.0 0.0 0.0 0.0 0.0 0.0 0.0 0.0 0.0 0.0 0.0 
1108447 1999 7 12 82 0.0 0.0 0.0 0.0 0.0 0.0 0.0 0.0 0.0 0.0 0.0 0.0 0.0 0.0 0.0 0.0 0.0 2.0 2.0 3.0 3.0 2.0 1.0 0.0 
1108447 1999 7 13 82 0.0 0.0 0.0 0.0 1.0 0.0 0.0 1.0 1.0 8.0 2.0 3.0 5.0 4.0 2.0 5.0 7.0 9.0 8.0 7.0 8.0 7.0 9.0 9.0 
1108447 1999 7 14 82 9.0 9.0 5.0 6.0 7.0 8.0 9.0 9.0 9.0 8.0 9.0 9.0 9.0 9.0 9.0 8.0 9.0 9.0 7.0 7.0 6.0 5.0 4.0 2.0 
1108447 1999 7 15 82 0.0 0.0 1.0 9.0 4.0 7.0 8.0 8.0 8.0 9.0 9.0 9.0 9.0 9.0 9.0 9.0 9.0 9.0 9.0 9.0 9.0 9.0 8.0 9.0 
1108447 1999 7 16 82 9.0 9.0 9.0 9.0 10.0 10.0 9.0 10.0 10.0 9.0 9.0 9.0 8.0 6.0 9.0 8.0 9.0 8.0 9.0 8.0 8.0 8.0 5.0 3.0 
1108447 1999 7 17 82 7.0 9.0 7.0 2.0 3.0 5.0 9.5 3.0 2.0 2.0 2.0 2.0 2.0 2.0 3.0 2.0 2.0 2.0 2.0 3.0 3.0 3.0 3.0 10.0 
1108447 1999 7 18 82 10.0 10.0 10.0 10.0 10.0 10.0 10.0 10.0 10.0 9.0 8.0 5.0 4.0 4.0 2.0 2.0 1.0 1.0 2.0 2.0 1.0 0.0 0.0 0.0 
1108447 1999 7 19 82 0.0 0.0 0.0 0.0 1.0 1.0 1.0 1.0 1.0 1.0 1.0 0.0 0.0 1.0 0.0 0.0 0.0 0.0 1.0 0.0 0.0 0.0 0.0 0.0 
1108447 1999 7 20 82 0.0 0.0 0.0 0.0 0.0 0.0 0.0 0.0 1.0 1.0 1.0 1.0 1.0 1.0 2.0 2.0 2.0 3.0 2.0 2.0 3.0 2.0 2.0 1.5 
1108447 1999 7 21 82 0.0 0.0 0.0 0.0 5.0 9.0 8.0 8.0 10.0 10.0 9.0 9.0 9.0 5.0 7.0 4.0 3.0 3.0 1.0 2.0 3.0 8.0 4.0 3.0 
1108447 1999 7 22 82 3.0 4.0 4.0 4.0 5.0 5.0 6.0 7.0 6.0 4.0 5.0 3.0 3.0 2.0 2.0 2.0 1.0 3.0 2.0 3.0 3.0 4.0 5.0 4.0 
1108447 1999 7 23 82 3.0 3.0 4.0 4.0 7.0 7.0 7.0 4.0 4.0 7.0 5.0 5.0 3.0 3.0 4.0 4.0 8.0 10.0 10.0 10.0 10.0 10.0 10.0 10.0 
1108447 1999 7 24 82 10.0 10.0 10.0 10.0 10.0 10.0 10.0 10.0 10.0 10.0 10.0 9.0 9.0 9.0 8.0 8.0 10.0 9.0 8.0 10.0 10.0 10.0 5.0 9.0 
1108447 1999 7 25 82 9.0 9.0 9.0 9.0 9.0 10.0 10.0 10.0 10.0 10.0 10.0 10.0 8.0 7.0 4.0 3.0 3.0 2.0 3.0 3.0 2.0 3.0 3.0 3.0 
1108447 1999 7 26 82 5.0 4.0 3.0 3.0 2.0 1.0 0.0 0.0 0.0 0.0 0.0 0.0 0.0 0.0 0.0 0.0 0.0 0.0 0.0 0.0 0.0 0.0 0.0 0.0 
1108447 1999 7 27 82 0.0 1.0 1.0 0.0 0.0 0.0 0.0 0.0 0.0 0.0 0.0 0.0 0.0 0.0 1.0 1.0 1.0 1.0 1.0 1.0 1.0 1.0 1.0 0.0 
1108447 1999 7 28 82 0.0 0.0 0.0 0.0 0.0 0.0 0.0 0.0 1.0 1.0 0.0 0.0 0.0 0.0 0.0 0.0 0.0 0.0 0.0 0.0 0.0 0.0 0.0 0.0 
1108447 1999 7 29 82 0.0 2.0 7.0 6.0 7.0 9.0 9.0 10.0 10.0 10.0 10.0 10.0 10.0 10.0 10.0 10.0 10.0 10.0 9.0 8.0 7.0 7.0 8.0 9.0 
1108447 1999 7 30 82 8.0 8.0 9.0 9.0 9.0 10.0 10.0 10.0 10.0 9.0 5.0 2.0 2.0 2.0 1.0 0.0 0.0 0.0 1.0 0.0 0.0 0.0 0.0 0.0 
1108447 1999 7 31 82 0.0 1.0 2.0 2.0 1.0 1.0 1.0 1.0 2.0 3.0 3.0 4.0 4.0 5.0 6.0 6.0 7.0 8.0 8.0 8.0 8.0 6.0 6.0 9.0 
1108447 1999 8 1 82 8.0 6.0 4.0 2.0 2.0 1.0 1.0 1.0 1.0 1.0 9.0 8.0 4.0 9.0 8.0 8.0 8.0 6.0 5.0 3.0 2.0 2.0 2.0 0.0 
1108447 1999 8 2 82 0.0 0.0 0.0 0.0 0.0 0.0 0.0 0.0 0.0 0.0 0.0 0.0 0.0 1.0 0.0 1.0 1.0 1.0 1.0 0.0 0.0 0.0 0.0 4.0 
1108447 1999 8 3 82 4.0 5.0 5.0 3.0 3.0 8.0 7.0 9.0 8.0 8.0 7.0 8.0 5.0 4.0 3.0 5.0 8.0 9.0 9.0 8.0 8.0 8.0 9.0 9.0 
1108447 1999 8 4 82 9.0 8.0 8.0 7.0 7.0 7.0 7.0 7.0 8.0 8.0 7.0 5.0 3.0 3.0 3.0 2.0 1.0 1.0 1.0 1.0 2.0 4.0 3.0 4.0 
1108447 1999 8 5 82 8.0 9.0 10.0 10.0 10.0 8.0 8.0 8.0 8.0 10.0 9.0 9.0 8.0 6.0 6.0 3.0 3.0 7.0 8.0 7.0 7.0 5.0 3.0 3.0 
1108447 1999 8 6 82 4.0 7.0 8.0 7.0 8.0 8.0 8.0 9.0 9.0 8.0 7.0 7.0 4.0 0.0 2.0 7.0 7.0 8.0 10.0 10.0 10.0 10.0 10.0 10.0 
1108447 1999 8 7 82 10.0 10.0 10.0 9.0 9.0 10.0 8.0 10.0 10.0 10.0 10.0 10.0 10.0 9.0 10.0 10.0 8.0 10.0 9.0 9.0 10.0 10.0 10.0 10.0 
1108447 1999 8 8 82 9.0 10.0 10.0 9.0 10.0 10.0 10.0 10.0 10.0 10.0 10.0 10.0 10.0 10.0 9.0 9.0 10.0 8.0 8.0 8.0 3.0 3.0 2.0 2.0 
1108447 1999 8 9 82 3.0 4.0 9.0 9.0 9.0 10.0 10.0 10.0 10.0 10.0 9.0 8.0 3.0 2.0 4.0 5.0 2.0 2.0 3.0 3.0 3.0 3.0 2.0 1.0 
1108447 1999 8 10 82 1.0 1.0 1.0 1.0 5.0 6.0 10.0 10.0 6.0 10.0 10.0 9.0 10.0 9.0 8.0 7.0 9.0 7.0 6.0 6.0 8.0 5.0 3.0 0.0 
1108447 1999 8 11 82 0.0 0.0 0.0 5.0 10.0 10.0 9.0 9.0 8.0 8.0 6.0 3.0 4.0 3.0 4.0 4.0 5.0 5.0 7.0 7.0 8.0 6.0 7.0 2.0 
1108447 1999 8 12 82 6.0 4.0 5.0 6.0 9.0 10.0 9.0 9.0 10.0 10.0 10.0 10.0 9.0 9.0 10.0 10.0 10.0 10.0 9.0 9.0 9.0 10.0 10.0 10.0 
1108447 1999 8 13 82 10.0 10.0 10.0 10.0 8.0 10.0 9.0 9.0 8.0 8.0 8.0 7.0 6.0 5.0 2.0 3.0 3.0 2.0 3.0 7.0 5.0 4.0 4.0 3.0 
1108447 1999 8 14 82 3.0 3.0 5.0 5.0 8.0 9.0 9.0 8.0 10.0 10.0 9.0 8.0 8.0 8.0 9.0 9.0 9.0 9.0 9.0 9.0 9.0 9.0 9.0 7.0 
1108447 1999 8 15 82 8.0 8.0 9.0 9.0 10.0 10.0 10.0 10.0 10.0 10.0 10.0 10.0 10.0 10.0 10.0 10.0 10.0 10.0 10.0 10.0 10.0 10.0 10.0 10.0 
1108447 1999 8 16 82 10.0 10.0 10.0 10.0 10.0 10.0 10.0 10.0 10.0 10.0 10.0 10.0 10.0 9.0 9.0 9.0 9.0 9.0 9.0 8.0 8.0 6.0 5.0 1.0 
1108447 1999 8 17 82 2.0 2.0 2.0 3.0 6.0 5.0 4.0 5.0 5.0 3.0 3.0 4.0 3.0 3.0 5.0 0.0 2.0 4.0 5.0 2.0 0.0 0.0 0.0 0.0 
1108447 1999 8 18 82 0.0 0.0 0.0 1.0 2.0 3.0 4.0 3.0 3.0 3.0 3.0 2.0 2.0 2.0 2.0 2.0 1.0 1.0 1.0 1.0 2.0 2.0 2.0 2.0 
1108447 1999 8 19 82 2.0 5.0 3.0 10.0 8.0 9.0 9.0 9.0 9.0 9.0 5.0 5.0 4.0 3.0 2.0 2.0 2.0 2.0 1.0 1.0 1.0 0.0 0.0 0.0 
1108447 1999 8 20 82 0.0 0.0 0.0 0.0 0.0 1.0 3.0 3.0 4.0 5.0 7.0 7.0 5.0 6.0 7.0 8.0 8.0 5.0 3.0 3.0 4.0 3.0 8.0 9.0 
1108447 1999 8 21 82 10.0 10.0 9.0 6.0 8.0 3.0 9.0 6.0 8.0 8.0 5.0 8.0 6.0 9.0 4.0 3.0 1.0 1.0 0.0 2.0 1.0 0.0 0.0 1.0 
1108447 1999 8 22 82 1.0 0.0 0.0 1.0 0.0 6.0 7.0 7.0 7.0 7.0 5.0 3.0 2.0 2.0 1.0 1.0 1.0 1.0 1.0 1.0 1.0 1.0 1.0 3.0 
1108447 1999 8 23 82 7.0 6.0 3.0 2.0 3.0 3.0 3.0 3.0 3.0 5.0 4.0 7.0 6.0 6.0 7.0 7.0 6.0 5.0 3.0 1.0 1.0 0.0 0.0 1.0 
1108447 1999 8 24 82 1.0 2.0 3.0 1.0 2.0 3.0 4.0 10.0 8.0 9.0 8.0 8.0 8.0 7.0 9.0 9.0 9.0 9.0 9.0 9.0 9.0 10.0 10.0 10.0 
1108447 1999 8 25 82 10.0 10.0 9.0 7.0 7.0 6.0 7.0 8.0 8.0 7.0 7.0 5.0 4.0 3.0 2.0 2.0 1.0 1.0 0.0 0.0 0.0 0.0 7.0 4.0 
1108447 1999 8 26 82 4.0 9.0 9.0 9.0 9.0 8.0 7.0 6.0 6.0 8.0 9.0 8.0 5.0 4.0 6.0 7.0 3.0 2.0 2.0 3.0 3.0 3.0 2.0 4.0 
1108447 1999 8 27 82 6.0 7.0 7.0 5.0 4.0 7.0 8.0 5.0 7.0 4.0 1.0 1.0 2.0 2.0 2.0 2.0 2.0 3.0 4.0 7.0 8.0 8.0 8.0 8.0 
1108447 1999 8 28 82 7.0 4.0 4.0 9.0 8.0 6.0 8.0 9.0 10.0 9.0 8.0 9.0 9.0 9.0 8.0 7.0 5.0 5.0 5.0 5.0 5.0 3.0 3.0 4.0 
1108447 1999 8 29 82 8.0 9.0 10.0 10.0 10.0 10.0 10.0 10.0 10.0 10.0 10.0 10.0 9.0 9.0 9.0 9.0 9.0 6.0 7.0 7.0 6.0 7.0 7.0 9.0 
1108447 1999 8 30 82 10.0 8.0 7.0 8.0 9.0 9.0 8.0 10.0 9.0 10.0 9.0 9.0 9.0 9.0 8.0 8.0 8.0 9.0 8.0 8.0 8.0 6.0 4.0 4.0 
1108447 1999 8 31 82 7.0 7.0 8.0 10.0 9.0 9.0 8.0 5.0 5.0 6.0 8.0 7.0 6.0 5.0 7.0 7.0 4.0 5.0 3.0 3.0 3.0 3.0 3.0 2.0 
1108447 1999 9 1 82 0.0 2.0 0.0 0.0 0.0 0.0 0.0 0.0 5.0 1.0 2.0 1.0 2.0 1.0 1.0 1.0 1.0 1.0 0.0 0.0 0.0 1.0 1.0 0.0 
1108447 1999 9 2 82 0.0 0.0 0.0 0.0 0.0 0.0 0.0 0.0 0.0 0.0 0.0 1.0 1.0 1.0 1.0 1.0 1.0 1.0 1.0 1.0 1.0 0.0 0.0 0.0 
1108447 1999 9 3 82 0.0 0.0 0.0 1.0 1.0 2.0 1.0 0.0 0.0 0.0 1.0 1.0 1.0 0.0 0.0 0.0 0.0 0.0 1.0 1.0 2.0 2.0 3.0 2.0 
1108447 1999 9 4 82 6.0 9.0 10.0 9.0 10.0 10.0 10.0 10.0 10.0 10.0 10.0 9.0 9.0 9.0 7.0 9.0 8.0 9.0 9.0 9.0 9.0 10.0 10.0 10.0 
1108447 1999 9 5 82 10.0 10.0 10.0 10.0 10.0 10.0 10.0 10.0 10.0 10.0 10.0 9.0 8.0 9.0 7.0 7.0 8.0 9.0 9.0 9.0 7.0 8.0 8.0 9.0 
1108447 1999 9 6 82 6.0 5.0 8.0 8.0 5.0 3.0 4.0 3.0 1.0 2.0 1.0 2.0 2.0 3.0 3.0 3.0 3.0 2.0 3.0 8.0 7.0 4.0 3.0 2.0 
1108447 1999 9 7 82 2.0 2.0 1.0 1.0 2.0 0.0 1.0 0.0 0.0 0.0 2.0 2.0 2.0 1.0 0.0 0.0 0.0 0.0 0.0 0.0 0.0 0.0 0.0 0.0 
1108447 1999 9 8 82 1.7 0.0 0.0 0.0 0.0 0.0 0.0 0.0 0.0 0.0 0.0 1.0 1.0 1.0 0.0 0.0 0.0 0.0 0.0 1.0 0.0 0.0 0.0 0.0 
1108447 1999 9 9 82 1.3 0.0 1.0 1.0 6.0 6.0 6.0 9.0 10.0 8.0 5.0 3.0 3.0 2.0 3.0 2.0 2.0 2.0 2.0 2.0 1.0 3.0 4.0 2.0 
1108447 1999 9 10 82 1.0 1.0 0.0 4.0 9.0 9.0 8.0 7.0 3.0 3.0 4.0 1.0 2.0 2.0 0.0 0.0 0.0 0.0 0.0 0.0 0.0 0.0 0.0 0.0 
1108447 1999 9 11 82 0.0 0.0 0.0 0.0 0.0 1.0 3.0 3.0 3.0 3.0 3.0 3.0 3.0 3.0 1.0 1.0 2.0 1.0 0.0 0.0 0.0 0.0 0.0 0.0 
1108447 1999 9 12 82 0.0 0.0 0.0 0.0 0.0 0.0 0.0 0.0 0.0 0.0 0.0 0.0 0.0 0.0 1.0 1.0 1.0 1.0 1.0 1.0 0.0 0.0 0.0 0.0 
1108447 1999 9 13 82 0.0 0.0 0.0 0.0 0.0 0.0 0.0 0.0 0.0 0.0 0.0 0.0 0.0 0.0 0.0 0.0 0.0 0.0 0.0 1.0 0.0 0.0 0.0 0.0 
1108447 1999 9 14 82 0.0 0.0 0.0 0.0 0.0 2.0 3.0 5.0 6.0 6.0 7.0 7.0 7.0 7.0 7.0 7.0 8.0 6.0 3.0 2.0 2.0 0.0 0.0 0.0 
1108447 1999 9 15 82 0.0 0.0 0.0 0.0 0.0 3.0 6.0 8.0 8.0 7.0 7.0 6.0 6.0 9.0 8.0 8.0 5.0 4.0 3.0 3.0 3.0 0.0 0.0 2.0 
1108447 1999 9 16 82 7.0 8.0 9.0 7.0 4.0 9.0 10.0 10.0 10.0 10.0 10.0 10.0 10.0 10.0 8.0 4.0 3.0 3.0 2.0 3.0 3.0 9.0 10.0 10.0 
1108447 1999 9 17 82 10.0 10.0 10.0 10.0 10.0 10.0 10.0 10.0 10.0 10.0 10.0 9.0 4.0 1.0 0.0 0.0 0.0 0.0 1.0 2.0 3.0 5.0 7.0 6.0 
1108447 1999 9 18 82 6.0 5.0 4.0 0.0 0.0 0.0 1.0 2.0 5.0 4.0 4.0 5.0 3.0 3.0 2.0 2.0 2.0 1.0 1.0 0.0 0.0 0.0 0.0 0.0 
1108447 1999 9 19 82 0.0 0.0 0.0 0.0 0.0 1.0 4.0 3.0 2.0 2.0 2.0 2.0 1.0 1.0 0.0 0.0 0.0 0.0 0.0 0.0 0.0 0.0 0.0 0.0 
1108447 1999 9 20 82 0.0 0.0 0.0 0.0 0.0 0.0 1.0 0.0 0.0 0.0 0.0 0.0 0.0 0.0 0.0 0.0 0.0 0.0 0.0 0.0 0.0 0.0 0.0 0.0 
1108447 1999 9 21 82 0.0 0.0 0.0 0.0 0.0 1.0 1.0 1.0 1.0 1.0 1.0 2.0 2.0 2.0 0.0 0.0 0.0 0.0 0.0 0.0 0.0 0.0 0.0 0.0 
1108447 1999 9 22 82 0.0 1.0 0.0 0.0 0.0 0.0 1.0 1.0 0.0 0.0 1.0 0.0 1.0 2.0 2.0 2.0 1.0 1.0 1.0 2.0 1.0 0.0 0.0 3.0 
1108447 1999 9 23 82 5.0 6.0 9.0 10.0 10.0 10.0 10.0 10.0 10.0 10.0 10.0 10.0 10.0 9.0 9.0 8.0 7.0 4.0 5.0 8.0 9.0 8.0 6.0 9.0 
1108447 1999 9 24 82 9.0 10.0 10.0 8.0 10.0 8.0 10.0 10.0 10.0 10.0 10.0 10.0 10.0 10.0 10.0 9.0 10.0 4.0 4.0 10.0 10.0 10.0 10.0 4.0 
1108447 1999 9 25 82 8.0 10.0 7.0 4.0 1.0 2.0 2.0 2.0 0.0 0.0 0.0 0.0 1.0 1.0 1.0 1.0 1.0 4.0 8.0 8.0 10.0 8.0 8.0 5.0 
1108447 1999 9 26 82 4.0 3.0 5.0 5.0 8.0 8.0 9.0 9.0 6.0 7.0 2.0 4.0 3.0 2.0 1.0 1.0 1.0 0.0 0.0 0.0 0.0 0.0 0.0 2.0 
1108447 1999 9 27 82 5.0 8.0 4.0 4.0 5.0 4.0 8.0 9.0 10.0 8.0 3.0 1.0 4.0 5.0 5.0 3.0 2.0 2.0 1.0 1.0 1.0 1.0 1.0 1.0 
1108447 1999 9 28 82 1.0 1.0 1.0 7.0 6.0 9.0 9.0 9.0 10.0 9.0 8.0 8.0 8.0 8.0 8.0 8.0 8.0 8.0 9.0 9.0 10.0 10.0 10.0 10.0 
1108447 1999 9 29 82 10.0 10.0 10.0 9.0 8.0 5.0 3.0 2.0 2.0 2.0 2.0 2.0 2.0 2.0 2.0 2.0 1.0 0.0 1.0 1.0 0.0 0.0 0.0 0.0 
1108447 1999 9 30 82 0.0 0.0 1.0 2.0 5.0 7.0 5.0 5.0 8.0 5.0 3.0 2.0 1.0 1.0 1.0 1.0 1.0 0.0 0.0 0.0 0.0 0.0 0.0 0.0 
1108447 1999 10 1 82 0.0 3.0 7.0 2.0 2.0 1.0 2.0 5.0 4.0 4.0 3.0 5.0 7.0 2.0 2.0 3.0 4.0 4.0 3.0 3.0 2.0 0.0 0.0 0.0 
1108447 1999 10 2 82 0.0 0.0 0.0 0.0 0.0 0.0 2.0 3.0 3.0 3.0 2.0 2.0 2.0 2.0 4.0 4.0 6.0 6.0 6.0 4.0 5.0 4.0 3.0 3.0 
1108447 1999 10 3 82 2.0 2.0 4.0 2.0 2.0 2.0 2.0 1.0 2.0 2.0 2.0 1.0 2.0 2.0 2.0 2.0 3.0 8.0 8.0 8.0 4.0 3.0 4.0 5.0 
1108447 1999 10 4 82 3.0 0.0 0.0 0.0 0.0 0.0 1.0 1.0 1.0 0.0 0.0 1.0 1.0 1.0 4.0 6.0 6.0 8.0 8.0 7.0 5.0 5.0 5.0 7.0 
1108447 1999 10 5 82 5.0 5.0 6.0 10.0 10.0 10.0 10.0 10.0 10.0 10.0 10.0 10.0 10.0 10.0 10.0 10.0 10.0 10.0 10.0 10.0 10.0 10.0 10.0 10.0 
1108447 1999 10 6 82 10.0 10.0 10.0 10.0 10.0 10.0 10.0 10.0 10.0 10.0 10.0 10.0 10.0 10.0 10.0 10.0 10.0 10.0 10.0 10.0 10.0 10.0 10.0 10.0 
1108447 1999 10 7 82 10.0 10.0 10.0 10.0 10.0 10.0 10.0 10.0 10.0 10.0 10.0 10.0 10.0 10.0 10.0 10.0 10.0 10.0 10.0 10.0 10.0 10.0 10.0 10.0 
1108447 1999 10 8 82 10.0 10.0 10.0 10.0 10.0 10.0 10.0 10.0 10.0 9.0 9.0 9.0 9.0 7.0 7.0 8.0 6.0 5.0 7.0 3.0 2.0 2.0 3.0 4.0 
1108447 1999 10 9 82 4.0 3.0 3.0 3.0 4.0 7.0 9.0 9.0 9.0 9.0 9.0 5.0 4.0 5.0 9.0 7.0 6.0 8.0 7.0 7.0 7.0 7.0 3.0 3.0 
1108447 1999 10 10 82 2.0 1.0 1.0 1.0 1.0 2.0 2.0 9.0 9.0 9.0 9.0 8.0 9.0 10.0 10.0 10.0 10.0 10.0 10.0 10.0 10.0 10.0 10.0 10.0 
1108447 1999 10 11 82 10.0 10.0 9.0 8.0 6.0 9.0 9.0 9.0 9.0 9.0 9.0 9.0 9.0 9.0 10.0 10.0 10.0 9.0 7.0 8.0 7.0 5.0 3.0 3.0 
1108447 1999 10 12 82 7.0 9.0 5.0 4.0 5.0 5.0 9.0 9.0 10.0 10.0 10.0 10.0 10.0 10.0 10.0 10.0 10.0 10.0 10.0 10.0 10.0 10.0 10.0 10.0 
1108447 1999 10 13 82 10.0 10.0 10.0 10.0 10.0 9.0 9.0 7.0 8.0 8.0 10.0 3.0 3.0 2.0 2.0 4.0 1.0 2.0 7.0 4.0 5.0 4.0 4.0 2.0 
1108447 1999 10 14 82 1.0 1.0 0.0 1.0 4.0 5.0 4.0 3.0 2.0 2.0 2.0 1.0 1.0 1.0 1.0 1.0 1.0 0.0 0.0 0.0 0.0 0.0 0.0 0.0 
1108447 1999 10 15 82 0.0 0.0 0.0 1.0 2.0 3.0 2.0 2.0 2.0 1.0 2.0 4.0 4.0 2.0 2.0 2.0 3.0 0.0 0.0 0.0 0.0 0.0 1.0 0.0 
1108447 1999 10 16 82 2.0 0.0 4.0 4.0 0.0 1.0 1.0 6.0 7.0 7.0 7.0 7.0 9.0 9.0 8.0 8.0 5.0 5.0 5.0 5.0 7.0 8.0 8.0 8.0 
1108447 1999 10 17 82 9.0 9.0 10.0 9.0 5.0 5.0 5.0 8.0 6.0 4.0 4.0 4.0 4.0 3.0 4.0 3.0 4.0 4.0 3.0 2.0 2.0 1.0 1.0 0.0 
1108447 1999 10 18 82 0.0 0.0 0.0 0.0 0.0 0.0 0.0 3.0 3.0 4.0 8.0 3.0 2.0 2.0 0.0 0.0 0.0 0.0 0.0 0.0 0.0 0.0 0.0 0.0 
1108447 1999 10 19 82 0.0 0.0 0.0 0.0 0.0 0.0 0.0 0.0 0.0 0.0 4.0 1.0 0.0 1.0 0.0 0.0 0.0 0.0 0.0 0.0 0.0 0.0 0.0 0.0 
1108447 1999 10 20 82 3.0 3.0 2.0 2.0 4.0 2.0 2.0 3.0 3.0 5.0 4.0 6.0 10.0 10.0 10.0 10.0 8.0 7.0 7.0 7.0 5.0 3.0 2.0 2.0 
1108447 1999 10 21 82 0.0 0.0 0.0 0.0 0.0 2.0 2.0 2.0 3.0 1.0 2.0 9.0 2.0 1.0 1.0 8.0 3.0 0.0 0.0 0.0 0.0 0.0 0.0 0.0 
1108447 1999 10 22 82 0.0 3.0 0.0 2.0 3.0 7.0 7.0 4.0 2.0 2.0 3.0 2.0 3.0 3.0 7.0 8.0 8.0 2.0 2.0 2.0 0.0 2.0 0.0 0.0 
1108447 1999 10 23 82 0.0 0.0 0.0 1.0 2.0 9.0 10.0 10.0 10.0 10.0 10.0 8.0 10.0 10.0 10.0 10.0 10.0 10.0 10.0 10.0 10.0 7.0 7.0 6.0 
1108447 1999 10 24 82 4.0 3.0 3.0 2.0 2.0 0.0 0.0 2.0 1.0 1.0 2.0 3.0 3.0 2.0 2.0 3.0 4.0 7.0 9.0 9.0 10.0 10.0 10.0 10.0 
1108447 1999 10 25 82 10.0 10.0 10.0 8.0 7.0 8.0 10.0 10.0 10.0 10.0 10.0 10.0 10.0 10.0 10.0 9.0 7.0 6.0 6.0 8.0 9.0 9.0 10.0 9.0 
1108447 1999 10 26 82 10.0 10.0 10.0 10.0 8.0 9.0 9.0 9.0 9.0 8.0 8.0 4.0 2.0 1.0 0.0 0.0 0.0 0.0 0.0 0.0 0.0 0.0 0.0 3.0 
1108447 1999 10 27 82 3.0 3.0 2.0 3.0 9.0 10.0 9.0 8.0 10.0 10.0 10.0 10.0 10.0 10.0 10.0 10.0 10.0 10.0 6.0 5.0 7.0 9.0 10.0 9.0 
1108447 1999 10 28 82 10.0 8.0 10.0 10.0 10.0 10.0 10.0 9.0 9.0 9.0 8.0 8.0 8.0 9.0 9.0 9.0 9.0 9.0 9.0 7.0 7.0 6.0 7.0 8.0 
1108447 1999 10 29 82 5.0 3.0 2.0 7.0 8.0 10.0 10.0 10.0 10.0 10.0 10.0 10.0 10.0 10.0 10.0 10.0 10.0 10.0 10.0 10.0 10.0 10.0 10.0 10.0 
1108447 1999 10 30 82 10.0 10.0 10.0 10.0 10.0 10.0 10.0 10.0 10.0 10.0 10.0 10.0 10.0 10.0 10.0 10.0 10.0 10.0 10.0 10.0 10.0 10.0 10.0 10.0 
1108447 1999 10 31 82 10.0 9.0 8.0 3.0 3.0 5.0 2.0 3.0 2.0 2.0 2.0 2.0 2.0 2.0 1.0 1.0 1.0 1.0 1.0 1.0 0.0 0.0 0.0 0.0 
1108447 1999 11 1 82 0.0 0.0 2.0 2.0 3.0 3.0 3.0 4.0 3.0 4.0 4.0 7.0 9.0 9.0 10.0 10.0 10.0 9.0 9.0 8.0 4.0 3.0 2.0 2.0 
1108447 1999 11 2 82 3.0 4.0 4.0 4.0 3.0 2.0 3.0 6.0 9.0 9.0 10.0 10.0 10.0 9.0 9.0 8.0 8.0 8.0 7.0 5.0 0.0 0.0 0.0 6.0 
1108447 1999 11 3 82 9.0 10.0 10.0 10.0 10.0 10.0 10.0 10.0 10.0 10.0 10.0 10.0 10.0 10.0 10.0 10.0 10.0 10.0 8.0 6.0 8.0 10.0 6.0 4.0 
1108447 1999 11 4 82 3.0 3.0 1.0 1.0 1.0 1.0 1.0 1.0 1.0 1.0 1.0 1.0 2.0 2.0 2.0 4.0 3.0 3.0 3.0 2.0 0.0 2.0 2.0 4.0 
1108447 1999 11 5 82 7.0 10.0 10.0 10.0 10.0 10.0 9.0 4.0 3.0 9.0 10.0 8.0 9.0 10.0 10.0 10.0 10.0 10.0 10.0 10.0 10.0 10.0 10.0 10.0 
1108447 1999 11 6 82 10.0 10.0 10.0 10.0 10.0 10.0 10.0 10.0 10.0 10.0 10.0 10.0 10.0 10.0 10.0 10.0 10.0 10.0 10.0 10.0 10.0 10.0 10.0 10.0 
1108447 1999 11 7 82 10.0 10.0 10.0 10.0 10.0 10.0 10.0 10.0 10.0 10.0 10.0 10.0 10.0 10.0 10.0 10.0 10.0 10.0 10.0 10.0 10.0 10.0 10.0 10.0 
1108447 1999 11 8 82 10.0 10.0 10.0 10.0 10.0 10.0 10.0 10.0 10.0 10.0 10.0 10.0 10.0 10.0 10.0 10.0 9.0 9.0 10.0 10.0 10.0 10.0 10.0 10.0 
1108447 1999 11 9 82 10.0 10.0 10.0 10.0 10.0 10.0 10.0 10.0 10.0 10.0 10.0 10.0 10.0 10.0 10.0 10.0 10.0 10.0 10.0 10.0 10.0 10.0 10.0 10.0 
1108447 1999 11 10 82 10.0 10.0 8.0 7.0 10.0 10.0 8.0 9.0 9.0 9.0 9.0 9.0 10.0 10.0 10.0 10.0 9.0 10.0 10.0 10.0 9.0 9.0 9.0 8.0 
1108447 1999 11 11 82 10.0 10.0 10.0 10.0 10.0 10.0 10.0 10.0 10.0 10.0 10.0 10.0 10.0 10.0 10.0 10.0 10.0 10.0 10.0 10.0 10.0 10.0 10.0 10.0 
1108447 1999 11 12 82 10.0 10.0 10.0 10.0 10.0 10.0 10.0 10.0 10.0 10.0 10.0 10.0 10.0 10.0 9.0 7.0 7.0 2.0 2.0 2.0 8.0 10.0 10.0 10.0 
1108447 1999 11 13 82 10.0 10.0 10.0 10.0 10.0 10.0 10.0 9.0 9.0 10.0 10.0 10.0 10.0 10.0 10.0 10.0 10.0 10.0 10.0 10.0 10.0 10.0 10.0 10.0 
1108447 1999 11 14 82 10.0 10.0 10.0 10.0 10.0 10.0 10.0 10.0 10.0 10.0 10.0 10.0 10.0 9.0 10.0 9.0 9.0 8.0 9.0 8.0 9.0 10.0 10.0 10.0 
1108447 1999 11 15 82 10.0 10.0 10.0 10.0 10.0 10.0 6.0 8.0 10.0 9.0 10.0 10.0 10.0 10.0 10.0 10.0 10.0 10.0 10.0 10.0 10.0 9.0 8.0 9.0 
1108447 1999 11 16 82 10.0 10.0 10.0 10.0 10.0 10.0 10.0 10.0 10.0 10.0 10.0 10.0 10.0 10.0 10.0 10.0 10.0 10.0 10.0 10.0 10.0 10.0 10.0 10.0 
1108447 1999 11 17 82 10.0 10.0 10.0 10.0 10.0 10.0 10.0 8.0 9.0 9.0 9.0 9.0 9.0 8.0 8.0 8.0 8.0 7.0 7.0 8.0 9.0 9.0 4.0 3.0 
1108447 1999 11 18 82 10.0 10.0 10.0 10.0 10.0 10.0 5.0 7.0 8.0 9.0 9.0 9.0 9.0 9.0 10.0 10.0 8.0 10.0 10.0 10.0 10.0 10.0 10.0 10.0 
1108447 1999 11 19 82 10.0 10.0 10.0 10.0 10.0 10.0 10.0 10.0 10.0 10.0 10.0 10.0 10.0 10.0 10.0 10.0 10.0 10.0 10.0 9.0 7.0 8.0 7.0 6.0 
1108447 1999 11 20 82 8.0 10.0 10.0 8.0 4.0 4.0 5.0 4.0 2.0 2.0 3.0 7.0 8.0 8.0 8.0 4.0 5.0 8.0 9.0 8.0 10.0 10.0 10.0 10.0 
1108447 1999 11 21 82 10.0 9.0 10.0 9.0 9.0 7.0 5.0 4.0 8.0 8.0 8.0 9.0 7.0 5.0 2.0 3.0 4.0 7.0 8.0 9.0 7.0 9.0 9.0 10.0 
1108447 1999 11 22 82 10.0 10.0 10.0 10.0 10.0 10.0 10.0 10.0 10.0 10.0 10.0 10.0 10.0 10.0 10.0 10.0 9.0 7.0 6.0 5.0 7.0 10.0 10.0 10.0 
1108447 1999 11 23 82 10.0 10.0 10.0 10.0 10.0 10.0 10.0 10.0 9.0 10.0 10.0 9.0 8.0 10.0 9.0 9.0 9.0 9.0 7.0 10.0 10.0 10.0 10.0 10.0 
1108447 1999 11 24 82 10.0 10.0 10.0 10.0 10.0 10.0 10.0 10.0 10.0 10.0 10.0 10.0 10.0 10.0 10.0 10.0 10.0 10.0 10.0 10.0 10.0 10.0 10.0 10.0 
1108447 1999 11 25 82 10.0 10.0 10.0 10.0 10.0 10.0 10.0 10.0 10.0 10.0 10.0 10.0 10.0 10.0 10.0 10.0 10.0 10.0 10.0 9.0 10.0 9.0 9.0 10.0 
1108447 1999 11 26 82 10.0 10.0 7.0 6.0 8.0 8.0 7.0 6.0 7.0 8.0 6.0 4.0 2.0 2.0 2.0 7.0 7.0 8.0 7.0 8.0 8.0 8.0 8.0 8.0 
1108447 1999 11 27 82 10.0 7.0 9.0 10.0 10.0 10.0 10.0 10.0 10.0 10.0 10.0 9.0 8.0 9.0 9.0 10.0 9.0 8.0 9.0 10.0 10.0 10.0 10.0 10.0 
1108447 1999 11 28 82 10.0 10.0 10.0 10.0 10.0 10.0 10.0 10.0 10.0 10.0 9.0 9.0 10.0 9.0 9.0 9.0 8.0 6.0 5.0 5.0 3.0 1.0 1.0 2.0 
1108447 1999 11 29 82 5.0 8.0 5.0 5.0 4.0 2.0 3.0 8.0 9.0 9.0 9.0 10.0 10.0 9.0 10.0 10.0 10.0 10.0 10.0 10.0 10.0 10.0 10.0 10.0 
1108447 1999 11 30 82 10.0 6.0 8.0 8.0 8.0 10.0 9.0 9.0 10.0 10.0 10.0 10.0 10.0 10.0 10.0 10.0 10.0 10.0 10.0 10.0 10.0 10.0 10.0 10.0 
1108447 1999 12 1 82 10.0 10.0 10.0 10.0 10.0 10.0 10.0 9.0 9.0 10.0 10.0 10.0 10.0 10.0 10.0 10.0 10.0 10.0 10.0 10.0 10.0 10.0 10.0 10.0 
1108447 1999 12 2 82 10.0 10.0 10.0 10.0 10.0 10.0 10.0 10.0 10.0 9.0 9.0 8.0 7.0 4.0 3.0 1.0 0.0 0.0 0.0 0.0 0.0 0.0 0.0 0.0 
1108447 1999 12 3 82 0.0 1.0 3.0 3.0 4.0 3.0 7.0 9.0 10.0 10.0 10.0 10.0 10.0 10.0 10.0 10.0 10.0 10.0 10.0 10.0 10.0 10.0 10.0 10.0 
1108447 1999 12 4 82 10.0 10.0 10.0 8.0 9.0 8.0 8.0 9.0 8.0 7.0 7.0 8.0 8.0 9.0 9.0 9.0 9.0 8.0 10.0 10.0 10.0 10.0 10.0 10.0 
1108447 1999 12 5 82 10.0 10.0 5.0 4.0 8.0 8.0 9.0 9.0 9.0 10.0 9.0 9.0 9.0 10.0 10.0 10.0 10.0 10.0 10.0 10.0 10.0 10.0 10.0 10.0 
1108447 1999 12 6 82 10.0 10.0 10.0 9.0 10.0 10.0 10.0 6.0 6.0 8.0 10.0 10.0 9.0 8.0 5.0 5.0 4.0 3.0 2.0 4.0 5.0 7.0 7.0 8.0 
1108447 1999 12 7 82 8.0 9.0 9.0 7.0 9.0 6.0 8.0 9.0 9.0 9.0 9.0 9.0 9.0 7.0 2.0 4.0 3.0 5.0 2.0 6.0 5.0 4.0 7.0 8.0 
1108447 1999 12 8 82 8.0 8.0 9.0 7.0 8.0 7.0 10.0 10.0 10.0 10.0 10.0 10.0 10.0 10.0 10.0 10.0 10.0 10.0 10.0 10.0 10.0 10.0 10.0 10.0 
1108447 1999 12 9 82 10.0 10.0 10.0 10.0 10.0 10.0 10.0 9.0 9.0 9.0 9.0 8.0 8.0 9.0 8.0 9.0 9.0 8.0 5.0 3.0 3.0 5.0 4.0 4.0 
1108447 1999 12 10 82 4.0 9.0 10.0 10.0 10.0 10.0 10.0 10.0 10.0 10.0 9.0 9.0 10.0 10.0 10.0 10.0 10.0 10.0 10.0 10.0 10.0 10.0 10.0 10.0 
1108447 1999 12 11 82 10.0 10.0 10.0 10.0 10.0 10.0 10.0 9.0 9.0 9.0 9.0 9.0 9.0 9.0 9.0 10.0 10.0 10.0 10.0 10.0 10.0 10.0 10.0 10.0 
1108447 1999 12 12 82 10.0 10.0 10.0 10.0 10.0 10.0 10.0 10.0 10.0 10.0 9.0 8.0 3.0 3.0 6.0 7.0 6.0 6.0 8.0 9.0 8.0 8.0 7.0 4.0 
1108447 1999 12 13 82 2.0 3.0 5.0 3.0 7.0 6.0 9.0 9.0 4.0 4.0 3.0 5.0 7.0 9.0 10.0 10.0 9.0 10.0 8.0 6.0 5.0 3.0 2.0 2.0 
1108447 1999 12 14 82 8.0 10.0 10.0 10.0 10.0 10.0 10.0 10.0 10.0 10.0 10.0 10.0 10.0 10.0 10.0 10.0 10.0 10.0 10.0 10.0 10.0 10.0 10.0 10.0 
1108447 1999 12 15 82 10.0 10.0 10.0 10.0 10.0 10.0 10.0 10.0 10.0 10.0 10.0 10.0 10.0 10.0 10.0 10.0 10.0 10.0 10.0 10.0 10.0 10.0 10.0 9.0 
1108447 1999 12 16 82 8.0 7.0 7.0 7.0 7.0 8.0 9.0 8.0 9.0 9.0 9.0 9.0 9.0 7.0 5.0 5.0 9.0 8.0 9.0 4.0 9.0 3.0 10.0 9.0 
1108447 1999 12 17 82 7.0 9.0 8.0 10.0 10.0 10.0 10.0 10.0 10.0 10.0 10.0 10.0 10.0 10.0 10.0 10.0 9.0 8.0 7.0 8.0 8.0 9.0 8.0 10.0 
1108447 1999 12 18 82 10.0 10.0 10.0 3.0 2.0 2.0 3.0 5.0 8.0 9.0 10.0 10.0 10.0 10.0 10.0 10.0 10.0 10.0 9.0 4.0 0.0 9.0 8.0 10.0 
1108447 1999 12 19 82 10.0 10.0 10.0 10.0 10.0 10.0 10.0 10.0 10.0 10.0 10.0 10.0 10.0 10.0 10.0 10.0 10.0 10.0 10.0 10.0 10.0 10.0 10.0 10.0 
1108447 1999 12 20 82 10.0 10.0 10.0 9.0 8.0 5.0 7.0 10.0 9.0 9.0 9.0 9.0 9.0 9.0 9.0 9.0 10.0 10.0 10.0 9.0 10.0 10.0 10.0 10.0 
1108447 1999 12 21 82 9.0 9.0 10.0 10.0 8.0 7.0 8.0 2.0 3.0 5.0 4.0 4.0 3.0 3.0 2.0 1.0 0.0 0.0 0.0 0.0 0.0 0.0 0.0 0.0 
1108447 1999 12 22 82 10.0 10.0 10.0 10.0 10.0 10.0 10.0 10.0 10.0 10.0 10.0 10.0 10.0 10.0 10.0 10.0 10.0 10.0 10.0 10.0 10.0 10.0 10.0 10.0 
1108447 1999 12 23 82 10.0 10.0 10.0 10.0 10.0 10.0 10.0 10.0 10.0 10.0 10.0 10.0 10.0 10.0 10.0 10.0 10.0 10.0 10.0 10.0 10.0 10.0 10.0 10.0 
1108447 1999 12 24 82 10.0 10.0 10.0 10.0 10.0 10.0 10.0 10.0 10.0 10.0 10.0 10.0 10.0 10.0 10.0 10.0 9.0 10.0 10.0 10.0 10.0 10.0 10.0 10.0 
1108447 1999 12 25 82 10.0 10.0 10.0 10.0 10.0 10.0 10.0 10.0 10.0 10.0 10.0 10.0 10.0 10.0 10.0 10.0 10.0 10.0 10.0 10.0 10.0 10.0 10.0 10.0 
1108447 1999 12 26 82 10.0 10.0 10.0 10.0 10.0 10.0 10.0 10.0 10.0 10.0 10.0 10.0 10.0 10.0 10.0 10.0 10.0 10.0 10.0 10.0 10.0 10.0 10.0 10.0 
1108447 1999 12 27 82 10.0 10.0 10.0 10.0 10.0 10.0 10.0 10.0 10.0 10.0 10.0 10.0 10.0 10.0 10.0 10.0 10.0 10.0 10.0 10.0 10.0 10.0 10.0 10.0 
1108447 1999 12 28 82 10.0 10.0 10.0 10.0 10.0 10.0 10.0 10.0 10.0 10.0 10.0 10.0 10.0 6.0 7.0 10.0 10.0 10.0 10.0 10.0 10.0 10.0 10.0 10.0 
1108447 1999 12 29 82 10.0 10.0 10.0 10.0 10.0 10.0 10.0 10.0 10.0 10.0 10.0 10.0 10.0 10.0 10.0 10.0 10.0 10.0 10.0 10.0 10.0 10.0 10.0 10.0 
1108447 1999 12 30 82 10.0 10.0 10.0 10.0 10.0 10.0 10.0 10.0 10.0 10.0 10.0 9.0 9.0 9.0 10.0 10.0 10.0 10.0 10.0 10.0 10.0 10.0 10.0 10.0 
1108447 1999 12 31 82 10.0 10.0 10.0 10.0 10.0 10.0 10.0 10.0 10.0 10.0 10.0 10.0 10.0 10.0 10.0 10.0 10.0 10.0 10.0 10.0 10.0 10.0 10.0 10.0 
1108447 2000 1 1 82 10.0 10.0 10.0 8.0 5.0 6.0 9.0 8.0 9.0 9.0 9.0 9.0 9.0 9.0 9.0 7.0 8.0 9.0 7.0 8.0 6.0 8.0 6.0 9.0 
