1108447 1987 1 1 82 10.0 10.0 10.0 10.0 10.0 10.0 10.0 10.0 10.0 9.0 9.0 3.0 8.0 6.0 8.0 8.0 9.0 10.0 10.0 10.0 9.0 10.0 8.0 9.0 
1108447 1987 1 2 82 9.0 9.0 9.0 10.0 9.0 10.0 9.0 9.0 10.0 10.0 10.0 10.0 10.0 10.0 10.0 10.0 10.0 10.0 10.0 10.0 10.0 10.0 10.0 10.0 
1108447 1987 1 3 82 10.0 10.0 10.0 10.0 10.0 10.0 10.0 10.0 10.0 9.0 9.0 10.0 9.0 10.0 10.0 10.0 10.0 10.0 10.0 10.0 10.0 10.0 6.0 10.0 
1108447 1987 1 4 82 6.0 9.0 9.0 10.0 10.0 10.0 10.0 10.0 10.0 10.0 10.0 10.0 10.0 10.0 10.0 10.0 10.0 10.0 10.0 10.0 10.0 8.0 8.0 7.0 
1108447 1987 1 5 82 4.0 3.0 2.0 1.0 1.0 6.0 6.0 3.0 4.0 4.0 4.0 2.0 1.0 0.0 0.0 1.0 1.0 1.0 0.0 0.0 0.0 0.0 0.0 4.0 
1108447 1987 1 6 82 2.0 10.0 2.0 3.0 3.0 4.0 2.0 1.0 3.0 5.0 3.0 3.0 3.0 3.0 2.0 2.0 1.0 2.0 0.0 0.0 0.0 0.0 0.0 0.0 
1108447 1987 1 7 82 1.0 1.0 3.0 6.0 2.0 2.0 1.0 1.0 9.0 9.0 10.0 9.0 6.0 2.0 2.0 2.0 1.0 0.0 0.0 1.0 0.0 0.0 0.0 0.0 
1108447 1987 1 8 82 0.0 0.0 1.0 1.0 1.0 1.0 1.0 1.0 1.0 1.0 0.0 0.0 0.0 0.0 0.0 0.0 0.0 1.0 2.0 6.0 8.0 8.0 9.0 9.0 
1108447 1987 1 9 82 10.0 10.0 10.0 10.0 10.0 10.0 10.0 9.0 9.0 9.0 9.0 9.0 9.0 9.0 9.0 9.0 10.0 10.0 10.0 10.0 10.0 10.0 10.0 10.0 
1108447 1987 1 10 82 10.0 10.0 10.0 10.0 10.0 10.0 10.0 10.0 10.0 10.0 10.0 10.0 10.0 10.0 10.0 10.0 10.0 10.0 10.0 10.0 10.0 10.0 10.0 10.0 
1108447 1987 1 11 82 10.0 10.0 10.0 10.0 10.0 10.0 10.0 10.0 10.0 10.0 10.0 10.0 10.0 9.0 9.0 10.0 10.0 10.0 10.0 10.0 10.0 10.0 10.0 10.0 
1108447 1987 1 12 82 10.0 10.0 10.0 10.0 10.0 9.0 10.0 10.0 9.0 9.0 9.0 9.0 10.0 9.0 9.0 10.0 10.0 9.0 9.0 10.0 10.0 7.0 9.0 6.0 
1108447 1987 1 13 82 4.0 3.0 3.0 3.0 3.0 3.0 1.0 1.0 1.0 2.0 7.0 9.0 9.0 2.0 2.0 3.0 5.0 4.0 3.0 6.0 4.0 7.0 6.0 3.0 
1108447 1987 1 14 82 8.0 9.0 9.0 3.0 0.0 1.0 0.0 0.0 1.0 1.0 1.0 0.0 0.0 0.0 1.0 0.0 1.0 0.0 0.0 0.0 0.0 0.0 0.0 0.0 
1108447 1987 1 15 82 0.0 0.0 3.0 3.0 4.0 8.0 9.0 10.0 7.0 9.0 9.0 10.0 10.0 10.0 10.0 9.0 9.0 4.0 3.0 3.0 4.0 10.0 10.0 9.0 
1108447 1987 1 16 82 8.0 4.0 8.0 9.0 10.0 10.0 10.0 10.0 9.0 9.0 9.0 9.0 9.0 9.0 9.0 9.0 9.0 9.0 8.0 7.0 5.0 5.0 6.0 7.0 
1108447 1987 1 17 82 1.0 1.0 2.0 5.0 8.0 9.0 8.0 10.0 9.0 10.0 10.0 10.0 10.0 10.0 10.0 10.0 10.0 10.0 10.0 10.0 10.0 10.0 10.0 10.0 
1108447 1987 1 18 82 10.0 10.0 10.0 10.0 10.0 10.0 10.0 10.0 10.0 10.0 10.0 10.0 10.0 9.0 5.0 9.0 5.0 9.0 9.0 4.0 2.0 9.0 10.0 10.0 
1108447 1987 1 19 82 10.0 10.0 10.0 10.0 10.0 10.0 8.0 7.0 10.0 10.0 10.0 10.0 10.0 10.0 10.0 10.0 10.0 10.0 10.0 9.0 10.0 10.0 10.0 10.0 
1108447 1987 1 20 82 10.0 8.0 6.0 10.0 9.0 10.0 10.0 9.0 9.0 9.0 10.0 10.0 10.0 9.0 10.0 9.0 9.0 10.0 10.0 10.0 6.0 2.0 1.0 1.0 
1108447 1987 1 21 82 2.0 3.0 3.0 5.0 7.0 9.0 9.0 8.0 8.0 9.0 9.0 9.0 9.0 10.0 10.0 10.0 10.0 10.0 10.0 10.0 10.0 10.0 10.0 10.0 
1108447 1987 1 22 82 9.0 8.0 7.0 9.0 10.0 7.0 8.0 8.0 9.0 9.0 9.0 9.0 8.0 9.0 10.0 10.0 10.0 10.0 10.0 10.0 10.0 10.0 10.0 10.0 
1108447 1987 1 23 82 10.0 9.0 10.0 10.0 10.0 10.0 10.0 10.0 10.0 10.0 10.0 10.0 10.0 10.0 10.0 10.0 10.0 10.0 10.0 9.0 9.0 10.0 10.0 10.0 
1108447 1987 1 24 82 10.0 10.0 10.0 10.0 10.0 10.0 10.0 10.0 9.0 9.0 9.0 10.0 10.0 10.0 9.0 10.0 10.0 9.0 6.0 9.0 9.0 10.0 9.0 9.0 
1108447 1987 1 25 82 9.0 9.0 9.0 9.0 10.0 10.0 10.0 10.0 10.0 10.0 10.0 10.0 10.0 10.0 10.0 9.0 6.0 9.0 8.0 8.0 9.0 8.0 8.0 4.0 
1108447 1987 1 26 82 2.0 2.0 3.0 3.0 3.0 2.0 2.0 2.0 10.0 10.0 10.0 10.0 10.0 10.0 10.0 10.0 10.0 10.0 10.0 10.0 10.0 10.0 4.0 2.0 
1108447 1987 1 27 82 1.0 4.0 9.0 5.0 7.0 8.0 8.0 9.0 10.0 10.0 10.0 10.0 10.0 10.0 10.0 10.0 10.0 10.0 10.0 10.0 10.0 10.0 10.0 9.0 
1108447 1987 1 28 82 8.0 9.0 8.0 9.0 10.0 10.0 10.0 10.0 10.0 10.0 9.0 9.0 9.0 10.0 8.0 6.0 9.0 8.0 8.0 4.0 7.0 5.0 10.0 10.0 
1108447 1987 1 29 82 10.0 10.0 10.0 10.0 10.0 10.0 10.0 10.0 10.0 10.0 10.0 10.0 10.0 10.0 10.0 10.0 10.0 10.0 10.0 10.0 10.0 10.0 10.0 10.0 
1108447 1987 1 30 82 10.0 10.0 10.0 10.0 10.0 10.0 10.0 10.0 9.0 9.0 9.0 8.0 8.0 8.0 5.0 6.0 9.0 9.0 8.0 8.0 7.0 9.0 10.0 10.0 
1108447 1987 1 31 82 10.0 10.0 10.0 10.0 10.0 10.0 10.0 10.0 4.0 4.0 7.0 9.0 9.0 9.0 9.0 10.0 10.0 10.0 10.0 10.0 10.0 10.0 10.0 10.0 
1108447 1987 2 1 82 10.0 10.0 10.0 10.0 10.0 10.0 10.0 9.0 10.0 5.0 2.0 3.0 2.0 2.0 3.0 8.0 8.0 6.0 4.0 3.0 3.0 2.0 1.0 1.0 
1108447 1987 2 2 82 1.0 0.0 0.0 1.0 1.0 1.0 0.0 2.0 3.0 4.0 4.0 6.0 6.0 7.0 9.0 9.0 9.0 9.0 9.0 9.0 10.0 10.0 10.0 10.0 
1108447 1987 2 3 82 10.0 10.0 10.0 10.0 10.0 10.0 10.0 10.0 10.0 10.0 10.0 10.0 9.0 9.0 9.0 10.0 10.0 10.0 10.0 10.0 10.0 10.0 10.0 10.0 
1108447 1987 2 4 82 10.0 10.0 9.0 10.0 10.0 10.0 10.0 10.0 10.0 10.0 10.0 10.0 10.0 10.0 10.0 10.0 10.0 10.0 10.0 9.0 8.0 9.0 9.0 10.0 
1108447 1987 2 5 82 10.0 10.0 6.0 8.0 10.0 10.0 10.0 8.0 9.0 9.0 10.0 10.0 10.0 10.0 9.0 9.0 9.0 10.0 9.0 9.0 9.0 9.0 10.0 10.0 
1108447 1987 2 6 82 10.0 10.0 10.0 10.0 10.0 9.0 3.0 8.0 9.0 10.0 10.0 10.0 9.0 9.0 9.0 8.0 9.0 9.0 9.0 9.0 9.0 9.0 5.0 7.0 
1108447 1987 2 7 82 3.0 0.0 3.0 3.0 2.0 2.0 0.0 6.0 10.0 10.0 10.0 10.0 10.0 10.0 10.0 10.0 9.0 9.0 8.0 8.0 10.0 10.0 9.0 9.0 
1108447 1987 2 8 82 9.0 8.0 9.0 8.0 9.0 10.0 10.0 9.0 10.0 10.0 9.0 9.0 9.0 9.0 9.0 9.0 10.0 10.0 10.0 10.0 10.0 7.0 10.0 10.0 
1108447 1987 2 9 82 10.0 10.0 10.0 10.0 10.0 10.0 10.0 10.0 10.0 10.0 10.0 10.0 10.0 10.0 10.0 10.0 10.0 10.0 10.0 10.0 10.0 10.0 10.0 10.0 
1108447 1987 2 10 82 10.0 10.0 10.0 10.0 9.0 9.0 10.0 9.0 9.0 9.0 10.0 9.0 10.0 10.0 10.0 10.0 10.0 10.0 10.0 10.0 10.0 10.0 10.0 10.0 
1108447 1987 2 11 82 10.0 10.0 10.0 10.0 10.0 10.0 10.0 10.0 10.0 10.0 10.0 10.0 9.0 9.0 8.0 9.0 7.0 8.0 8.0 9.0 9.0 8.0 10.0 8.0 
1108447 1987 2 12 82 6.0 8.0 9.0 9.0 9.0 7.0 7.0 9.0 9.0 10.0 10.0 10.0 10.0 10.0 9.0 10.0 10.0 10.0 10.0 10.0 10.0 9.0 7.0 7.0 
1108447 1987 2 13 82 9.0 10.0 10.0 10.0 10.0 10.0 10.0 10.0 10.0 10.0 9.0 5.0 6.0 10.0 10.0 9.0 9.0 9.0 9.0 9.0 9.0 9.0 9.0 9.0 
1108447 1987 2 14 82 10.0 10.0 9.0 7.0 4.0 5.0 2.0 2.0 2.0 6.0 5.0 3.0 5.0 4.0 8.0 10.0 10.0 10.0 10.0 10.0 8.0 10.0 10.0 10.0 
1108447 1987 2 15 82 10.0 10.0 10.0 10.0 10.0 9.0 10.0 10.0 10.0 10.0 10.0 10.0 10.0 10.0 10.0 10.0 10.0 9.0 10.0 10.0 10.0 10.0 10.0 10.0 
1108447 1987 2 16 82 10.0 10.0 10.0 10.0 10.0 10.0 10.0 10.0 10.0 10.0 10.0 10.0 10.0 10.0 10.0 9.0 9.0 8.0 5.0 7.0 8.0 8.0 7.0 8.0 
1108447 1987 2 17 82 5.0 3.0 3.0 4.0 8.0 8.0 9.0 10.0 10.0 10.0 10.0 10.0 10.0 10.0 10.0 10.0 10.0 9.0 7.0 8.0 8.0 8.0 7.0 7.0 
1108447 1987 2 18 82 8.0 4.0 7.0 8.0 9.0 10.0 9.0 10.0 10.0 10.0 10.0 10.0 10.0 10.0 10.0 10.0 10.0 9.0 10.0 10.0 9.0 10.0 10.0 10.0 
1108447 1987 2 19 82 10.0 10.0 10.0 10.0 10.0 10.0 10.0 10.0 10.0 10.0 10.0 9.0 10.0 10.0 10.0 10.0 10.0 10.0 10.0 10.0 10.0 10.0 10.0 10.0 
1108447 1987 2 20 82 10.0 10.0 10.0 10.0 10.0 10.0 10.0 10.0 10.0 9.0 9.0 10.0 10.0 10.0 10.0 10.0 10.0 10.0 10.0 10.0 10.0 10.0 10.0 10.0 
1108447 1987 2 21 82 9.0 9.0 10.0 10.0 9.0 8.0 9.0 9.0 8.0 6.0 4.0 6.0 3.0 8.0 8.0 7.0 6.0 4.0 5.0 3.0 3.0 4.0 1.0 3.0 
1108447 1987 2 22 82 10.0 10.0 10.0 5.0 10.0 10.0 10.0 7.0 10.0 10.0 9.0 9.0 7.0 6.0 4.0 7.0 8.0 8.0 7.0 5.0 3.0 4.0 3.0 4.0 
1108447 1987 2 23 82 7.0 8.0 4.0 2.0 0.0 4.0 1.0 1.0 6.0 5.0 3.0 2.0 1.0 1.0 1.0 1.0 1.0 1.0 1.0 0.0 0.0 0.0 0.0 0.0 
1108447 1987 2 24 82 0.0 0.0 0.0 0.0 0.0 0.0 0.0 0.0 1.0 1.0 2.0 2.0 3.0 6.0 6.0 4.0 2.0 2.0 4.0 2.0 0.0 0.0 0.0 0.0 
1108447 1987 2 25 82 0.0 0.0 0.0 0.0 0.0 0.0 0.0 1.0 0.0 1.0 1.0 1.0 1.0 1.0 3.0 3.0 2.0 4.0 9.0 9.0 10.0 9.0 10.0 10.0 
1108447 1987 2 26 82 10.0 10.0 10.0 10.0 10.0 10.0 10.0 10.0 10.0 9.0 9.0 10.0 9.0 10.0 10.0 10.0 10.0 10.0 10.0 10.0 10.0 10.0 10.0 10.0 
1108447 1987 2 27 82 3.0 4.0 8.0 9.0 10.0 10.0 10.0 9.0 5.0 2.0 1.0 3.0 2.0 1.0 1.0 1.0 1.0 8.0 9.0 9.0 1.0 1.0 3.0 0.0 
1108447 1987 2 28 82 0.0 0.0 0.0 0.0 0.0 0.0 7.0 9.0 9.0 5.0 8.0 9.0 10.0 10.0 10.0 10.0 10.0 10.0 10.0 10.0 10.0 9.0 9.0 9.0 
1108447 1987 3 1 82 8.0 7.0 10.0 10.0 8.0 8.0 8.0 8.0 7.0 6.0 8.0 8.0 8.0 9.0 9.0 9.0 9.0 9.0 10.0 10.0 10.0 9.0 9.0 10.0 
1108447 1987 3 2 82 10.0 10.0 10.0 10.0 10.0 10.0 10.0 10.0 10.0 10.0 10.0 10.0 10.0 10.0 10.0 10.0 10.0 10.0 10.0 10.0 10.0 10.0 10.0 10.0 
1108447 1987 3 3 82 10.0 10.0 10.0 10.0 10.0 10.0 10.0 9.0 9.0 9.0 10.0 10.0 10.0 10.0 10.0 10.0 10.0 10.0 10.0 10.0 10.0 10.0 10.0 10.0 
1108447 1987 3 4 82 10.0 10.0 10.0 10.0 10.0 10.0 10.0 10.0 10.0 10.0 10.0 10.0 10.0 10.0 10.0 10.0 10.0 10.0 10.0 10.0 10.0 10.0 10.0 10.0 
1108447 1987 3 5 82 10.0 10.0 10.0 10.0 10.0 10.0 10.0 10.0 10.0 10.0 10.0 10.0 10.0 10.0 10.0 10.0 10.0 10.0 10.0 9.0 10.0 8.0 9.0 9.0 
1108447 1987 3 6 82 8.0 6.0 7.0 7.0 8.0 8.0 8.0 9.0 7.0 8.0 3.0 2.0 8.0 7.0 8.0 8.0 8.0 9.0 9.0 9.0 9.0 8.0 8.0 8.0 
1108447 1987 3 7 82 7.0 4.0 3.0 7.0 7.0 6.0 2.0 1.0 0.0 0.0 0.0 0.0 0.0 0.0 0.0 0.0 0.0 0.0 3.0 3.0 0.0 0.0 0.0 0.0 
1108447 1987 3 8 82 0.0 0.0 0.0 0.0 0.0 0.0 0.0 5.0 8.0 8.0 8.0 8.0 9.0 10.0 10.0 10.0 10.0 10.0 10.0 10.0 10.0 10.0 10.0 10.0 
1108447 1987 3 9 82 10.0 10.0 10.0 10.0 9.0 9.0 9.0 9.0 10.0 10.0 10.0 10.0 10.0 10.0 10.0 10.0 10.0 10.0 10.0 10.0 9.0 8.0 8.0 8.0 
1108447 1987 3 10 82 9.0 9.0 10.0 10.0 10.0 10.0 10.0 10.0 10.0 10.0 10.0 10.0 10.0 10.0 10.0 10.0 10.0 10.0 10.0 10.0 10.0 10.0 9.0 8.0 
1108447 1987 3 11 82 8.0 9.0 9.0 9.0 9.0 10.0 9.0 8.0 9.0 8.0 9.0 10.0 10.0 10.0 10.0 10.0 10.0 10.0 10.0 10.0 10.0 7.0 7.0 4.0 
1108447 1987 3 12 82 10.0 10.0 10.0 10.0 10.0 10.0 10.0 10.0 10.0 10.0 10.0 10.0 10.0 10.0 10.0 10.0 10.0 10.0 10.0 10.0 10.0 10.0 10.0 10.0 
1108447 1987 3 13 82 10.0 10.0 10.0 10.0 10.0 9.0 8.0 10.0 10.0 9.0 9.0 10.0 9.0 9.0 8.0 10.0 10.0 10.0 10.0 10.0 10.0 10.0 10.0 10.0 
1108447 1987 3 14 82 10.0 10.0 10.0 10.0 10.0 9.0 7.0 8.0 8.0 8.0 10.0 10.0 9.0 10.0 10.0 10.0 10.0 10.0 10.0 9.0 9.0 9.0 9.0 9.0 
1108447 1987 3 15 82 7.0 9.0 9.0 9.0 7.0 4.0 3.0 6.0 10.0 10.0 10.0 9.0 8.0 9.0 10.0 10.0 10.0 10.0 10.0 9.0 9.0 10.0 3.0 8.0 
1108447 1987 3 16 82 8.0 7.0 7.0 4.0 9.0 9.0 9.0 7.0 9.0 9.0 9.0 9.0 9.0 10.0 10.0 10.0 10.0 10.0 10.0 10.0 10.0 10.0 10.0 10.0 
1108447 1987 3 17 82 10.0 10.0 10.0 10.0 7.0 2.0 9.0 9.0 9.0 9.0 9.0 9.0 9.0 9.0 9.0 9.0 10.0 9.0 9.0 10.0 9.0 9.0 10.0 8.0 
1108447 1987 3 18 82 8.0 8.0 8.0 3.0 9.0 9.0 9.0 9.0 9.0 9.0 9.0 9.0 9.0 9.0 7.0 9.0 9.0 9.0 6.0 5.0 5.0 4.0 2.0 2.0 
1108447 1987 3 19 82 2.0 3.0 3.0 1.0 2.0 5.0 2.0 9.0 8.0 8.0 8.0 6.0 3.0 2.0 1.0 2.0 4.0 4.0 9.0 8.0 5.0 7.0 7.0 2.0 
1108447 1987 3 20 82 1.0 5.0 8.0 7.0 9.0 8.0 9.0 9.0 9.0 9.0 10.0 10.0 9.0 9.0 10.0 10.0 10.0 10.0 10.0 10.0 10.0 5.0 3.0 2.0 
1108447 1987 3 21 82 3.0 3.0 0.0 4.0 7.0 4.0 2.0 1.0 1.0 1.0 1.0 1.0 1.0 1.0 0.0 0.0 1.0 1.0 1.0 1.0 1.0 0.0 1.0 1.0 
1108447 1987 3 22 82 2.0 0.0 0.0 0.0 6.0 5.0 3.0 3.0 4.0 7.0 4.0 3.0 5.0 8.0 9.0 10.0 10.0 10.0 9.0 9.0 9.0 9.0 10.0 10.0 
1108447 1987 3 23 82 10.0 10.0 9.0 10.0 9.0 10.0 10.0 10.0 10.0 10.0 10.0 10.0 10.0 10.0 10.0 10.0 9.0 9.0 9.0 9.0 8.0 10.0 9.0 10.0 
1108447 1987 3 24 82 10.0 10.0 10.0 10.0 10.0 10.0 10.0 10.0 10.0 9.0 10.0 10.0 7.0 3.0 2.0 3.0 2.0 2.0 2.0 2.0 1.0 1.0 0.0 0.0 
1108447 1987 3 25 82 0.0 5.0 2.0 3.0 5.0 6.0 10.0 10.0 10.0 10.0 10.0 10.0 10.0 10.0 10.0 9.0 6.0 8.0 8.0 5.0 3.0 1.0 0.0 0.0 
1108447 1987 3 26 82 1.0 1.0 0.0 0.0 3.0 1.0 1.0 0.0 1.0 1.0 1.0 1.0 2.0 2.0 4.0 2.0 1.0 2.0 3.0 3.0 2.0 5.0 2.0 1.0 
1108447 1987 3 27 82 2.0 1.0 2.0 6.0 5.0 2.0 2.0 6.0 9.0 9.0 9.0 6.0 5.0 4.0 4.0 4.0 3.0 3.0 4.0 1.0 2.0 2.0 0.0 1.0 
1108447 1987 3 28 82 0.0 0.0 0.0 0.0 0.0 0.0 0.0 0.0 0.0 1.0 3.0 3.0 3.0 2.0 2.0 3.0 3.0 5.0 7.0 9.0 6.0 6.0 1.0 1.0 
1108447 1987 3 29 82 0.0 0.0 1.0 0.0 0.0 1.0 2.0 4.0 8.0 9.0 9.0 9.0 9.0 7.0 6.0 6.0 10.0 10.0 7.0 5.0 3.0 2.0 1.0 0.0 
1108447 1987 3 30 82 0.0 0.0 0.0 0.0 0.0 3.0 9.0 10.0 9.0 10.0 10.0 9.0 9.0 9.0 10.0 10.0 10.0 10.0 10.0 4.0 3.0 5.0 2.0 1.0 
1108447 1987 3 31 82 1.0 4.0 3.0 4.0 2.0 3.0 4.0 6.0 4.0 2.0 2.0 7.0 9.0 9.0 9.0 9.0 9.0 9.0 8.0 4.0 2.0 8.0 9.0 9.0 
1108447 1987 4 1 82 6.0 3.0 3.0 4.0 2.0 1.0 4.0 9.0 9.0 9.0 9.0 5.0 3.0 2.0 1.0 0.0 0.0 0.0 1.0 1.0 1.0 1.0 0.0 1.0 
1108447 1987 4 2 82 1.0 1.0 0.0 3.0 5.0 7.0 8.0 10.0 9.0 8.0 9.0 9.0 9.0 9.0 9.0 9.0 9.0 9.0 8.0 8.0 8.0 8.0 8.0 7.0 
1108447 1987 4 3 82 7.0 6.0 4.0 8.0 9.0 10.0 10.0 10.0 9.0 9.0 9.0 10.0 10.0 10.0 10.0 10.0 10.0 10.0 10.0 10.0 10.0 10.0 10.0 10.0 
1108447 1987 4 4 82 10.0 10.0 10.0 10.0 10.0 10.0 10.0 9.0 9.0 10.0 10.0 9.0 9.0 9.0 9.0 9.0 10.0 10.0 10.0 10.0 10.0 10.0 10.0 10.0 
1108447 1987 4 5 82 10.0 10.0 9.0 9.0 9.0 9.0 9.0 9.0 9.0 10.0 10.0 10.0 9.0 9.0 10.0 10.0 10.0 10.0 10.0 10.0 10.0 10.0 10.0 10.0 
1108447 1987 4 6 82 10.0 10.0 9.0 9.0 9.0 8.0 7.0 9.0 9.0 9.0 9.0 9.0 10.0 10.0 10.0 10.0 10.0 10.0 10.0 10.0 10.0 10.0 10.0 9.0 
1108447 1987 4 7 82 2.0 3.0 4.0 2.0 0.0 0.0 3.0 10.0 10.0 9.0 9.0 9.0 9.0 10.0 10.0 10.0 10.0 10.0 10.0 10.0 10.0 10.0 10.0 6.0 
1108447 1987 4 8 82 10.0 10.0 10.0 10.0 10.0 9.0 9.0 7.0 4.0 2.0 6.0 8.0 3.0 7.0 8.0 7.0 6.0 10.0 10.0 9.0 7.0 5.0 6.0 2.0 
1108447 1987 4 9 82 9.0 8.0 9.0 7.0 9.0 9.0 10.0 10.0 10.0 10.0 10.0 10.0 10.0 10.0 10.0 10.0 10.0 10.0 9.0 10.0 10.0 10.0 10.0 10.0 
1108447 1987 4 10 82 10.0 10.0 10.0 10.0 10.0 10.0 10.0 10.0 10.0 10.0 8.0 4.0 5.0 5.0 7.0 8.0 9.0 9.0 9.0 9.0 8.0 9.0 10.0 8.0 
1108447 1987 4 11 82 7.0 8.0 6.0 7.0 8.0 7.0 9.0 9.0 10.0 10.0 10.0 10.0 10.0 9.0 8.0 8.0 8.0 7.0 2.0 1.0 3.0 3.0 7.0 7.0 
1108447 1987 4 12 82 4.0 3.0 1.0 2.0 4.0 7.0 8.0 9.0 9.0 9.0 9.0 9.0 9.0 8.0 8.0 8.0 9.0 9.0 10.0 10.0 10.0 10.0 9.0 9.0 
1108447 1987 4 13 82 9.0 9.0 9.0 9.0 9.0 9.0 9.0 10.0 10.0 10.0 10.0 10.0 10.0 10.0 10.0 10.0 10.0 10.0 10.0 10.0 10.0 10.0 10.0 10.0 
1108447 1987 4 14 82 10.0 10.0 9.0 8.0 9.0 10.0 9.0 8.0 9.0 9.0 8.0 8.0 9.0 9.0 9.0 10.0 10.0 10.0 10.0 10.0 9.0 10.0 10.0 10.0 
1108447 1987 4 15 82 10.0 10.0 10.0 10.0 9.0 10.0 10.0 10.0 10.0 10.0 10.0 10.0 10.0 10.0 10.0 10.0 10.0 10.0 10.0 10.0 10.0 10.0 10.0 10.0 
1108447 1987 4 16 82 10.0 10.0 10.0 10.0 10.0 10.0 9.0 9.0 9.0 10.0 9.0 8.0 8.0 6.0 6.0 8.0 10.0 10.0 9.0 8.0 8.0 8.0 6.0 4.0 
1108447 1987 4 17 82 3.0 3.0 3.0 2.0 1.0 2.0 2.0 7.0 7.0 4.0 2.0 2.0 2.0 3.0 2.0 2.0 2.0 2.0 2.0 1.0 1.0 1.0 0.0 1.0 
1108447 1987 4 18 82 1.0 2.0 3.0 3.0 6.0 5.0 2.0 4.0 6.0 7.0 7.0 2.0 2.0 2.0 2.0 2.0 4.0 3.0 2.0 3.0 2.0 1.0 0.0 0.0 
1108447 1987 4 19 82 0.0 0.0 5.0 4.0 8.0 4.0 3.0 4.0 2.0 7.0 10.0 10.0 9.0 9.0 8.0 8.0 8.0 6.0 7.0 9.0 8.0 4.0 2.0 1.0 
1108447 1987 4 20 82 0.0 0.0 1.0 0.0 2.0 3.0 5.0 8.0 9.0 10.0 10.0 10.0 10.0 10.0 10.0 10.0 10.0 10.0 10.0 10.0 10.0 9.0 9.0 10.0 
1108447 1987 4 21 82 10.0 10.0 10.0 10.0 10.0 10.0 10.0 10.0 10.0 9.0 9.0 9.0 10.0 10.0 9.0 9.0 9.0 8.0 8.0 7.0 6.0 2.0 1.0 1.0 
1108447 1987 4 22 82 0.0 0.0 0.0 1.0 1.0 2.0 5.0 4.0 6.0 4.0 7.0 5.0 8.0 9.0 10.0 10.0 10.0 10.0 10.0 10.0 10.0 10.0 10.0 10.0 
1108447 1987 4 23 82 10.0 10.0 9.0 9.0 9.0 10.0 10.0 10.0 10.0 10.0 10.0 8.0 8.0 10.0 10.0 10.0 10.0 10.0 10.0 10.0 10.0 10.0 10.0 9.0 
1108447 1987 4 24 82 8.0 3.0 3.0 2.0 2.0 1.0 6.0 9.0 9.0 9.0 7.0 6.0 5.0 4.0 2.0 3.0 5.0 3.0 4.0 8.0 7.0 2.0 1.0 1.0 
1108447 1987 4 25 82 1.0 0.0 0.0 0.0 0.0 0.0 0.0 0.0 0.0 1.0 3.0 5.0 0.0 0.0 1.0 3.0 2.0 4.0 3.0 4.0 4.0 2.0 4.0 0.0 
1108447 1987 4 26 82 0.0 0.0 0.0 0.0 0.0 7.0 10.0 10.0 7.0 9.0 4.0 7.0 7.0 7.0 3.0 4.0 8.0 9.0 9.0 9.0 6.0 5.0 1.0 1.0 
1108447 1987 4 27 82 1.0 1.0 1.0 1.0 3.0 8.0 8.0 5.0 4.0 5.0 4.0 4.0 5.0 5.0 3.0 2.0 1.0 0.0 1.0 2.0 2.0 2.0 9.0 5.0 
1108447 1987 4 28 82 8.0 10.0 9.0 7.0 9.0 10.0 9.0 9.0 10.0 10.0 10.0 10.0 10.0 10.0 10.0 10.0 9.0 10.0 10.0 9.0 9.0 9.0 9.0 8.0 
1108447 1987 4 29 82 8.0 6.0 4.0 3.0 3.0 4.0 8.0 7.0 8.0 9.0 9.0 9.0 9.0 9.0 10.0 10.0 10.0 9.0 9.0 9.0 9.0 9.0 10.0 10.0 
1108447 1987 4 30 82 10.0 9.0 10.0 10.0 10.0 10.0 10.0 10.0 10.0 10.0 10.0 10.0 10.0 10.0 10.0 10.0 10.0 10.0 10.0 10.0 10.0 10.0 10.0 10.0 
1108447 1987 5 1 82 10.0 10.0 10.0 10.0 10.0 9.0 9.0 10.0 9.0 10.0 10.0 10.0 10.0 9.0 9.0 8.0 8.0 8.0 5.0 6.0 4.0 7.0 10.0 10.0 
1108447 1987 5 2 82 10.0 10.0 10.0 10.0 9.0 9.0 9.0 10.0 10.0 10.0 10.0 10.0 9.0 9.0 6.0 3.0 4.0 8.0 8.0 10.0 9.0 6.0 7.0 7.0 
1108447 1987 5 3 82 10.0 10.0 10.0 10.0 10.0 10.0 10.0 10.0 10.0 10.0 10.0 10.0 10.0 10.0 10.0 10.0 10.0 10.0 10.0 10.0 10.0 10.0 10.0 10.0 
1108447 1987 5 4 82 10.0 10.0 10.0 10.0 10.0 10.0 10.0 10.0 10.0 10.0 9.0 5.0 7.0 5.0 6.0 5.0 7.0 5.0 3.0 2.0 2.0 2.0 1.0 1.0 
1108447 1987 5 5 82 1.0 0.0 0.0 0.0 0.0 1.0 3.0 1.0 0.0 0.0 0.0 0.0 0.0 0.0 0.0 0.0 0.0 0.0 0.0 0.0 0.0 0.0 0.0 0.0 
1108447 1987 5 6 82 0.0 0.0 0.0 0.0 0.0 0.0 0.0 0.0 0.0 0.0 0.0 0.0 0.0 0.0 0.0 0.0 0.0 0.0 0.0 0.0 0.0 0.0 0.0 0.0 
1108447 1987 5 7 82 0.0 0.0 0.0 0.0 0.0 0.0 0.0 0.0 0.0 0.0 0.0 0.0 0.0 0.0 0.0 0.0 0.0 0.0 0.0 0.0 0.0 0.0 0.0 0.0 
1108447 1987 5 8 82 0.0 0.0 0.0 0.0 0.0 1.0 1.0 0.0 0.0 0.0 0.0 0.0 0.0 0.0 0.0 0.0 0.0 0.0 0.0 0.0 0.0 0.0 0.0 0.0 
1108447 1987 5 9 82 0.0 0.0 0.0 0.0 0.0 0.0 0.0 1.0 1.0 1.0 1.0 1.0 1.0 1.0 1.0 1.0 2.0 5.0 8.0 6.0 1.0 1.0 1.0 0.0 
1108447 1987 5 10 82 0.0 0.0 0.0 1.0 1.0 2.0 7.0 7.0 7.0 8.0 9.0 9.0 8.0 9.0 6.0 5.0 2.0 1.0 2.0 3.0 10.0 10.0 10.0 10.0 
1108447 1987 5 11 82 8.0 9.0 5.0 6.0 9.0 9.0 9.0 9.0 9.0 10.0 10.0 10.0 10.0 10.0 10.0 10.0 10.0 10.0 10.0 10.0 10.0 10.0 10.0 10.0 
1108447 1987 5 12 82 10.0 10.0 5.0 6.0 10.0 10.0 10.0 10.0 10.0 10.0 10.0 10.0 10.0 10.0 10.0 9.0 8.0 8.0 6.0 5.0 9.0 9.0 9.0 7.0 
1108447 1987 5 13 82 8.0 7.0 9.0 7.0 10.0 10.0 10.0 10.0 10.0 10.0 7.0 9.0 9.0 9.0 8.0 5.0 9.0 10.0 10.0 10.0 10.0 10.0 10.0 10.0 
1108447 1987 5 14 82 10.0 10.0 10.0 10.0 10.0 10.0 10.0 9.0 9.0 8.0 8.0 7.0 7.0 5.0 6.0 7.0 5.0 7.0 8.0 8.0 7.0 7.0 7.0 5.0 
1108447 1987 5 15 82 7.0 7.0 7.0 7.0 8.0 5.0 6.0 8.0 5.0 7.0 2.0 2.0 2.0 2.0 1.0 1.0 1.0 1.0 1.0 2.0 1.0 1.0 1.0 1.0 
1108447 1987 5 16 82 1.0 0.0 0.0 0.0 0.0 0.0 0.0 0.0 0.0 0.0 0.0 0.0 0.0 0.0 0.0 0.0 0.0 0.0 0.0 0.0 0.0 0.0 0.0 0.0 
1108447 1987 5 17 82 0.0 0.0 0.0 0.0 2.0 2.0 3.0 8.0 7.0 9.0 9.0 5.0 4.0 7.0 8.0 8.0 5.0 3.0 3.0 7.0 8.0 8.0 8.0 8.0 
1108447 1987 5 18 82 8.0 5.0 7.0 10.0 8.0 2.0 2.0 3.0 4.0 8.0 7.0 8.0 9.0 9.0 5.0 4.0 2.0 4.0 3.0 2.0 2.0 2.0 2.0 1.0 
1108447 1987 5 19 82 7.0 9.0 9.0 9.0 9.0 9.0 10.0 9.0 9.0 7.0 7.0 8.0 6.0 3.0 3.0 5.0 4.0 2.0 0.0 0.0 0.0 0.0 0.0 0.0 
1108447 1987 5 20 82 0.0 0.0 0.0 0.0 1.0 1.0 0.0 1.0 1.0 1.0 1.0 1.0 1.0 1.0 1.0 1.0 1.0 1.0 0.0 1.0 1.0 1.0 0.0 0.0 
1108447 1987 5 21 82 0.0 0.0 0.0 0.0 3.0 4.0 6.0 7.0 8.0 8.0 8.0 9.0 6.0 2.0 3.0 5.0 6.0 8.0 8.0 9.0 7.0 9.0 9.0 6.0 
1108447 1987 5 22 82 7.0 6.0 6.0 9.0 9.0 9.0 9.0 9.0 10.0 6.0 6.0 10.0 4.0 3.0 6.0 8.0 8.0 4.0 2.0 1.0 0.0 0.0 0.0 0.0 
1108447 1987 5 23 82 0.0 0.0 0.0 0.0 0.0 1.0 9.0 9.0 10.0 9.0 3.0 4.0 5.0 4.0 2.0 2.0 1.0 2.0 1.0 1.0 0.0 0.0 0.0 0.0 
1108447 1987 5 24 82 0.0 0.0 0.0 0.0 0.0 0.0 0.0 1.0 0.0 0.0 0.0 1.0 1.0 1.0 1.0 1.0 1.0 1.0 1.0 1.0 1.0 1.0 0.0 0.0 
1108447 1987 5 25 82 0.0 0.0 0.0 0.0 0.0 8.0 6.0 9.0 6.0 1.0 0.0 0.0 0.0 1.0 0.0 0.0 1.0 0.0 0.0 0.0 0.0 0.0 0.0 1.0 
1108447 1987 5 26 82 1.0 3.0 7.0 8.0 8.0 8.0 9.0 9.0 10.0 10.0 10.0 10.0 9.0 7.0 7.0 7.0 2.0 2.0 2.0 4.0 5.0 9.0 9.0 10.0 
1108447 1987 5 27 82 10.0 10.0 10.0 10.0 10.0 10.0 10.0 10.0 10.0 10.0 10.0 10.0 10.0 9.0 10.0 10.0 10.0 10.0 10.0 10.0 10.0 10.0 10.0 10.0 
1108447 1987 5 28 82 10.0 10.0 10.0 10.0 10.0 10.0 9.0 10.0 10.0 9.0 6.0 6.0 9.0 9.0 9.0 9.0 9.0 8.0 7.0 7.0 7.0 7.0 7.0 7.0 
1108447 1987 5 29 82 7.0 7.0 8.0 9.0 10.0 10.0 10.0 10.0 9.0 10.0 9.0 10.0 10.0 10.0 10.0 10.0 10.0 10.0 10.0 10.0 10.0 10.0 10.0 10.0 
1108447 1987 5 30 82 10.0 10.0 10.0 10.0 10.0 10.0 10.0 10.0 9.0 10.0 10.0 10.0 10.0 10.0 9.0 9.0 9.0 10.0 10.0 10.0 10.0 10.0 9.0 10.0 
1108447 1987 5 31 82 10.0 10.0 10.0 10.0 10.0 10.0 10.0 9.0 9.0 9.0 10.0 8.0 8.0 9.0 9.0 9.0 9.0 9.0 9.0 9.0 10.0 10.0 10.0 10.0 
1108447 1987 6 1 82 9.0 5.0 5.0 7.0 7.0 7.0 7.0 7.0 9.0 8.0 7.0 2.0 1.0 1.0 1.0 2.0 2.0 2.0 1.0 1.0 1.0 2.0 3.0 2.0 
1108447 1987 6 2 82 1.0 0.0 0.0 0.0 0.0 0.0 0.0 1.0 1.0 4.0 3.0 4.0 3.0 6.0 3.0 4.0 3.0 3.0 2.0 3.0 4.0 3.0 2.0 1.0 
1108447 1987 6 3 82 1.0 3.0 2.0 2.0 4.0 7.0 7.0 7.0 7.0 7.0 8.0 8.0 8.0 7.0 5.0 8.0 4.0 5.0 5.0 4.0 4.0 3.0 2.0 2.0 
1108447 1987 6 4 82 0.0 2.0 2.0 7.0 7.0 8.0 9.0 6.0 8.0 9.0 10.0 10.0 9.0 9.0 5.0 6.0 7.0 2.0 1.0 1.0 1.0 1.0 0.0 0.0 
1108447 1987 6 5 82 2.0 7.0 10.0 8.0 10.0 9.0 10.0 10.0 10.0 10.0 10.0 10.0 10.0 10.0 10.0 9.0 7.0 9.0 8.0 9.0 9.0 3.0 7.0 8.0 
1108447 1987 6 6 82 8.0 8.0 6.0 3.0 8.0 9.0 9.0 10.0 9.0 8.0 8.0 5.0 6.0 5.0 6.0 6.0 6.0 4.0 5.0 7.0 5.0 3.0 2.0 0.0 
1108447 1987 6 7 82 0.0 0.0 0.0 0.0 0.0 0.0 0.0 0.0 0.0 0.0 0.0 0.0 2.0 1.0 1.0 1.0 1.0 1.0 1.0 1.0 2.0 2.0 2.0 0.0 
1108447 1987 6 8 82 2.0 0.0 0.0 0.0 2.0 9.0 9.0 9.0 9.0 9.0 9.0 10.0 10.0 10.0 10.0 10.0 10.0 10.0 10.0 9.0 7.0 5.0 3.0 1.0 
1108447 1987 6 9 82 0.0 3.0 6.0 7.0 8.0 9.0 9.0 10.0 10.0 10.0 10.0 10.0 10.0 10.0 10.0 10.0 9.0 8.0 7.0 9.0 10.0 9.0 10.0 8.0 
1108447 1987 6 10 82 7.0 4.0 4.0 7.0 7.0 9.0 9.0 10.0 10.0 10.0 10.0 10.0 10.0 9.0 10.0 10.0 10.0 10.0 10.0 10.0 10.0 10.0 10.0 10.0 
1108447 1987 6 11 82 10.0 10.0 10.0 10.0 10.0 10.0 10.0 10.0 10.0 9.0 10.0 9.0 9.0 9.0 9.0 10.0 10.0 10.0 10.0 10.0 10.0 10.0 10.0 10.0 
1108447 1987 6 12 82 10.0 10.0 10.0 10.0 10.0 10.0 10.0 10.0 10.0 10.0 10.0 10.0 9.0 9.0 9.0 8.0 9.0 9.0 9.0 9.0 9.0 9.0 9.0 9.0 
1108447 1987 6 13 82 10.0 10.0 10.0 10.0 9.0 9.0 9.0 9.0 9.0 9.0 9.0 9.0 9.0 9.0 9.0 8.0 6.0 5.0 5.0 4.0 3.0 4.0 3.0 2.0 
1108447 1987 6 14 82 1.0 2.0 1.0 0.0 0.0 0.0 0.0 1.0 2.0 3.0 8.0 1.0 8.0 8.0 8.0 9.0 9.0 7.0 7.0 9.0 9.0 9.0 9.0 10.0 
1108447 1987 6 15 82 8.0 9.0 9.0 8.0 3.0 3.0 2.0 6.0 9.0 9.0 9.0 8.0 3.0 2.0 2.0 5.0 4.0 2.0 3.0 5.0 3.0 2.0 1.0 0.0 
1108447 1987 6 16 82 4.0 5.0 6.0 8.0 5.0 8.0 9.0 8.0 9.0 9.0 9.0 9.0 9.0 8.0 9.0 9.0 8.0 8.0 8.0 6.0 5.0 5.0 2.0 2.0 
1108447 1987 6 17 82 2.0 3.0 3.0 1.0 1.0 1.0 2.0 1.0 2.0 1.0 1.0 3.0 7.0 4.0 1.0 4.0 4.0 3.0 3.0 3.0 2.0 3.0 2.0 0.0 
1108447 1987 6 18 82 0.0 0.0 0.0 0.0 4.0 7.0 7.0 4.0 5.0 8.0 10.0 7.0 7.0 7.0 9.0 9.0 8.0 8.0 8.0 4.0 5.0 3.0 1.0 1.0 
1108447 1987 6 19 82 2.0 1.0 0.0 1.0 3.0 2.0 1.0 1.0 4.0 4.0 3.0 4.0 2.0 1.0 1.0 0.0 0.0 0.0 0.0 0.0 0.0 1.0 6.0 3.0 
1108447 1987 6 20 82 2.0 1.0 1.0 3.0 6.0 8.0 10.0 10.0 10.0 10.0 10.0 10.0 10.0 10.0 10.0 10.0 10.0 9.0 10.0 10.0 10.0 10.0 10.0 9.0 
1108447 1987 6 21 82 9.0 10.0 9.0 8.0 10.0 8.0 9.0 9.0 9.0 9.0 9.0 9.0 9.0 9.0 9.0 9.0 9.0 10.0 9.0 9.0 9.0 10.0 10.0 10.0 
1108447 1987 6 22 82 10.0 9.0 7.0 9.0 9.0 9.0 9.0 9.0 8.0 7.0 6.0 7.0 5.0 6.0 4.0 3.0 2.0 3.0 6.0 9.0 9.0 5.0 3.0 1.0 
1108447 1987 6 23 82 0.0 4.0 3.0 5.0 9.0 9.0 10.0 9.0 9.0 9.0 4.0 5.0 2.0 1.0 1.0 2.0 2.0 2.0 2.0 3.0 2.0 1.0 1.0 1.0 
1108447 1987 6 24 82 2.0 2.0 0.0 0.0 0.0 0.0 0.0 0.0 0.0 0.0 3.0 3.0 0.0 0.0 0.0 1.0 1.0 1.0 0.0 0.0 1.0 1.0 1.0 0.0 
1108447 1987 6 25 82 0.0 0.0 0.0 0.0 0.0 0.0 1.0 1.0 5.0 4.0 5.0 6.0 6.0 6.0 3.0 1.0 1.0 2.0 2.0 1.0 2.0 2.0 3.0 2.0 
1108447 1987 6 26 82 3.0 2.0 0.0 1.0 1.0 3.0 3.0 1.0 0.0 1.0 2.0 7.0 6.0 2.0 1.0 5.0 4.0 2.0 0.0 0.0 0.0 0.0 0.0 0.0 
1108447 1987 6 27 82 0.0 0.0 1.0 4.0 8.0 9.0 9.0 9.0 9.0 8.0 7.0 3.0 2.0 2.0 2.0 2.0 1.0 1.0 1.0 0.0 1.0 1.0 1.0 0.0 
1108447 1987 6 28 82 0.0 0.0 0.0 1.0 4.0 2.0 1.0 1.0 1.0 1.0 0.0 3.0 3.0 3.0 5.0 5.0 7.0 7.0 7.0 6.0 2.0 0.0 0.0 0.0 
1108447 1987 6 29 82 0.0 0.0 0.0 0.0 0.0 0.0 0.0 0.0 0.0 0.0 0.0 0.0 0.0 0.0 0.0 1.0 0.0 0.0 1.0 1.0 1.0 0.0 0.0 0.0 
1108447 1987 6 30 82 0.0 0.0 0.0 0.0 0.0 0.0 0.0 0.0 0.0 0.0 0.0 0.0 0.0 0.0 0.0 0.0 1.0 1.0 0.0 1.0 1.0 1.0 0.0 0.0 
1108447 1987 7 1 82 0.0 0.0 0.0 0.0 3.0 5.0 7.0 3.0 5.0 4.0 5.0 8.0 8.0 8.0 9.0 9.0 8.0 6.0 5.0 4.0 3.0 3.0 2.0 2.0 
1108447 1987 7 2 82 1.0 2.0 1.0 3.0 7.0 10.0 10.0 10.0 10.0 9.0 7.0 9.0 9.0 9.0 9.0 10.0 10.0 10.0 10.0 10.0 10.0 10.0 10.0 10.0 
1108447 1987 7 3 82 10.0 9.0 10.0 10.0 10.0 10.0 10.0 10.0 10.0 10.0 10.0 10.0 10.0 10.0 9.0 9.0 9.0 8.0 8.0 8.0 9.0 9.0 8.0 4.0 
1108447 1987 7 4 82 8.0 9.0 10.0 10.0 10.0 9.0 10.0 9.0 10.0 10.0 10.0 10.0 10.0 10.0 10.0 10.0 10.0 10.0 10.0 10.0 10.0 10.0 10.0 10.0 
1108447 1987 7 5 82 10.0 10.0 10.0 10.0 10.0 10.0 10.0 10.0 10.0 10.0 10.0 10.0 10.0 10.0 10.0 10.0 10.0 10.0 10.0 10.0 9.0 10.0 10.0 10.0 
1108447 1987 7 6 82 10.0 10.0 10.0 10.0 9.0 9.0 8.0 5.0 6.0 7.0 9.0 7.0 8.0 8.0 9.0 9.0 10.0 10.0 10.0 10.0 10.0 10.0 10.0 10.0 
1108447 1987 7 7 82 10.0 10.0 10.0 10.0 10.0 10.0 10.0 10.0 10.0 10.0 10.0 10.0 9.0 9.0 9.0 9.0 8.0 7.0 7.0 7.0 6.0 5.0 2.0 2.0 
1108447 1987 7 8 82 7.0 10.0 10.0 10.0 10.0 10.0 9.0 10.0 10.0 10.0 10.0 10.0 8.0 8.0 8.0 9.0 9.0 9.0 9.0 10.0 10.0 10.0 10.0 10.0 
1108447 1987 7 9 82 10.0 10.0 10.0 10.0 10.0 10.0 10.0 10.0 10.0 9.0 7.0 8.0 7.0 5.0 6.0 3.0 2.0 1.0 1.0 1.0 1.0 0.0 0.0 8.0 
1108447 1987 7 10 82 0.0 1.0 1.0 1.0 2.0 2.0 1.0 1.0 1.0 1.0 1.0 2.0 3.0 4.0 7.0 7.0 7.0 8.0 8.0 7.0 8.0 9.0 9.0 8.0 
1108447 1987 7 11 82 9.0 9.0 8.0 8.0 9.0 8.0 8.0 7.0 8.0 7.0 8.0 9.0 8.0 7.0 5.0 4.0 5.0 5.0 6.0 8.0 9.0 4.0 5.0 3.0 
1108447 1987 7 12 82 3.0 4.0 6.0 5.0 7.0 9.0 9.0 3.0 2.0 2.0 1.0 0.0 1.0 1.0 4.0 3.0 8.0 5.0 9.0 8.0 8.0 9.0 8.0 8.0 
1108447 1987 7 13 82 4.0 3.0 3.0 2.0 1.0 0.0 0.0 0.0 0.0 0.0 0.0 0.0 0.0 0.0 0.0 0.0 0.0 0.0 0.0 0.0 0.0 0.0 0.0 0.0 
1108447 1987 7 14 82 0.0 0.0 0.0 1.0 0.0 0.0 0.0 0.0 0.0 0.0 0.0 0.0 0.0 0.0 0.0 0.0 0.0 0.0 0.0 0.0 0.0 0.0 0.0 0.0 
1108447 1987 7 15 82 0.0 0.0 0.0 0.0 0.0 0.0 0.0 0.0 0.0 0.0 0.0 0.0 0.0 0.0 3.0 3.0 3.0 3.0 2.0 4.0 3.0 5.0 4.0 7.0 
1108447 1987 7 16 82 8.0 5.0 6.0 6.0 4.0 3.0 6.0 9.0 9.0 9.0 2.0 2.0 3.0 3.0 2.0 4.0 4.0 6.0 5.0 3.0 2.0 1.0 1.0 0.0 
1108447 1987 7 17 82 0.0 0.0 0.0 0.0 0.0 0.0 0.0 1.0 1.0 2.0 3.0 5.0 7.0 7.0 6.0 9.0 9.0 10.0 10.0 10.0 10.0 10.0 9.0 8.0 
1108447 1987 7 18 82 7.0 8.0 8.0 9.0 10.0 10.0 10.0 10.0 9.0 8.0 8.0 8.0 8.0 8.0 6.0 9.0 9.0 9.0 9.0 9.0 9.0 9.0 8.0 8.0 
1108447 1987 7 19 82 7.0 8.0 7.0 9.0 10.0 9.0 10.0 10.0 10.0 10.0 10.0 10.0 9.0 9.0 7.0 6.0 4.0 3.0 3.0 3.0 7.0 9.0 6.0 6.0 
1108447 1987 7 20 82 8.0 8.0 8.0 9.0 8.0 9.0 10.0 9.0 9.0 9.0 9.0 7.0 8.0 7.0 4.0 2.0 3.0 3.0 2.0 2.0 2.0 2.0 1.0 3.0 
1108447 1987 7 21 82 2.0 1.0 0.0 0.0 1.0 1.0 1.0 0.0 0.0 0.0 0.0 1.0 2.0 0.0 0.0 1.0 1.0 1.0 1.0 2.0 2.0 3.0 4.0 1.0 
1108447 1987 7 22 82 2.0 1.0 2.0 4.0 5.0 5.0 4.0 2.0 7.0 7.0 5.0 7.0 4.0 3.0 2.0 5.0 2.0 3.0 7.0 1.0 5.0 5.0 8.0 8.0 
1108447 1987 7 23 82 9.0 9.0 10.0 10.0 10.0 9.0 9.0 9.0 9.0 9.0 2.0 1.0 2.0 4.0 4.0 3.0 8.0 8.0 8.0 7.0 9.0 9.0 8.0 6.0 
1108447 1987 7 24 82 7.0 6.0 7.0 6.0 7.0 8.0 8.0 9.0 8.0 9.0 9.0 9.0 9.0 9.0 9.0 8.0 9.0 8.0 8.0 8.0 8.0 7.0 6.0 8.0 
1108447 1987 7 25 82 6.0 6.0 6.0 7.0 7.0 8.0 4.0 10.0 7.0 10.0 10.0 10.0 10.0 9.0 9.0 8.0 8.0 9.0 7.0 6.0 6.0 9.0 10.0 10.0 
1108447 1987 7 26 82 10.0 10.0 10.0 10.0 9.0 9.0 8.0 8.0 9.0 9.0 9.0 9.0 8.0 7.0 7.0 8.0 9.0 10.0 10.0 10.0 10.0 9.0 9.0 9.0 
1108447 1987 7 27 82 9.0 10.0 10.0 9.0 9.0 10.0 9.0 9.0 9.0 7.0 4.0 5.0 8.0 10.0 10.0 9.0 9.0 7.0 6.0 5.0 6.0 4.0 4.0 1.0 
1108447 1987 7 28 82 3.0 6.0 2.0 1.0 1.0 2.0 2.0 2.0 3.0 3.0 4.0 4.0 4.0 7.0 7.0 7.0 7.0 7.0 6.0 8.0 6.0 8.0 8.0 8.0 
1108447 1987 7 29 82 4.0 5.0 3.0 4.0 8.0 6.0 3.0 4.0 3.0 4.0 4.0 6.0 4.0 3.0 6.0 7.0 5.0 6.0 5.0 5.0 5.0 4.0 2.0 6.0 
1108447 1987 7 30 82 6.0 7.0 6.0 7.0 9.0 9.0 9.0 5.0 7.0 2.0 7.0 7.0 2.0 1.0 2.0 2.0 3.0 3.0 4.0 6.0 8.0 8.0 7.0 8.0 
1108447 1987 7 31 82 7.0 8.0 8.0 9.0 9.0 9.0 10.0 9.0 10.0 9.0 9.0 8.0 4.0 8.0 3.0 3.0 9.0 6.0 3.0 6.0 8.0 6.0 2.0 1.0 
1108447 1987 8 1 82 2.0 2.0 1.0 8.0 9.0 5.0 3.0 7.0 3.0 1.0 1.0 4.0 1.0 1.0 1.0 1.0 1.0 1.0 1.0 1.0 1.0 1.0 1.0 0.0 
1108447 1987 8 2 82 0.0 0.0 0.0 0.0 0.0 0.0 1.0 5.0 5.0 6.0 5.0 2.0 0.0 0.0 0.0 0.0 0.0 0.0 0.0 1.0 1.0 0.0 0.0 0.0 
1108447 1987 8 3 82 0.0 0.0 0.0 0.0 1.0 4.0 1.0 1.0 2.0 8.0 9.0 9.0 9.0 3.0 2.0 2.0 1.0 1.0 1.0 2.0 2.0 2.0 2.0 0.0 
1108447 1987 8 4 82 0.0 0.0 0.0 0.0 1.0 3.0 8.0 2.0 2.0 2.0 2.0 1.0 1.0 1.0 1.0 2.0 6.0 4.0 3.0 3.0 4.0 3.0 2.0 1.0 
1108447 1987 8 5 82 2.0 2.0 5.0 9.0 9.0 9.0 9.0 9.0 9.0 10.0 10.0 10.0 8.0 6.0 5.0 4.0 2.0 1.0 1.0 1.0 1.0 1.0 1.0 1.0 
1108447 1987 8 6 82 2.0 3.0 6.0 2.0 2.0 3.0 3.0 9.0 4.0 3.0 2.0 1.0 0.0 0.0 0.0 0.0 0.0 0.0 0.0 0.0 0.0 0.0 0.0 0.0 
1108447 1987 8 7 82 0.0 0.0 0.0 0.0 0.0 0.0 0.0 0.0 0.0 0.0 0.0 0.0 0.0 0.0 0.0 0.0 0.0 1.0 1.0 0.0 0.0 0.0 0.0 0.0 
1108447 1987 8 8 82 0.0 0.0 0.0 0.0 0.0 0.0 0.0 0.0 0.0 0.0 0.0 0.0 0.0 0.0 0.0 0.0 0.0 0.0 1.0 0.0 0.0 0.0 0.0 0.0 
1108447 1987 8 9 82 0.0 0.0 0.0 0.0 0.0 0.0 0.0 1.0 1.0 1.0 1.0 1.0 2.0 1.0 1.0 1.0 1.0 1.0 2.0 6.0 6.0 3.0 3.0 3.0 
1108447 1987 8 10 82 3.0 3.0 3.0 7.0 6.0 7.0 9.0 9.0 9.0 9.0 10.0 10.0 10.0 10.0 9.0 7.0 9.0 9.0 9.0 9.0 6.0 6.0 10.0 10.0 
1108447 1987 8 11 82 10.0 10.0 4.0 2.0 0.0 0.0 0.0 0.0 0.0 3.0 2.0 1.0 3.0 0.0 0.0 2.0 1.0 1.0 1.0 8.0 10.0 10.0 10.0 10.0 
1108447 1987 8 12 82 10.0 9.0 10.0 9.0 9.0 10.0 9.0 9.0 9.0 9.0 9.0 9.0 9.0 7.0 9.0 9.0 10.0 10.0 10.0 10.0 10.0 10.0 10.0 10.0 
1108447 1987 8 13 82 10.0 10.0 10.0 10.0 10.0 10.0 10.0 10.0 10.0 10.0 10.0 10.0 10.0 10.0 10.0 10.0 10.0 10.0 9.0 9.0 9.0 10.0 9.0 10.0 
1108447 1987 8 14 82 10.0 10.0 10.0 10.0 10.0 10.0 9.0 9.0 9.0 9.0 9.0 9.0 6.0 3.0 2.0 1.0 1.0 1.0 3.0 2.0 2.0 2.0 1.0 3.0 
1108447 1987 8 15 82 4.0 6.0 4.0 6.0 7.0 9.0 9.0 10.0 10.0 9.0 9.0 7.0 8.0 9.0 9.0 6.0 3.0 6.0 6.0 8.0 9.0 9.0 9.0 7.0 
1108447 1987 8 16 82 7.0 8.0 8.0 7.0 7.0 6.0 5.0 8.0 8.0 8.0 9.0 6.0 3.0 3.0 2.0 2.0 2.0 2.0 2.0 2.0 1.0 1.0 2.0 2.0 
1108447 1987 8 17 82 0.0 0.0 0.0 0.0 0.0 1.0 1.0 1.0 1.0 2.0 2.0 2.0 2.0 1.0 1.0 0.0 0.0 0.0 0.0 0.0 0.0 0.0 0.0 0.0 
1108447 1987 8 18 82 0.0 0.0 0.0 0.0 0.0 0.0 0.0 0.0 0.0 0.0 0.0 0.0 0.0 0.0 0.0 0.0 0.0 0.0 0.0 0.0 0.0 0.0 0.0 0.0 
1108447 1987 8 19 82 0.0 0.0 0.0 0.0 0.0 1.0 1.0 0.0 1.0 1.0 1.0 2.0 9.0 9.0 9.0 9.0 9.0 9.0 9.0 7.0 1.0 1.0 7.0 3.0 
1108447 1987 8 20 82 5.0 8.0 6.0 2.0 1.0 1.0 2.0 3.0 2.0 2.0 4.0 5.0 2.0 1.0 1.0 1.0 1.0 1.0 1.0 1.0 1.0 0.0 1.0 0.0 
1108447 1987 8 21 82 0.0 0.0 0.0 0.0 0.0 0.0 0.0 0.0 0.0 0.0 0.0 1.0 0.0 0.0 0.0 1.0 0.0 0.0 0.0 0.0 0.0 0.0 0.0 0.0 
1108447 1987 8 22 82 0.0 0.0 0.0 0.0 0.0 3.0 3.0 1.0 3.0 2.0 1.0 4.0 6.0 6.0 5.0 8.0 7.0 8.0 7.0 5.0 4.0 3.0 1.0 0.0 
1108447 1987 8 23 82 0.0 0.0 0.0 0.0 0.0 0.0 0.0 0.0 1.0 1.0 2.0 2.0 2.0 1.0 1.0 1.0 1.0 0.0 0.0 0.0 0.0 0.0 0.0 0.0 
1108447 1987 8 24 82 1.0 1.0 0.0 0.0 0.0 0.0 0.0 0.0 0.0 0.0 0.0 0.0 0.0 0.0 0.0 0.0 0.0 0.0 0.0 0.0 0.0 0.0 0.0 0.0 
1108447 1987 8 25 82 0.0 0.0 0.0 1.0 0.0 0.0 1.0 0.0 0.0 1.0 1.0 1.0 1.0 1.0 2.0 3.0 3.0 3.0 5.0 6.0 4.0 0.0 0.0 0.0 
1108447 1987 8 26 82 0.0 3.0 6.0 7.0 6.0 8.0 9.0 10.0 10.0 10.0 10.0 9.0 9.0 8.0 8.0 7.0 9.0 9.0 9.0 9.0 8.0 6.0 2.0 0.0 
1108447 1987 8 27 82 0.0 0.0 0.0 0.0 0.0 2.0 2.0 2.0 2.0 1.0 3.0 7.0 8.0 8.0 7.0 9.0 9.0 8.0 9.0 9.0 7.0 4.0 3.0 1.0 
1108447 1987 8 28 82 1.0 0.0 2.0 2.0 1.0 8.0 9.0 6.0 9.0 9.0 9.0 9.0 9.0 8.0 8.0 9.0 9.0 9.0 3.0 9.0 7.0 8.0 8.0 6.0 
1108447 1987 8 29 82 6.0 6.0 6.0 6.0 8.0 9.0 9.0 10.0 10.0 9.0 9.0 9.0 9.0 9.0 9.0 9.0 7.0 8.0 6.0 8.0 6.0 5.0 3.0 2.0 
1108447 1987 8 30 82 2.0 1.0 1.0 1.0 1.0 0.0 5.0 3.0 3.0 1.0 2.0 2.0 1.0 0.0 0.0 2.0 2.0 1.0 2.0 2.0 2.0 1.0 1.0 0.0 
1108447 1987 8 31 82 0.0 0.0 0.0 0.0 0.0 0.0 0.0 0.0 0.0 1.0 0.0 0.0 0.0 1.0 1.0 1.0 1.0 1.0 1.0 1.0 1.0 1.0 1.0 0.0 
1108447 1987 9 1 82 6.0 8.0 7.0 5.0 2.0 7.0 9.0 9.0 9.0 7.0 6.0 6.0 6.0 8.0 9.0 3.0 3.0 5.0 9.0 9.0 9.0 8.0 10.0 9.0 
1108447 1987 9 2 82 10.0 6.0 9.0 10.0 10.0 9.0 9.0 7.0 7.0 5.0 4.0 6.0 6.0 6.0 4.0 4.0 3.0 2.0 2.0 3.0 6.0 7.0 8.0 8.0 
1108447 1987 9 3 82 5.0 3.0 2.0 1.0 2.0 3.0 4.0 8.0 10.0 10.0 9.0 9.0 9.0 7.0 3.0 6.0 8.0 6.0 3.0 2.0 3.0 0.0 0.0 0.0 
1108447 1987 9 4 82 0.0 0.0 0.0 0.0 0.0 0.0 1.0 4.0 1.0 0.0 0.0 0.0 1.0 2.0 5.0 2.0 1.0 1.0 1.0 1.0 0.0 0.0 0.0 0.0 
1108447 1987 9 5 82 0.0 0.0 0.0 0.0 0.0 0.0 0.0 0.0 0.0 0.0 0.0 0.0 0.0 0.0 0.0 0.0 0.0 0.0 0.0 0.0 0.0 0.0 0.0 0.0 
1108447 1987 9 6 82 0.0 0.0 0.0 0.0 0.0 0.0 0.0 0.0 0.0 0.0 0.0 0.0 0.0 0.0 0.0 0.0 1.0 3.0 3.0 5.0 2.0 3.0 2.0 1.0 
1108447 1987 9 7 82 1.0 0.0 0.0 0.0 0.0 0.0 0.0 0.0 0.0 1.0 4.0 7.0 7.0 8.0 8.0 6.0 3.0 2.0 1.0 2.0 2.0 2.0 0.0 0.0 
1108447 1987 9 8 82 0.0 0.0 0.0 0.0 0.0 0.0 1.0 2.0 9.0 9.0 3.0 0.0 2.0 3.0 6.0 9.0 8.0 7.0 7.0 8.0 7.0 7.0 6.0 3.0 
1108447 1987 9 9 82 2.0 6.0 0.0 0.0 3.0 6.0 3.0 10.0 10.0 9.0 9.0 5.0 4.0 3.0 4.0 3.0 2.0 1.0 1.0 3.0 2.0 2.0 1.0 0.0 
1108447 1987 9 10 82 0.0 0.0 0.0 0.0 0.0 0.0 0.0 0.0 0.0 0.0 0.0 0.0 0.0 0.0 0.0 0.0 0.0 0.0 0.0 0.0 0.0 0.0 0.0 0.0 
1108447 1987 9 11 82 0.0 0.0 0.0 0.0 0.0 5.0 9.0 9.0 9.0 10.0 10.0 10.0 10.0 10.0 9.0 6.0 3.0 1.0 7.0 6.0 2.0 3.0 3.0 7.0 
1108447 1987 9 12 82 3.0 4.0 4.0 8.0 7.0 9.0 10.0 10.0 10.0 10.0 10.0 10.0 10.0 10.0 9.0 10.0 10.0 10.0 10.0 10.0 10.0 10.0 10.0 10.0 
1108447 1987 9 13 82 10.0 10.0 9.0 10.0 10.0 10.0 10.0 10.0 9.0 9.0 10.0 10.0 9.0 9.0 9.0 9.0 8.0 2.0 1.0 1.0 3.0 1.0 4.0 7.0 
1108447 1987 9 14 82 9.0 9.0 9.0 9.0 10.0 10.0 10.0 10.0 10.0 10.0 10.0 10.0 9.0 5.0 8.0 9.0 9.0 9.0 9.0 9.0 7.0 6.0 9.0 9.0 
1108447 1987 9 15 82 9.0 9.0 9.0 9.0 9.0 9.0 9.0 9.0 8.0 8.0 7.0 9.0 6.0 8.0 9.0 9.0 9.0 10.0 9.0 9.0 10.0 10.0 9.0 10.0 
1108447 1987 9 16 82 9.0 10.0 9.0 3.0 2.0 1.0 8.0 9.0 7.0 8.0 7.0 9.0 9.0 6.0 8.0 8.0 9.0 9.0 10.0 8.0 8.0 9.0 5.0 3.0 
1108447 1987 9 17 82 0.0 4.0 3.0 4.0 3.0 3.0 9.0 9.0 9.0 9.0 8.0 8.0 9.0 8.0 4.0 6.0 6.0 8.0 9.0 9.0 8.0 6.0 7.0 9.0 
1108447 1987 9 18 82 10.0 9.0 9.0 7.0 7.0 9.0 9.0 9.0 9.0 10.0 10.0 10.0 9.0 9.0 10.0 9.0 9.0 9.0 8.0 4.0 3.0 2.0 7.0 6.0 
1108447 1987 9 19 82 3.0 3.0 3.0 7.0 7.0 7.0 9.0 9.0 9.0 9.0 9.0 9.0 10.0 9.0 9.0 8.0 9.0 9.0 9.0 9.0 9.0 10.0 10.0 10.0 
1108447 1987 9 20 82 10.0 10.0 10.0 10.0 10.0 10.0 9.0 9.0 8.0 9.0 9.0 9.0 9.0 6.0 6.0 8.0 8.0 9.0 9.0 6.0 4.0 2.0 2.0 1.0 
1108447 1987 9 21 82 2.0 3.0 2.0 1.0 1.0 1.0 2.0 1.0 0.0 0.0 0.0 0.0 0.0 0.0 0.0 0.0 4.0 6.0 4.0 5.0 4.0 5.0 2.0 0.0 
1108447 1987 9 22 82 1.0 0.0 0.0 0.0 0.0 0.0 1.0 1.0 0.0 0.0 0.0 0.0 0.0 0.0 0.0 0.0 0.0 0.0 0.0 0.0 0.0 0.0 0.0 0.0 
1108447 1987 9 23 82 0.0 0.0 0.0 0.0 0.0 1.0 2.0 1.0 1.0 2.0 4.0 4.0 6.0 8.0 8.0 9.0 9.0 9.0 8.0 7.0 5.0 3.0 3.0 2.0 
1108447 1987 9 24 82 2.0 1.0 1.0 0.0 0.0 0.0 9.0 10.0 10.0 10.0 10.0 10.0 9.0 9.0 7.0 8.0 6.0 4.0 5.0 5.0 4.0 8.0 8.0 9.0 
1108447 1987 9 25 82 9.0 9.0 9.0 9.0 10.0 10.0 10.0 10.0 10.0 10.0 10.0 10.0 10.0 10.0 10.0 10.0 10.0 10.0 10.0 10.0 10.0 10.0 10.0 10.0 
1108447 1987 9 26 82 9.0 4.0 1.0 1.0 0.0 1.0 1.0 2.0 6.0 6.0 5.0 5.0 6.0 5.0 4.0 5.0 4.0 3.0 2.0 2.0 1.0 1.0 2.0 0.0 
1108447 1987 9 27 82 0.0 0.0 0.0 0.0 5.0 4.0 7.0 4.0 5.0 3.0 6.0 2.0 4.0 4.0 7.0 8.0 8.0 8.0 8.0 4.0 4.0 3.0 2.0 0.0 
1108447 1987 9 28 82 0.0 0.0 0.0 0.0 3.0 1.0 4.0 4.0 4.0 7.0 10.0 9.0 9.0 6.0 3.0 3.0 2.0 2.0 2.0 2.0 1.0 0.0 0.0 0.0 
1108447 1987 9 29 82 0.0 1.0 1.0 1.0 1.0 1.0 3.0 3.0 4.0 4.0 2.0 2.0 2.0 1.0 0.0 0.0 0.0 0.0 0.0 0.0 0.0 0.0 0.0 1.0 
1108447 1987 9 30 82 1.0 1.0 1.0 1.0 1.0 1.0 1.0 4.0 3.0 2.0 2.0 2.0 3.0 4.0 3.0 4.0 3.0 3.0 4.0 3.0 2.0 1.0 0.0 0.0 
1108447 1987 10 1 82 0.0 0.0 0.0 0.0 0.0 0.0 0.0 0.0 0.0 0.0 0.0 0.0 0.0 0.0 0.0 0.0 0.0 0.0 0.0 0.0 0.0 0.0 1.0 1.0 
1108447 1987 10 2 82 2.0 3.0 4.0 5.0 4.0 8.0 10.0 9.0 9.0 6.0 9.0 9.0 9.0 9.0 9.0 2.0 3.0 3.0 9.0 8.0 7.0 9.0 8.0 8.0 
1108447 1987 10 3 82 9.0 9.0 9.0 9.0 10.0 10.0 10.0 9.0 9.0 4.0 7.0 8.0 8.0 7.0 4.0 9.0 9.0 10.0 9.0 8.0 6.0 10.0 9.0 8.0 
1108447 1987 10 4 82 9.0 4.0 5.0 3.0 2.0 2.0 8.0 9.0 8.0 9.0 9.0 7.0 7.0 9.0 7.0 9.0 10.0 10.0 8.0 3.0 1.0 5.0 2.0 9.0 
1108447 1987 10 5 82 8.0 1.0 1.0 6.0 5.0 4.0 6.0 6.0 2.0 1.0 1.0 0.0 0.0 0.0 0.0 0.0 0.0 0.0 0.0 0.0 0.0 0.0 0.0 0.0 
1108447 1987 10 6 82 1.0 2.0 5.0 6.0 4.0 3.0 3.0 4.0 3.0 2.0 3.0 2.0 2.0 2.0 2.0 3.0 3.0 3.0 3.0 1.0 1.0 1.0 1.0 3.0 
1108447 1987 10 7 82 6.0 8.0 9.0 9.0 7.0 6.0 7.0 9.0 9.0 9.0 9.0 9.0 8.0 8.0 9.0 9.0 9.0 9.0 9.0 8.0 9.0 8.0 7.0 3.0 
1108447 1987 10 8 82 1.0 2.0 8.0 9.0 6.0 9.0 8.0 9.0 8.0 8.0 8.0 5.0 8.0 8.0 5.0 4.0 3.0 4.0 3.0 2.0 0.0 0.0 0.0 0.0 
1108447 1987 10 9 82 0.0 0.0 0.0 7.0 3.0 3.0 1.0 2.0 2.0 1.0 1.0 1.0 2.0 4.0 6.0 7.0 6.0 2.0 0.0 0.0 0.0 0.0 0.0 0.0 
1108447 1987 10 10 82 0.0 0.0 0.0 0.0 0.0 0.0 6.0 6.0 8.0 9.0 5.0 3.0 3.0 2.0 3.0 2.0 3.0 4.0 5.0 3.0 2.0 0.0 1.0 1.0 
1108447 1987 10 11 82 2.0 2.0 3.0 2.0 0.0 0.0 0.0 0.0 1.0 1.0 0.0 0.0 0.0 0.0 0.0 0.0 0.0 0.0 0.0 0.0 0.0 0.0 0.0 0.0 
1108447 1987 10 12 82 0.0 0.0 0.0 0.0 0.0 0.0 1.0 2.0 4.0 8.0 8.0 7.0 2.0 1.0 1.0 1.0 1.0 0.0 0.0 0.0 0.0 0.0 0.0 0.0 
1108447 1987 10 13 82 0.0 0.0 0.0 0.0 0.0 1.0 3.0 5.0 5.0 8.0 7.0 5.0 5.0 7.0 8.0 9.0 9.0 10.0 10.0 10.0 10.0 10.0 10.0 7.0 
1108447 1987 10 14 82 9.0 10.0 10.0 10.0 10.0 10.0 10.0 10.0 10.0 10.0 10.0 9.0 8.0 1.0 1.0 1.0 1.0 1.0 2.0 2.0 1.0 1.0 1.0 1.0 
1108447 1987 10 15 82 1.0 2.0 5.0 8.0 9.0 9.0 4.0 3.0 2.0 9.0 8.0 9.0 6.0 3.0 7.0 9.0 10.0 10.0 9.0 8.0 8.0 8.0 8.0 7.0 
1108447 1987 10 16 82 7.0 7.0 3.0 5.0 7.0 7.0 9.0 9.0 8.0 3.0 4.0 2.0 1.0 5.0 9.0 9.0 9.0 9.0 9.0 9.0 9.0 9.0 6.0 1.0 
1108447 1987 10 17 82 2.0 2.0 4.0 2.0 0.0 4.0 6.0 9.0 9.0 9.0 9.0 9.0 4.0 6.0 9.0 9.0 9.0 9.0 7.0 7.0 5.0 5.0 4.0 1.0 
1108447 1987 10 18 82 0.0 0.0 0.0 0.0 0.0 0.0 2.0 7.0 4.0 2.0 1.0 1.0 1.0 2.0 2.0 2.0 0.0 0.0 0.0 0.0 0.0 0.0 0.0 0.0 
1108447 1987 10 19 82 0.0 0.0 0.0 0.0 0.0 0.0 0.0 0.0 0.0 0.0 2.0 1.0 6.0 6.0 7.0 8.0 9.0 9.0 8.0 7.0 7.0 8.0 5.0 3.0 
1108447 1987 10 20 82 2.0 0.0 0.0 0.0 0.0 0.0 1.0 4.0 4.0 4.0 4.0 2.0 3.0 2.0 2.0 2.0 2.0 2.0 1.0 0.0 0.0 0.0 0.0 0.0 
1108447 1987 10 21 82 0.0 0.0 0.0 0.0 0.0 1.0 0.0 0.0 0.0 0.0 0.0 0.0 0.0 0.0 0.0 0.0 0.0 0.0 0.0 0.0 0.0 0.0 0.0 0.0 
1108447 1987 10 22 82 0.0 0.0 0.0 0.0 0.0 0.0 4.0 3.0 2.0 2.0 2.0 1.0 6.0 9.0 0.0 1.0 1.0 1.0 2.0 1.0 0.0 0.0 0.0 1.0 
1108447 1987 10 23 82 5.0 1.0 1.0 5.0 6.0 5.0 8.0 9.0 9.0 8.0 9.0 7.0 7.0 7.0 8.0 2.0 1.0 1.0 0.0 0.0 0.0 0.0 0.0 0.0 
1108447 1987 10 24 82 1.0 6.0 8.0 8.0 9.0 9.0 10.0 10.0 10.0 10.0 10.0 10.0 10.0 10.0 10.0 9.0 9.0 9.0 9.0 9.0 9.0 9.0 9.0 9.0 
1108447 1987 10 25 82 10.0 10.0 10.0 10.0 10.0 10.0 9.0 9.0 10.0 10.0 10.0 10.0 10.0 9.0 9.0 8.0 5.0 3.0 2.0 2.0 2.0 2.0 3.0 1.0 
1108447 1987 10 26 82 3.0 10.0 3.0 4.0 9.0 7.0 6.0 3.0 5.0 7.0 9.0 7.0 9.0 9.0 9.0 8.0 6.0 4.0 4.0 3.0 4.0 8.0 9.0 7.0 
1108447 1987 10 27 82 8.0 9.0 6.0 7.0 9.0 7.0 9.0 9.0 10.0 9.0 10.0 9.0 9.0 9.0 9.0 10.0 10.0 10.0 10.0 10.0 10.0 10.0 10.0 6.0 
1108447 1987 10 28 82 2.0 0.0 0.0 2.0 8.0 8.0 9.0 9.0 10.0 9.0 10.0 10.0 9.0 9.0 9.0 9.0 9.0 10.0 10.0 10.0 10.0 10.0 10.0 10.0 
1108447 1987 10 29 82 10.0 10.0 10.0 10.0 10.0 10.0 10.0 10.0 10.0 10.0 10.0 10.0 10.0 9.0 9.0 9.0 9.0 9.0 4.0 3.0 4.0 6.0 9.0 7.0 
1108447 1987 10 30 82 7.0 9.0 9.0 9.0 9.0 10.0 10.0 10.0 10.0 10.0 10.0 10.0 10.0 10.0 10.0 10.0 10.0 10.0 10.0 10.0 10.0 10.0 10.0 10.0 
1108447 1987 10 31 82 10.0 10.0 10.0 10.0 10.0 10.0 10.0 10.0 10.0 10.0 10.0 10.0 9.0 9.0 8.0 8.0 5.0 8.0 4.0 8.0 4.0 5.0 6.0 6.0 
1108447 1987 11 1 82 7.0 9.0 10.0 10.0 10.0 9.0 10.0 10.0 10.0 10.0 10.0 9.0 9.0 8.0 6.0 3.0 8.0 5.0 3.0 2.0 0.0 0.0 4.0 8.0 
1108447 1987 11 2 82 5.0 9.0 9.0 10.0 10.0 10.0 10.0 10.0 10.0 10.0 10.0 10.0 10.0 10.0 10.0 10.0 10.0 10.0 10.0 10.0 10.0 10.0 10.0 10.0 
1108447 1987 11 3 82 10.0 10.0 10.0 10.0 10.0 10.0 10.0 10.0 10.0 10.0 10.0 10.0 10.0 10.0 10.0 10.0 10.0 10.0 10.0 10.0 10.0 10.0 10.0 10.0 
1108447 1987 11 4 82 9.0 9.0 10.0 10.0 10.0 10.0 9.0 10.0 10.0 9.0 9.0 9.0 8.0 8.0 9.0 9.0 9.0 4.0 3.0 3.0 3.0 7.0 7.0 5.0 
1108447 1987 11 5 82 4.0 4.0 9.0 10.0 10.0 9.0 10.0 10.0 9.0 8.0 9.0 10.0 9.0 9.0 9.0 9.0 9.0 8.0 7.0 5.0 3.0 2.0 1.0 0.0 
1108447 1987 11 6 82 7.0 9.0 10.0 10.0 10.0 10.0 10.0 10.0 10.0 10.0 10.0 10.0 10.0 10.0 10.0 10.0 10.0 10.0 10.0 10.0 10.0 10.0 10.0 10.0 
1108447 1987 11 7 82 10.0 10.0 10.0 10.0 10.0 10.0 10.0 10.0 10.0 10.0 10.0 10.0 10.0 10.0 9.0 9.0 10.0 10.0 10.0 8.0 7.0 8.0 9.0 10.0 
1108447 1987 11 8 82 9.0 9.0 10.0 10.0 10.0 10.0 9.0 9.0 9.0 9.0 9.0 10.0 10.0 10.0 10.0 10.0 10.0 9.0 10.0 10.0 10.0 10.0 8.0 10.0 
1108447 1987 11 9 82 10.0 10.0 10.0 10.0 10.0 10.0 10.0 10.0 10.0 10.0 10.0 10.0 9.0 9.0 8.0 8.0 9.0 10.0 10.0 8.0 7.0 10.0 7.0 9.0 
1108447 1987 11 10 82 9.0 9.0 9.0 10.0 10.0 10.0 9.0 9.0 10.0 10.0 10.0 10.0 10.0 10.0 10.0 10.0 10.0 10.0 10.0 10.0 10.0 10.0 10.0 10.0 
1108447 1987 11 11 82 10.0 10.0 10.0 10.0 10.0 10.0 10.0 9.0 9.0 10.0 9.0 10.0 10.0 10.0 10.0 10.0 10.0 10.0 9.0 9.0 9.0 9.0 10.0 7.0 
1108447 1987 11 12 82 9.0 9.0 9.0 7.0 7.0 9.0 8.0 8.0 7.0 8.0 9.0 8.0 9.0 9.0 9.0 10.0 10.0 10.0 10.0 10.0 10.0 10.0 10.0 10.0 
1108447 1987 11 13 82 10.0 10.0 10.0 10.0 10.0 10.0 10.0 10.0 10.0 10.0 10.0 10.0 9.0 9.0 9.0 9.0 6.0 5.0 5.0 3.0 2.0 3.0 4.0 3.0 
1108447 1987 11 14 82 3.0 5.0 8.0 9.0 5.0 3.0 4.0 1.0 2.0 3.0 3.0 3.0 3.0 2.0 6.0 7.0 9.0 10.0 10.0 7.0 7.0 4.0 5.0 9.0 
1108447 1987 11 15 82 9.0 10.0 10.0 10.0 8.0 8.0 9.0 10.0 10.0 10.0 10.0 10.0 10.0 10.0 10.0 10.0 10.0 10.0 10.0 6.0 8.0 8.0 5.0 4.0 
1108447 1987 11 16 82 4.0 5.0 3.0 5.0 3.0 5.0 5.0 1.0 1.0 1.0 1.0 2.0 3.0 6.0 4.0 3.0 2.0 2.0 1.0 0.0 0.0 0.0 0.0 0.0 
1108447 1987 11 17 82 0.0 0.0 0.0 0.0 0.0 0.0 0.0 3.0 8.0 10.0 10.0 10.0 9.0 9.0 9.0 9.0 9.0 8.0 5.0 8.0 8.0 10.0 10.0 10.0 
1108447 1987 11 18 82 10.0 10.0 10.0 10.0 10.0 10.0 10.0 10.0 10.0 10.0 10.0 10.0 10.0 10.0 10.0 10.0 10.0 10.0 10.0 10.0 10.0 6.0 7.0 10.0 
1108447 1987 11 19 82 10.0 10.0 9.0 9.0 10.0 10.0 10.0 9.0 9.0 9.0 9.0 10.0 10.0 10.0 10.0 10.0 10.0 10.0 9.0 8.0 8.0 7.0 8.0 8.0 
1108447 1987 11 20 82 10.0 7.0 9.0 9.0 10.0 10.0 10.0 10.0 10.0 10.0 10.0 10.0 10.0 10.0 10.0 10.0 10.0 10.0 10.0 10.0 10.0 10.0 10.0 10.0 
1108447 1987 11 21 82 10.0 10.0 10.0 10.0 10.0 10.0 10.0 10.0 10.0 10.0 10.0 9.0 10.0 10.0 10.0 10.0 10.0 10.0 10.0 10.0 10.0 10.0 10.0 10.0 
1108447 1987 11 22 82 10.0 9.0 7.0 8.0 10.0 10.0 10.0 10.0 9.0 10.0 9.0 8.0 9.0 9.0 6.0 9.0 7.0 8.0 6.0 4.0 7.0 7.0 8.0 7.0 
1108447 1987 11 23 82 3.0 2.0 5.0 6.0 4.0 2.0 3.0 9.0 10.0 10.0 10.0 10.0 10.0 10.0 10.0 10.0 10.0 10.0 10.0 10.0 10.0 10.0 10.0 10.0 
1108447 1987 11 24 82 10.0 10.0 10.0 10.0 10.0 10.0 10.0 10.0 9.0 9.0 7.0 9.0 10.0 10.0 9.0 8.0 8.0 8.0 9.0 3.0 3.0 1.0 1.0 1.0 
1108447 1987 11 25 82 2.0 1.0 1.0 1.0 1.0 1.0 0.0 7.0 7.0 9.0 5.0 2.0 8.0 9.0 6.0 9.0 9.0 9.0 8.0 10.0 10.0 10.0 10.0 10.0 
1108447 1987 11 26 82 6.0 6.0 9.0 10.0 10.0 9.0 9.0 10.0 10.0 10.0 10.0 10.0 9.0 9.0 9.0 9.0 10.0 9.0 9.0 10.0 9.0 10.0 10.0 10.0 
1108447 1987 11 27 82 10.0 10.0 10.0 10.0 10.0 9.0 9.0 10.0 9.0 8.0 7.0 7.0 6.0 6.0 5.0 7.0 5.0 1.0 0.0 0.0 0.0 0.0 0.0 0.0 
1108447 1987 11 28 82 0.0 1.0 1.0 0.0 3.0 9.0 10.0 2.0 2.0 3.0 3.0 5.0 3.0 7.0 4.0 4.0 4.0 3.0 2.0 2.0 1.0 2.0 4.0 2.0 
1108447 1987 11 29 82 5.0 6.0 7.0 8.0 9.0 9.0 10.0 9.0 9.0 9.0 2.0 0.0 0.0 1.0 7.0 9.0 9.0 10.0 10.0 10.0 10.0 10.0 9.0 9.0 
1108447 1987 11 30 82 10.0 10.0 5.0 9.0 7.0 10.0 9.0 10.0 9.0 9.0 9.0 10.0 10.0 10.0 9.0 10.0 10.0 10.0 10.0 10.0 10.0 10.0 10.0 10.0 
1108447 1987 12 1 82 10.0 10.0 10.0 10.0 10.0 10.0 10.0 9.0 9.0 10.0 10.0 9.0 10.0 9.0 9.0 9.0 10.0 10.0 10.0 10.0 10.0 10.0 10.0 10.0 
1108447 1987 12 2 82 10.0 10.0 10.0 9.0 9.0 8.0 8.0 7.0 9.0 10.0 10.0 10.0 10.0 10.0 10.0 9.0 10.0 10.0 10.0 10.0 10.0 10.0 10.0 10.0 
1108447 1987 12 3 82 10.0 10.0 9.0 10.0 10.0 10.0 10.0 10.0 10.0 10.0 10.0 10.0 10.0 10.0 10.0 10.0 10.0 10.0 10.0 10.0 10.0 10.0 10.0 10.0 
1108447 1987 12 4 82 10.0 10.0 10.0 10.0 10.0 10.0 10.0 10.0 9.0 9.0 9.0 8.0 7.0 6.0 6.0 3.0 2.0 3.0 1.0 0.0 0.0 7.0 8.0 7.0 
1108447 1987 12 5 82 7.0 8.0 9.0 9.0 9.0 9.0 10.0 10.0 10.0 10.0 10.0 10.0 10.0 10.0 10.0 10.0 10.0 10.0 10.0 10.0 10.0 10.0 10.0 10.0 
1108447 1987 12 6 82 10.0 10.0 10.0 10.0 10.0 10.0 10.0 10.0 10.0 10.0 10.0 10.0 10.0 10.0 9.0 9.0 10.0 10.0 10.0 10.0 10.0 10.0 10.0 10.0 
1108447 1987 12 7 82 10.0 10.0 10.0 10.0 10.0 10.0 10.0 9.0 9.0 7.0 7.0 7.0 8.0 9.0 10.0 10.0 10.0 10.0 10.0 10.0 10.0 10.0 10.0 10.0 
1108447 1987 12 8 82 10.0 10.0 10.0 10.0 10.0 10.0 10.0 9.0 10.0 10.0 9.0 9.0 9.0 9.0 9.0 9.0 9.0 9.0 9.0 8.0 9.0 9.0 9.0 10.0 
1108447 1987 12 9 82 10.0 10.0 10.0 10.0 10.0 10.0 10.0 10.0 10.0 10.0 10.0 10.0 10.0 10.0 10.0 10.0 10.0 10.0 7.0 10.0 9.0 10.0 5.0 9.0 
1108447 1987 12 10 82 8.0 5.0 8.0 8.0 6.0 6.0 7.0 8.0 9.0 8.0 9.0 9.0 9.0 9.0 9.0 9.0 9.0 10.0 10.0 10.0 8.0 4.0 1.0 3.0 
1108447 1987 12 11 82 2.0 7.0 1.0 5.0 3.0 1.0 5.0 1.0 3.0 5.0 7.0 4.0 8.0 3.0 2.0 2.0 2.0 1.0 1.0 0.0 0.0 0.0 0.0 0.0 
1108447 1987 12 12 82 0.0 0.0 0.0 0.0 0.0 0.0 0.0 0.0 0.0 1.0 1.0 1.0 1.0 1.0 1.0 1.0 1.0 1.0 1.0 1.0 1.0 1.0 0.0 0.0 
1108447 1987 12 13 82 0.0 0.0 0.0 0.0 0.0 0.0 0.0 0.0 5.0 10.0 10.0 10.0 10.0 10.0 10.0 10.0 10.0 10.0 10.0 10.0 10.0 10.0 10.0 10.0 
1108447 1987 12 14 82 10.0 10.0 10.0 10.0 10.0 10.0 10.0 10.0 10.0 10.0 10.0 10.0 10.0 10.0 10.0 9.0 8.0 7.0 5.0 8.0 9.0 4.0 8.0 9.0 
1108447 1987 12 15 82 9.0 9.0 8.0 5.0 8.0 8.0 8.0 8.0 5.0 8.0 9.0 10.0 10.0 10.0 10.0 9.0 9.0 10.0 10.0 10.0 10.0 10.0 10.0 10.0 
1108447 1987 12 16 82 10.0 10.0 10.0 10.0 10.0 9.0 4.0 2.0 3.0 3.0 3.0 1.0 1.0 2.0 2.0 2.0 3.0 3.0 0.0 1.0 0.0 1.0 1.0 0.0 
1108447 1987 12 17 82 0.0 0.0 0.0 0.0 0.0 0.0 6.0 7.0 7.0 8.0 7.0 9.0 9.0 9.0 9.0 9.0 9.0 9.0 8.0 8.0 10.0 10.0 10.0 10.0 
1108447 1987 12 18 82 10.0 10.0 10.0 10.0 10.0 10.0 10.0 10.0 10.0 9.0 7.0 7.0 4.0 3.0 2.0 2.0 3.0 4.0 6.0 1.0 0.0 3.0 8.0 9.0 
1108447 1987 12 19 82 7.0 9.0 9.0 9.0 9.0 10.0 9.0 10.0 10.0 10.0 10.0 10.0 10.0 10.0 10.0 10.0 10.0 10.0 10.0 9.0 10.0 10.0 10.0 10.0 
1108447 1987 12 20 82 10.0 10.0 10.0 10.0 10.0 10.0 10.0 10.0 10.0 10.0 10.0 10.0 10.0 10.0 10.0 10.0 10.0 10.0 10.0 10.0 10.0 10.0 10.0 10.0 
1108447 1987 12 21 82 3.0 2.0 4.0 9.0 5.0 6.0 7.0 9.0 10.0 10.0 10.0 10.0 9.0 10.0 10.0 9.0 9.0 9.0 9.0 9.0 10.0 10.0 10.0 10.0 
1108447 1987 12 22 82 9.0 10.0 10.0 9.0 9.0 3.0 3.0 5.0 4.0 9.0 6.0 9.0 9.0 9.0 9.0 9.0 10.0 10.0 9.0 8.0 5.0 3.0 3.0 0.0 
1108447 1987 12 23 82 0.0 0.0 0.0 0.0 0.0 0.0 0.0 0.0 3.0 7.0 8.0 9.0 9.0 8.0 7.0 7.0 8.0 9.0 9.0 7.0 4.0 0.0 0.0 0.0 
1108447 1987 12 24 82 0.0 8.0 9.0 10.0 10.0 10.0 10.0 10.0 9.0 9.0 9.0 9.0 9.0 9.0 9.0 9.0 8.0 8.0 5.0 4.0 7.0 9.0 10.0 10.0 
1108447 1987 12 25 82 10.0 10.0 10.0 10.0 10.0 10.0 10.0 10.0 9.0 9.0 9.0 8.0 9.0 9.0 8.0 8.0 8.0 6.0 3.0 3.0 3.0 4.0 4.0 5.0 
1108447 1987 12 26 82 2.0 0.0 9.0 10.0 10.0 9.0 10.0 9.0 9.0 9.0 8.0 6.0 7.0 6.0 8.0 8.0 9.0 9.0 9.0 9.0 9.0 9.0 10.0 9.0 
1108447 1987 12 27 82 9.0 10.0 9.0 10.0 10.0 10.0 10.0 9.0 9.0 9.0 10.0 10.0 10.0 10.0 10.0 10.0 10.0 10.0 10.0 10.0 10.0 10.0 10.0 10.0 
1108447 1987 12 28 82 10.0 10.0 10.0 10.0 10.0 9.0 10.0 10.0 10.0 10.0 9.0 9.0 9.0 9.0 9.0 9.0 9.0 8.0 8.0 7.0 9.0 9.0 9.0 10.0 
1108447 1987 12 29 82 10.0 10.0 10.0 10.0 10.0 10.0 10.0 10.0 10.0 10.0 10.0 10.0 10.0 10.0 10.0 10.0 10.0 10.0 10.0 10.0 10.0 10.0 10.0 10.0 
1108447 1987 12 30 82 10.0 10.0 10.0 10.0 10.0 10.0 10.0 7.0 9.0 8.0 10.0 9.0 8.0 4.0 3.0 3.0 1.0 1.0 1.0 1.0 1.0 0.0 0.0 0.0 
1108447 1987 12 31 82 0.0 0.0 0.0 0.0 0.0 0.0 0.0 0.0 1.0 1.0 1.0 1.0 1.0 0.0 0.0 0.0 0.0 0.0 0.0 0.0 0.0 0.0 0.0 0.0 
1108447 1988 1 1 82 0.0 0.0 0.0 0.0 0.0 0.0 0.0 0.0 1.0 0.0 0.0 0.0 0.0 0.0 0.0 0.0 0.0 1.0 0.0 0.0 1.0 1.0 0.0 0.0 
1108447 1988 1 2 82 0.0 0.0 0.0 0.0 1.0 0.0 0.0 0.0 0.0 1.0 0.0 0.0 0.0 0.0 1.0 0.0 0.0 1.0 0.0 0.0 0.0 0.0 0.0 0.0 
1108447 1988 1 3 82 0.0 0.0 0.0 0.0 0.0 0.0 0.0 0.0 1.0 2.0 3.0 4.0 4.0 6.0 7.0 8.0 8.0 8.0 5.0 6.0 7.0 4.0 4.0 5.0 
1108447 1988 1 4 82 7.0 9.0 9.0 7.0 5.0 4.0 7.0 8.0 10.0 9.0 9.0 9.0 9.0 9.0 9.0 10.0 9.0 10.0 9.0 10.0 10.0 10.0 10.0 10.0 
1108447 1988 1 5 82 10.0 10.0 10.0 10.0 10.0 10.0 10.0 10.0 10.0 10.0 10.0 10.0 10.0 9.0 9.0 8.0 9.0 9.0 9.0 9.0 4.0 8.0 9.0 9.0 
1108447 1988 1 6 82 9.0 9.0 9.0 9.0 9.0 9.0 10.0 10.0 10.0 9.0 10.0 10.0 10.0 10.0 9.0 9.0 9.0 9.0 9.0 9.0 8.0 10.0 10.0 10.0 
1108447 1988 1 7 82 10.0 10.0 10.0 10.0 10.0 10.0 10.0 9.0 9.0 9.0 9.0 9.0 9.0 9.0 7.0 4.0 3.0 7.0 7.0 9.0 8.0 8.0 3.0 2.0 
1108447 1988 1 8 82 4.0 8.0 9.0 4.0 8.0 7.0 3.0 8.0 9.0 9.0 10.0 10.0 10.0 10.0 10.0 10.0 10.0 10.0 10.0 10.0 6.0 10.0 10.0 9.0 
1108447 1988 1 9 82 9.0 10.0 9.0 10.0 10.0 10.0 10.0 10.0 10.0 10.0 10.0 10.0 10.0 9.0 10.0 10.0 10.0 10.0 10.0 8.0 7.0 7.0 5.0 8.0 
1108447 1988 1 10 82 9.0 6.0 8.0 8.0 8.0 7.0 5.0 5.0 9.0 9.0 10.0 10.0 10.0 10.0 10.0 10.0 10.0 10.0 10.0 10.0 10.0 10.0 10.0 10.0 
1108447 1988 1 11 82 10.0 10.0 10.0 6.0 5.0 4.0 2.0 1.0 2.0 9.0 9.0 6.0 9.0 9.0 9.0 9.0 9.0 8.0 6.0 4.0 5.0 3.0 3.0 3.0 
1108447 1988 1 12 82 1.0 2.0 4.0 7.0 7.0 8.0 9.0 9.0 9.0 10.0 10.0 10.0 10.0 10.0 10.0 10.0 10.0 10.0 10.0 10.0 10.0 10.0 10.0 10.0 
1108447 1988 1 13 82 10.0 10.0 10.0 10.0 9.0 9.0 7.0 9.0 10.0 10.0 10.0 10.0 10.0 10.0 10.0 9.0 10.0 10.0 10.0 10.0 10.0 10.0 10.0 10.0 
1108447 1988 1 14 82 10.0 10.0 10.0 10.0 10.0 10.0 10.0 10.0 10.0 10.0 10.0 10.0 10.0 10.0 10.0 9.0 10.0 10.0 9.0 10.0 10.0 7.0 3.0 9.0 
1108447 1988 1 15 82 10.0 5.0 10.0 10.0 10.0 7.0 4.0 6.0 9.0 9.0 10.0 10.0 10.0 10.0 10.0 10.0 10.0 10.0 10.0 10.0 9.0 10.0 10.0 10.0 
1108447 1988 1 16 82 10.0 9.0 10.0 9.0 10.0 10.0 10.0 10.0 10.0 9.0 9.0 9.0 9.0 9.0 9.0 9.0 9.0 4.0 2.0 3.0 7.0 8.0 6.0 7.0 
1108447 1988 1 17 82 9.0 9.0 9.0 8.0 8.0 9.0 7.0 9.0 9.0 9.0 9.0 6.0 8.0 10.0 10.0 10.0 10.0 10.0 10.0 10.0 10.0 10.0 10.0 10.0 
1108447 1988 1 18 82 10.0 10.0 10.0 10.0 10.0 10.0 10.0 9.0 9.0 9.0 9.0 8.0 3.0 3.0 2.0 1.0 1.0 1.0 0.0 0.0 5.0 4.0 8.0 8.0 
1108447 1988 1 19 82 8.0 8.0 9.0 9.0 10.0 10.0 10.0 10.0 10.0 10.0 10.0 10.0 10.0 10.0 10.0 10.0 10.0 9.0 9.0 10.0 10.0 10.0 10.0 10.0 
1108447 1988 1 20 82 10.0 10.0 10.0 10.0 10.0 10.0 10.0 8.0 9.0 4.0 2.0 1.0 1.0 1.0 2.0 2.0 7.0 9.0 6.0 9.0 5.0 5.0 9.0 10.0 
1108447 1988 1 21 82 7.0 5.0 9.0 9.0 10.0 10.0 8.0 8.0 10.0 10.0 9.0 10.0 10.0 10.0 10.0 10.0 9.0 8.0 9.0 7.0 5.0 10.0 10.0 10.0 
1108447 1988 1 22 82 10.0 10.0 10.0 10.0 10.0 10.0 10.0 10.0 10.0 10.0 10.0 10.0 10.0 8.0 7.0 6.0 8.0 8.0 4.0 7.0 6.0 9.0 9.0 8.0 
1108447 1988 1 23 82 3.0 5.0 9.0 9.0 7.0 4.0 2.0 8.0 9.0 7.0 9.0 9.0 9.0 10.0 10.0 9.0 9.0 9.0 4.0 2.0 2.0 5.0 5.0 1.0 
1108447 1988 1 24 82 0.0 1.0 2.0 9.0 9.0 7.0 5.0 8.0 9.0 9.0 10.0 10.0 10.0 10.0 10.0 10.0 10.0 10.0 10.0 9.0 10.0 10.0 10.0 10.0 
1108447 1988 1 25 82 10.0 7.0 6.0 4.0 3.0 2.0 2.0 4.0 9.0 8.0 8.0 7.0 9.0 9.0 9.0 9.0 9.0 9.0 10.0 10.0 10.0 10.0 10.0 10.0 
1108447 1988 1 26 82 7.0 6.0 5.0 5.0 3.0 6.0 6.0 6.0 10.0 10.0 10.0 10.0 10.0 10.0 9.0 9.0 10.0 10.0 10.0 10.0 10.0 9.0 9.0 10.0 
1108447 1988 1 27 82 10.0 10.0 10.0 10.0 10.0 10.0 10.0 9.0 10.0 10.0 10.0 10.0 10.0 10.0 10.0 10.0 10.0 10.0 10.0 10.0 10.0 10.0 10.0 10.0 
1108447 1988 1 28 82 10.0 10.0 10.0 10.0 10.0 10.0 10.0 10.0 9.0 10.0 8.0 8.0 2.0 4.0 6.0 9.0 9.0 10.0 10.0 10.0 10.0 10.0 10.0 10.0 
1108447 1988 1 29 82 10.0 10.0 10.0 10.0 10.0 10.0 10.0 10.0 10.0 10.0 9.0 9.0 9.0 9.0 8.0 8.0 9.0 8.0 8.0 4.0 5.0 9.0 9.0 10.0 
1108447 1988 1 30 82 9.0 10.0 9.0 9.0 9.0 8.0 6.0 5.0 1.0 1.0 4.0 3.0 7.0 8.0 9.0 9.0 9.0 9.0 9.0 10.0 9.0 9.0 5.0 5.0 
1108447 1988 1 31 82 4.0 5.0 6.0 6.0 6.0 5.0 8.0 4.0 5.0 7.0 9.0 5.0 2.0 1.0 1.0 1.0 0.0 0.0 0.0 0.0 0.0 0.0 0.0 0.0 
1108447 1988 2 1 82 0.0 0.0 0.0 1.0 1.0 0.0 0.0 1.0 1.0 4.0 8.0 9.0 9.0 9.0 9.0 9.0 10.0 9.0 7.0 3.0 2.0 8.0 7.0 9.0 
1108447 1988 2 2 82 9.0 9.0 9.0 10.0 10.0 10.0 10.0 10.0 10.0 10.0 10.0 10.0 10.0 10.0 10.0 10.0 10.0 10.0 10.0 10.0 10.0 10.0 10.0 9.0 
1108447 1988 2 3 82 9.0 9.0 9.0 10.0 9.0 9.0 9.0 9.0 9.0 9.0 9.0 10.0 10.0 10.0 10.0 10.0 10.0 10.0 10.0 10.0 9.0 10.0 10.0 10.0 
1108447 1988 2 4 82 10.0 10.0 10.0 10.0 10.0 10.0 10.0 10.0 10.0 10.0 10.0 10.0 10.0 10.0 9.0 8.0 9.0 6.0 8.0 8.0 10.0 10.0 10.0 10.0 
1108447 1988 2 5 82 10.0 10.0 10.0 10.0 10.0 10.0 10.0 10.0 10.0 10.0 10.0 9.0 10.0 10.0 10.0 10.0 10.0 10.0 10.0 10.0 10.0 10.0 10.0 10.0 
1108447 1988 2 6 82 10.0 10.0 10.0 10.0 10.0 10.0 10.0 10.0 10.0 10.0 10.0 10.0 10.0 10.0 10.0 10.0 10.0 10.0 10.0 10.0 10.0 10.0 10.0 10.0 
1108447 1988 2 7 82 10.0 10.0 10.0 10.0 10.0 10.0 10.0 10.0 10.0 10.0 10.0 10.0 9.0 9.0 10.0 10.0 10.0 10.0 9.0 9.0 9.0 10.0 10.0 4.0 
1108447 1988 2 8 82 9.0 10.0 9.0 10.0 6.0 9.0 9.0 9.0 10.0 10.0 10.0 10.0 10.0 10.0 10.0 10.0 10.0 10.0 10.0 10.0 10.0 10.0 10.0 10.0 
1108447 1988 2 9 82 10.0 8.0 8.0 10.0 10.0 10.0 10.0 9.0 10.0 9.0 9.0 10.0 10.0 9.0 7.0 8.0 8.0 9.0 9.0 9.0 6.0 4.0 9.0 8.0 
1108447 1988 2 10 82 9.0 10.0 10.0 10.0 10.0 10.0 10.0 10.0 10.0 10.0 10.0 10.0 10.0 10.0 10.0 10.0 9.0 8.0 9.0 10.0 10.0 10.0 9.0 10.0 
1108447 1988 2 11 82 10.0 10.0 10.0 10.0 10.0 10.0 10.0 9.0 9.0 10.0 10.0 9.0 10.0 9.0 9.0 9.0 10.0 10.0 9.0 10.0 10.0 10.0 10.0 10.0 
1108447 1988 2 12 82 10.0 10.0 10.0 10.0 10.0 10.0 10.0 9.0 9.0 9.0 9.0 10.0 10.0 10.0 10.0 10.0 10.0 9.0 10.0 10.0 10.0 10.0 6.0 7.0 
1108447 1988 2 13 82 9.0 9.0 3.0 2.0 3.0 1.0 1.0 2.0 6.0 10.0 10.0 10.0 10.0 10.0 10.0 9.0 10.0 10.0 10.0 10.0 10.0 10.0 10.0 10.0 
1108447 1988 2 14 82 10.0 10.0 10.0 10.0 10.0 10.0 10.0 10.0 10.0 10.0 10.0 10.0 10.0 10.0 10.0 10.0 10.0 10.0 9.0 9.0 8.0 5.0 6.0 4.0 
1108447 1988 2 15 82 4.0 4.0 1.0 4.0 3.0 3.0 2.0 4.0 4.0 7.0 6.0 7.0 6.0 7.0 6.0 7.0 9.0 8.0 9.0 8.0 7.0 3.0 1.0 1.0 
1108447 1988 2 16 82 1.0 0.0 0.0 0.0 0.0 0.0 0.0 1.0 6.0 6.0 8.0 10.0 10.0 10.0 9.0 9.0 9.0 9.0 10.0 10.0 10.0 10.0 10.0 10.0 
1108447 1988 2 17 82 9.0 9.0 9.0 10.0 10.0 10.0 10.0 10.0 9.0 10.0 9.0 8.0 7.0 6.0 4.0 4.0 4.0 6.0 7.0 6.0 8.0 5.0 2.0 0.0 
1108447 1988 2 18 82 0.0 0.0 3.0 5.0 6.0 7.0 9.0 10.0 9.0 9.0 9.0 9.0 10.0 10.0 10.0 10.0 10.0 10.0 10.0 10.0 9.0 10.0 10.0 10.0 
1108447 1988 2 19 82 10.0 10.0 10.0 10.0 10.0 10.0 10.0 10.0 10.0 10.0 10.0 10.0 10.0 10.0 10.0 10.0 9.0 9.0 9.0 9.0 3.0 7.0 9.0 7.0 
1108447 1988 2 20 82 6.0 8.0 9.0 10.0 9.0 9.0 9.0 9.0 9.0 9.0 5.0 4.0 6.0 6.0 6.0 10.0 10.0 10.0 10.0 7.0 8.0 10.0 10.0 9.0 
1108447 1988 2 21 82 4.0 4.0 3.0 4.0 6.0 8.0 10.0 10.0 9.0 9.0 9.0 9.0 9.0 9.0 6.0 6.0 6.0 8.0 8.0 6.0 3.0 2.0 2.0 3.0 
1108447 1988 2 22 82 3.0 5.0 7.0 6.0 6.0 3.0 3.0 4.0 8.0 8.0 7.0 9.0 9.0 9.0 9.0 9.0 8.0 8.0 6.0 4.0 2.0 0.0 2.0 2.0 
1108447 1988 2 23 82 0.0 0.0 0.0 0.0 0.0 1.0 2.0 6.0 9.0 9.0 10.0 10.0 9.0 9.0 10.0 9.0 9.0 8.0 7.0 5.0 5.0 6.0 9.0 9.0 
1108447 1988 2 24 82 8.0 8.0 8.0 8.0 9.0 9.0 8.0 5.0 5.0 5.0 3.0 3.0 6.0 9.0 9.0 6.0 8.0 9.0 6.0 6.0 6.0 8.0 5.0 8.0 
1108447 1988 2 25 82 10.0 7.0 3.0 3.0 2.0 7.0 7.0 8.0 9.0 10.0 10.0 10.0 10.0 10.0 10.0 10.0 10.0 10.0 10.0 10.0 10.0 9.0 10.0 9.0 
1108447 1988 2 26 82 8.0 8.0 9.0 9.0 10.0 10.0 10.0 9.0 9.0 10.0 10.0 10.0 10.0 10.0 10.0 10.0 10.0 9.0 9.0 7.0 9.0 8.0 8.0 9.0 
1108447 1988 2 27 82 9.0 9.0 9.0 9.0 10.0 9.0 10.0 10.0 5.0 5.0 9.0 9.0 4.0 4.0 1.0 2.0 1.0 1.0 2.0 0.0 0.0 0.0 0.0 0.0 
1108447 1988 2 28 82 0.0 0.0 1.0 2.0 3.0 4.0 4.0 5.0 7.0 7.0 8.0 9.0 8.0 9.0 9.0 9.0 9.0 9.0 9.0 7.0 8.0 9.0 9.0 8.0 
1108447 1988 2 29 82 8.0 10.0 10.0 10.0 10.0 10.0 10.0 10.0 10.0 10.0 10.0 10.0 10.0 10.0 10.0 10.0 10.0 10.0 10.0 10.0 10.0 9.0 10.0 10.0 
1108447 1988 3 1 82 10.0 10.0 10.0 9.0 9.0 8.0 10.0 10.0 10.0 10.0 10.0 10.0 10.0 10.0 10.0 10.0 10.0 10.0 10.0 10.0 10.0 10.0 10.0 10.0 
1108447 1988 3 2 82 10.0 10.0 10.0 10.0 10.0 10.0 10.0 10.0 10.0 10.0 10.0 10.0 10.0 10.0 10.0 10.0 10.0 10.0 9.0 6.0 4.0 4.0 9.0 9.0 
1108447 1988 3 3 82 8.0 8.0 7.0 4.0 5.0 6.0 3.0 4.0 9.0 9.0 9.0 3.0 3.0 3.0 3.0 4.0 8.0 9.0 10.0 7.0 9.0 9.0 9.0 5.0 
1108447 1988 3 4 82 5.0 8.0 9.0 10.0 10.0 10.0 10.0 10.0 10.0 10.0 10.0 10.0 10.0 9.0 8.0 7.0 7.0 7.0 6.0 8.0 10.0 10.0 10.0 5.0 
1108447 1988 3 5 82 6.0 6.0 8.0 8.0 9.0 10.0 10.0 10.0 10.0 10.0 10.0 10.0 10.0 10.0 10.0 10.0 10.0 10.0 9.0 7.0 2.0 8.0 5.0 10.0 
1108447 1988 3 6 82 9.0 9.0 10.0 10.0 10.0 10.0 9.0 9.0 8.0 9.0 9.0 9.0 9.0 8.0 9.0 9.0 9.0 9.0 9.0 8.0 7.0 10.0 9.0 8.0 
1108447 1988 3 7 82 8.0 8.0 8.0 7.0 7.0 8.0 9.0 9.0 9.0 10.0 10.0 10.0 10.0 10.0 10.0 10.0 10.0 10.0 10.0 10.0 10.0 10.0 10.0 10.0 
1108447 1988 3 8 82 10.0 10.0 10.0 10.0 10.0 10.0 10.0 10.0 10.0 10.0 10.0 10.0 10.0 10.0 10.0 10.0 10.0 10.0 10.0 9.0 10.0 6.0 4.0 3.0 
1108447 1988 3 9 82 2.0 3.0 3.0 1.0 2.0 1.0 2.0 7.0 8.0 5.0 4.0 3.0 2.0 3.0 2.0 2.0 2.0 1.0 1.0 1.0 1.0 1.0 4.0 6.0 
1108447 1988 3 10 82 8.0 8.0 9.0 10.0 10.0 10.0 9.0 9.0 9.0 10.0 9.0 7.0 8.0 8.0 8.0 8.0 8.0 8.0 6.0 4.0 2.0 1.0 1.0 0.0 
1108447 1988 3 11 82 0.0 0.0 0.0 0.0 0.0 0.0 2.0 3.0 2.0 2.0 2.0 3.0 5.0 7.0 9.0 9.0 10.0 9.0 9.0 9.0 8.0 6.0 7.0 5.0 
1108447 1988 3 12 82 7.0 8.0 8.0 9.0 10.0 10.0 9.0 7.0 4.0 3.0 3.0 2.0 2.0 4.0 5.0 5.0 5.0 5.0 6.0 3.0 4.0 2.0 5.0 2.0 
1108447 1988 3 13 82 1.0 1.0 1.0 0.0 0.0 2.0 8.0 10.0 10.0 10.0 10.0 10.0 10.0 10.0 10.0 10.0 9.0 8.0 6.0 4.0 4.0 3.0 2.0 2.0 
1108447 1988 3 14 82 3.0 8.0 7.0 6.0 7.0 7.0 8.0 1.0 1.0 0.0 0.0 0.0 0.0 0.0 0.0 0.0 0.0 0.0 0.0 1.0 1.0 0.0 0.0 0.0 
1108447 1988 3 15 82 0.0 0.0 0.0 0.0 0.0 0.0 0.0 0.0 0.0 0.0 0.0 0.0 0.0 0.0 0.0 0.0 0.0 0.0 0.0 0.0 0.0 0.0 0.0 0.0 
1108447 1988 3 16 82 0.0 0.0 0.0 0.0 0.0 0.0 0.0 1.0 1.0 1.0 1.0 1.0 0.0 0.0 0.0 0.0 0.0 1.0 2.0 2.0 2.0 1.0 1.0 2.0 
1108447 1988 3 17 82 1.0 0.0 2.0 3.0 3.0 3.0 5.0 10.0 10.0 10.0 10.0 10.0 10.0 10.0 10.0 10.0 10.0 10.0 10.0 10.0 10.0 10.0 10.0 10.0 
1108447 1988 3 18 82 10.0 10.0 10.0 9.0 9.0 9.0 9.0 10.0 10.0 10.0 10.0 10.0 10.0 9.0 10.0 10.0 10.0 10.0 10.0 10.0 10.0 10.0 10.0 10.0 
1108447 1988 3 19 82 10.0 10.0 10.0 10.0 10.0 9.0 10.0 10.0 10.0 10.0 10.0 10.0 10.0 10.0 10.0 10.0 10.0 10.0 10.0 10.0 10.0 10.0 10.0 10.0 
1108447 1988 3 20 82 10.0 10.0 10.0 10.0 10.0 9.0 10.0 10.0 10.0 10.0 10.0 10.0 10.0 10.0 10.0 10.0 9.0 9.0 8.0 9.0 9.0 10.0 8.0 9.0 
1108447 1988 3 21 82 8.0 9.0 9.0 10.0 10.0 10.0 10.0 10.0 9.0 8.0 7.0 5.0 4.0 6.0 7.0 8.0 10.0 10.0 9.0 9.0 10.0 10.0 10.0 10.0 
1108447 1988 3 22 82 10.0 10.0 10.0 10.0 10.0 10.0 10.0 10.0 10.0 10.0 10.0 10.0 10.0 10.0 10.0 10.0 10.0 10.0 9.0 10.0 6.0 4.0 10.0 10.0 
1108447 1988 3 23 82 10.0 10.0 9.0 10.0 10.0 9.0 9.0 9.0 9.0 9.0 9.0 9.0 9.0 9.0 9.0 9.0 9.0 9.0 9.0 9.0 10.0 9.0 6.0 9.0 
1108447 1988 3 24 82 9.0 9.0 8.0 8.0 9.0 10.0 10.0 10.0 10.0 10.0 10.0 10.0 10.0 10.0 10.0 10.0 9.0 9.0 9.0 8.0 8.0 7.0 7.0 8.0 
1108447 1988 3 25 82 10.0 10.0 10.0 10.0 10.0 10.0 10.0 10.0 10.0 10.0 10.0 10.0 10.0 10.0 10.0 10.0 10.0 10.0 9.0 9.0 10.0 10.0 10.0 10.0 
1108447 1988 3 26 82 10.0 10.0 10.0 10.0 10.0 10.0 10.0 9.0 9.0 9.0 9.0 9.0 9.0 9.0 9.0 9.0 9.0 9.0 9.0 9.0 4.0 5.0 7.0 6.0 
1108447 1988 3 27 82 10.0 5.0 2.0 1.0 1.0 1.0 2.0 2.0 2.0 1.0 1.0 2.0 2.0 2.0 1.0 1.0 1.0 1.0 1.0 0.0 0.0 0.0 0.0 0.0 
1108447 1988 3 28 82 0.0 0.0 1.0 2.0 6.0 9.0 9.0 8.0 10.0 10.0 10.0 10.0 10.0 10.0 10.0 10.0 10.0 10.0 10.0 10.0 10.0 10.0 10.0 10.0 
1108447 1988 3 29 82 10.0 10.0 10.0 10.0 10.0 10.0 10.0 10.0 10.0 10.0 9.0 8.0 8.0 5.0 3.0 3.0 3.0 4.0 4.0 4.0 5.0 7.0 10.0 10.0 
1108447 1988 3 30 82 10.0 10.0 8.0 6.0 8.0 9.0 9.0 9.0 9.0 9.0 9.0 8.0 8.0 8.0 10.0 10.0 10.0 10.0 10.0 10.0 10.0 10.0 10.0 10.0 
1108447 1988 3 31 82 10.0 9.0 9.0 9.0 8.0 9.0 9.0 9.0 10.0 10.0 10.0 10.0 10.0 10.0 10.0 10.0 10.0 10.0 10.0 10.0 10.0 10.0 10.0 10.0 
1108447 1988 4 1 82 10.0 10.0 10.0 10.0 10.0 10.0 10.0 10.0 10.0 10.0 10.0 10.0 10.0 10.0 10.0 10.0 10.0 10.0 10.0 10.0 10.0 10.0 10.0 10.0 
1108447 1988 4 2 82 10.0 10.0 10.0 10.0 10.0 10.0 10.0 10.0 10.0 10.0 10.0 10.0 10.0 10.0 10.0 10.0 10.0 10.0 10.0 6.0 8.0 8.0 10.0 8.0 
1108447 1988 4 3 82 7.0 8.0 9.0 9.0 9.0 8.0 7.0 8.0 9.0 9.0 9.0 9.0 9.0 8.0 5.0 7.0 5.0 5.0 5.0 7.0 6.0 5.0 10.0 10.0 
1108447 1988 4 4 82 6.0 9.0 10.0 10.0 10.0 9.0 9.0 8.0 6.0 2.0 2.0 2.0 4.0 8.0 7.0 8.0 5.0 8.0 10.0 10.0 10.0 10.0 10.0 10.0 
1108447 1988 4 5 82 10.0 10.0 10.0 10.0 10.0 10.0 10.0 10.0 10.0 10.0 10.0 10.0 10.0 10.0 10.0 10.0 10.0 10.0 10.0 10.0 10.0 10.0 10.0 10.0 
1108447 1988 4 6 82 10.0 10.0 10.0 10.0 10.0 10.0 10.0 9.0 9.0 10.0 10.0 9.0 9.0 9.0 6.0 8.0 8.0 3.0 4.0 2.0 1.0 3.0 2.0 1.0 
1108447 1988 4 7 82 1.0 2.0 5.0 8.0 9.0 10.0 9.0 9.0 9.0 8.0 6.0 5.0 4.0 4.0 3.0 3.0 2.0 2.0 2.0 1.0 1.0 1.0 4.0 3.0 
1108447 1988 4 8 82 2.0 1.0 3.0 6.0 5.0 9.0 8.0 9.0 9.0 9.0 9.0 6.0 9.0 5.0 8.0 5.0 5.0 5.0 6.0 2.0 2.0 0.0 0.0 0.0 
1108447 1988 4 9 82 0.0 0.0 0.0 0.0 0.0 0.0 1.0 1.0 2.0 3.0 6.0 8.0 8.0 10.0 9.0 7.0 6.0 4.0 4.0 4.0 3.0 2.0 1.0 1.0 
1108447 1988 4 10 82 0.0 0.0 1.0 1.0 0.0 2.0 8.0 9.0 9.0 9.0 9.0 8.0 8.0 9.0 7.0 8.0 9.0 8.0 8.0 8.0 5.0 2.0 2.0 2.0 
1108447 1988 4 11 82 3.0 3.0 4.0 4.0 4.0 3.0 3.0 3.0 2.0 2.0 3.0 7.0 9.0 9.0 10.0 10.0 10.0 10.0 10.0 10.0 9.0 10.0 10.0 7.0 
1108447 1988 4 12 82 7.0 8.0 9.0 10.0 9.0 7.0 4.0 2.0 0.0 1.0 2.0 4.0 6.0 7.0 8.0 7.0 7.0 8.0 6.0 8.0 8.0 9.0 10.0 6.0 
1108447 1988 4 13 82 9.0 9.0 9.0 10.0 10.0 10.0 10.0 10.0 10.0 10.0 10.0 10.0 10.0 10.0 9.0 9.0 9.0 9.0 9.0 9.0 9.0 8.0 9.0 4.0 
1108447 1988 4 14 82 4.0 6.0 9.0 10.0 10.0 10.0 10.0 10.0 10.0 10.0 10.0 10.0 7.0 8.0 4.0 2.0 2.0 3.0 7.0 10.0 10.0 10.0 10.0 9.0 
1108447 1988 4 15 82 9.0 10.0 10.0 9.0 10.0 10.0 9.0 9.0 9.0 10.0 10.0 10.0 9.0 8.0 4.0 5.0 8.0 9.0 6.0 9.0 10.0 10.0 10.0 10.0 
1108447 1988 4 16 82 10.0 10.0 10.0 10.0 10.0 10.0 10.0 10.0 10.0 10.0 10.0 10.0 10.0 10.0 10.0 10.0 10.0 10.0 10.0 10.0 10.0 10.0 10.0 10.0 
1108447 1988 4 17 82 10.0 10.0 10.0 10.0 10.0 10.0 10.0 10.0 10.0 10.0 10.0 10.0 10.0 10.0 10.0 10.0 10.0 10.0 10.0 10.0 10.0 10.0 10.0 10.0 
1108447 1988 4 18 82 10.0 10.0 10.0 9.0 10.0 10.0 10.0 10.0 9.0 9.0 9.0 9.0 9.0 6.0 3.0 3.0 4.0 4.0 5.0 4.0 3.0 2.0 0.0 0.0 
1108447 1988 4 19 82 2.0 3.0 2.0 8.0 8.0 9.0 9.0 10.0 9.0 9.0 9.0 8.0 8.0 8.0 7.0 8.0 8.0 8.0 6.0 3.0 1.0 1.0 0.0 0.0 
1108447 1988 4 20 82 0.0 0.0 0.0 0.0 0.0 0.0 1.0 0.0 0.0 1.0 0.0 0.0 1.0 0.0 0.0 0.0 0.0 0.0 0.0 0.0 0.0 0.0 0.0 0.0 
1108447 1988 4 21 82 0.0 0.0 0.0 0.0 0.0 0.0 0.0 0.0 1.0 2.0 1.0 1.0 1.0 2.0 2.0 4.0 2.0 1.0 1.0 4.0 9.0 8.0 9.0 10.0 
1108447 1988 4 22 82 10.0 10.0 10.0 10.0 10.0 10.0 10.0 10.0 10.0 10.0 10.0 9.0 8.0 7.0 6.0 4.0 3.0 9.0 10.0 10.0 10.0 10.0 10.0 10.0 
1108447 1988 4 23 82 10.0 10.0 10.0 10.0 10.0 10.0 10.0 9.0 9.0 9.0 8.0 9.0 9.0 5.0 6.0 8.0 8.0 9.0 8.0 7.0 6.0 5.0 7.0 8.0 
1108447 1988 4 24 82 9.0 10.0 10.0 9.0 10.0 10.0 10.0 9.0 10.0 10.0 10.0 10.0 9.0 10.0 8.0 10.0 10.0 9.0 7.0 8.0 7.0 8.0 8.0 8.0 
1108447 1988 4 25 82 7.0 9.0 9.0 9.0 9.0 10.0 10.0 10.0 10.0 10.0 10.0 10.0 10.0 10.0 10.0 10.0 10.0 9.0 9.0 9.0 9.0 3.0 1.0 2.0 
1108447 1988 4 26 82 1.0 0.0 1.0 1.0 1.0 1.0 0.0 0.0 0.0 0.0 0.0 0.0 0.0 0.0 0.0 0.0 0.0 0.0 0.0 1.0 1.0 1.0 0.0 1.0 
1108447 1988 4 27 82 2.0 10.0 10.0 10.0 9.0 7.0 9.0 9.0 9.0 10.0 10.0 10.0 10.0 10.0 10.0 10.0 10.0 10.0 10.0 10.0 10.0 10.0 10.0 10.0 
1108447 1988 4 28 82 10.0 10.0 10.0 10.0 10.0 10.0 10.0 10.0 10.0 10.0 10.0 10.0 10.0 10.0 10.0 9.0 10.0 10.0 9.0 9.0 9.0 9.0 10.0 10.0 
1108447 1988 4 29 82 10.0 10.0 10.0 9.0 9.0 9.0 8.0 9.0 9.0 10.0 10.0 10.0 7.0 9.0 7.0 6.0 8.0 9.0 10.0 10.0 10.0 10.0 10.0 10.0 
1108447 1988 4 30 82 10.0 10.0 10.0 8.0 9.0 9.0 10.0 10.0 9.0 10.0 10.0 9.0 9.0 8.0 8.0 9.0 8.0 6.0 6.0 4.0 5.0 2.0 2.0 3.0 
1108447 1988 5 1 82 4.0 6.0 7.0 8.0 6.0 5.0 4.0 9.0 9.0 5.0 10.0 10.0 10.0 10.0 10.0 10.0 10.0 10.0 10.0 10.0 10.0 10.0 10.0 10.0 
1108447 1988 5 2 82 10.0 10.0 10.0 10.0 10.0 10.0 10.0 10.0 10.0 10.0 10.0 10.0 10.0 10.0 10.0 10.0 9.0 10.0 10.0 10.0 10.0 10.0 10.0 10.0 
1108447 1988 5 3 82 10.0 10.0 10.0 9.0 10.0 10.0 10.0 9.0 9.0 9.0 9.0 9.0 9.0 7.0 6.0 5.0 7.0 8.0 9.0 8.0 6.0 7.0 8.0 8.0 
1108447 1988 5 4 82 8.0 9.0 9.0 9.0 10.0 9.0 9.0 4.0 7.0 7.0 3.0 8.0 7.0 8.0 3.0 5.0 3.0 3.0 2.0 2.0 1.0 1.0 0.0 1.0 
1108447 1988 5 5 82 2.0 2.0 1.0 4.0 6.0 7.0 9.0 7.0 6.0 7.0 7.0 8.0 8.0 8.0 8.0 7.0 9.0 9.0 10.0 10.0 10.0 9.0 10.0 10.0 
1108447 1988 5 6 82 10.0 10.0 10.0 10.0 10.0 10.0 10.0 10.0 9.0 9.0 9.0 9.0 9.0 8.0 7.0 7.0 6.0 5.0 4.0 3.0 3.0 3.0 4.0 2.0 
1108447 1988 5 7 82 3.0 5.0 3.0 6.0 3.0 4.0 1.0 0.0 0.0 0.0 0.0 1.0 0.0 1.0 1.0 1.0 0.0 0.0 0.0 0.0 0.0 0.0 0.0 0.0 
1108447 1988 5 8 82 0.0 0.0 0.0 2.0 3.0 2.0 2.0 4.0 3.0 5.0 5.0 6.0 6.0 7.0 6.0 6.0 5.0 5.0 5.0 4.0 3.0 2.0 1.0 5.0 
1108447 1988 5 9 82 7.0 7.0 4.0 2.0 2.0 7.0 9.0 10.0 10.0 10.0 10.0 10.0 9.0 10.0 10.0 10.0 10.0 10.0 10.0 9.0 10.0 10.0 10.0 10.0 
1108447 1988 5 10 82 10.0 10.0 9.0 10.0 9.0 9.0 9.0 9.0 9.0 9.0 9.0 9.0 9.0 10.0 10.0 10.0 10.0 10.0 10.0 10.0 10.0 10.0 10.0 10.0 
1108447 1988 5 11 82 10.0 10.0 10.0 10.0 10.0 10.0 10.0 10.0 10.0 10.0 10.0 10.0 10.0 10.0 10.0 10.0 10.0 10.0 10.0 10.0 9.0 8.0 7.0 7.0 
1108447 1988 5 12 82 9.0 8.0 6.0 2.0 3.0 8.0 10.0 10.0 10.0 10.0 10.0 10.0 10.0 10.0 10.0 10.0 10.0 10.0 10.0 10.0 10.0 10.0 10.0 10.0 
1108447 1988 5 13 82 10.0 10.0 10.0 10.0 10.0 10.0 10.0 10.0 10.0 9.0 10.0 10.0 10.0 10.0 9.0 9.0 9.0 9.0 10.0 10.0 10.0 10.0 10.0 10.0 
1108447 1988 5 14 82 10.0 10.0 10.0 10.0 10.0 10.0 10.0 9.0 8.0 8.0 8.0 6.0 6.0 5.0 4.0 5.0 3.0 1.0 1.0 6.0 10.0 10.0 10.0 9.0 
1108447 1988 5 15 82 9.0 9.0 10.0 10.0 10.0 10.0 10.0 10.0 10.0 10.0 10.0 10.0 9.0 9.0 9.0 10.0 10.0 10.0 10.0 10.0 10.0 10.0 10.0 10.0 
1108447 1988 5 16 82 10.0 10.0 10.0 10.0 10.0 10.0 10.0 10.0 10.0 10.0 10.0 10.0 10.0 10.0 9.0 9.0 9.0 3.0 3.0 3.0 5.0 9.0 10.0 10.0 
1108447 1988 5 17 82 10.0 10.0 10.0 10.0 10.0 9.0 9.0 9.0 8.0 9.0 9.0 8.0 10.0 9.0 10.0 9.0 9.0 10.0 10.0 10.0 10.0 10.0 10.0 10.0 
1108447 1988 5 18 82 10.0 10.0 10.0 10.0 10.0 10.0 10.0 10.0 10.0 10.0 10.0 10.0 10.0 10.0 10.0 10.0 9.0 10.0 9.0 9.0 9.0 9.0 9.0 7.0 
1108447 1988 5 19 82 7.0 6.0 9.0 8.0 9.0 9.0 10.0 10.0 10.0 9.0 9.0 9.0 9.0 9.0 7.0 10.0 9.0 8.0 8.0 8.0 4.0 3.0 1.0 3.0 
1108447 1988 5 20 82 4.0 6.0 6.0 4.0 6.0 4.0 3.0 3.0 3.0 1.0 1.0 1.0 1.0 1.0 6.0 7.0 7.0 6.0 7.0 3.0 4.0 3.0 1.0 2.0 
1108447 1988 5 21 82 3.0 4.0 4.0 3.0 4.0 7.0 7.0 7.0 9.0 7.0 6.0 9.0 10.0 10.0 9.0 8.0 9.0 9.0 9.0 9.0 8.0 8.0 8.0 8.0 
1108447 1988 5 22 82 9.0 7.0 9.0 8.0 10.0 10.0 10.0 10.0 10.0 10.0 10.0 10.0 10.0 10.0 10.0 10.0 10.0 10.0 9.0 4.0 6.0 8.0 7.0 4.0 
1108447 1988 5 23 82 3.0 8.0 3.0 7.0 3.0 3.0 9.0 5.0 9.0 9.0 10.0 10.0 10.0 10.0 10.0 10.0 9.0 10.0 10.0 9.0 9.0 9.0 9.0 4.0 
1108447 1988 5 24 82 3.0 2.0 2.0 0.0 0.0 0.0 1.0 2.0 6.0 5.0 4.0 4.0 7.0 7.0 9.0 10.0 10.0 10.0 10.0 9.0 9.0 10.0 10.0 10.0 
1108447 1988 5 25 82 10.0 10.0 10.0 10.0 10.0 10.0 9.0 9.0 9.0 8.0 7.0 6.0 8.0 9.0 9.0 9.0 9.0 9.0 6.0 6.0 6.0 8.0 5.0 9.0 
1108447 1988 5 26 82 10.0 9.0 10.0 10.0 10.0 10.0 10.0 10.0 10.0 10.0 10.0 10.0 10.0 10.0 10.0 10.0 10.0 10.0 10.0 10.0 10.0 10.0 10.0 10.0 
1108447 1988 5 27 82 10.0 10.0 10.0 10.0 10.0 10.0 10.0 10.0 10.0 10.0 10.0 10.0 10.0 10.0 10.0 10.0 10.0 10.0 10.0 10.0 10.0 10.0 10.0 10.0 
1108447 1988 5 28 82 10.0 10.0 10.0 10.0 10.0 10.0 10.0 9.0 9.0 9.0 9.0 9.0 8.0 4.0 7.0 5.0 4.0 6.0 6.0 6.0 8.0 8.0 8.0 6.0 
1108447 1988 5 29 82 5.0 8.0 9.0 9.0 9.0 7.0 7.0 9.0 4.0 6.0 5.0 3.0 3.0 3.0 2.0 1.0 1.0 1.0 1.0 1.0 1.0 1.0 1.0 1.0 
1108447 1988 5 30 82 1.0 1.0 0.0 1.0 2.0 2.0 1.0 6.0 8.0 4.0 7.0 7.0 6.0 4.0 6.0 7.0 9.0 9.0 9.0 9.0 10.0 10.0 10.0 10.0 
1108447 1988 5 31 82 10.0 10.0 9.0 10.0 10.0 10.0 10.0 10.0 10.0 9.0 9.0 8.0 6.0 3.0 8.0 9.0 9.0 9.0 9.0 9.0 9.0 9.0 9.0 9.0 
1108447 1988 6 1 82 10.0 10.0 10.0 10.0 10.0 10.0 10.0 10.0 10.0 10.0 10.0 8.0 9.0 10.0 9.0 8.0 9.0 9.0 5.0 9.0 8.0 6.0 7.0 8.0 
1108447 1988 6 2 82 9.0 10.0 10.0 10.0 10.0 10.0 10.0 10.0 10.0 10.0 10.0 10.0 10.0 10.0 10.0 10.0 10.0 10.0 10.0 9.0 9.0 9.0 9.0 7.0 
1108447 1988 6 3 82 7.0 8.0 8.0 9.0 8.0 6.0 5.0 8.0 9.0 6.0 2.0 4.0 2.0 1.0 1.0 1.0 1.0 1.0 1.0 1.0 1.0 0.0 0.0 1.0 
1108447 1988 6 4 82 1.0 2.0 6.0 10.0 10.0 10.0 10.0 9.0 9.0 9.0 9.0 6.0 8.0 8.0 9.0 9.0 5.0 5.0 6.0 7.0 3.0 2.0 4.0 3.0 
1108447 1988 6 5 82 1.0 1.0 1.0 2.0 2.0 9.0 5.0 8.0 9.0 7.0 5.0 7.0 5.0 3.0 9.0 7.0 8.0 9.0 9.0 9.0 4.0 5.0 7.0 8.0 
1108447 1988 6 6 82 10.0 10.0 10.0 10.0 10.0 10.0 10.0 10.0 10.0 10.0 10.0 10.0 10.0 9.0 7.0 7.0 6.0 9.0 9.0 9.0 9.0 3.0 6.0 7.0 
1108447 1988 6 7 82 10.0 8.0 9.0 8.0 10.0 9.0 10.0 10.0 10.0 10.0 9.0 9.0 10.0 10.0 10.0 10.0 10.0 10.0 10.0 10.0 10.0 10.0 10.0 10.0 
1108447 1988 6 8 82 10.0 10.0 10.0 8.0 9.0 9.0 9.0 6.0 7.0 8.0 6.0 4.0 5.0 5.0 3.0 3.0 3.0 5.0 8.0 8.0 8.0 7.0 7.0 7.0 
1108447 1988 6 9 82 8.0 7.0 5.0 3.0 5.0 3.0 4.0 8.0 8.0 9.0 9.0 9.0 10.0 10.0 10.0 9.0 9.0 9.0 10.0 9.0 10.0 10.0 10.0 10.0 
1108447 1988 6 10 82 10.0 10.0 10.0 10.0 10.0 10.0 10.0 10.0 10.0 10.0 10.0 10.0 10.0 9.0 9.0 8.0 9.0 9.0 5.0 2.0 2.0 2.0 1.0 2.0 
1108447 1988 6 11 82 3.0 3.0 3.0 3.0 2.0 3.0 4.0 2.0 1.0 7.0 9.0 9.0 2.0 1.0 1.0 1.0 2.0 2.0 1.0 2.0 1.0 2.0 2.0 2.0 
1108447 1988 6 12 82 3.0 4.0 7.0 7.0 2.0 1.0 0.0 0.0 0.0 0.0 0.0 0.0 0.0 1.0 2.0 3.0 6.0 1.0 1.0 0.0 0.0 0.0 0.0 1.0 
1108447 1988 6 13 82 0.0 0.0 0.0 1.0 2.0 3.0 7.0 9.0 10.0 10.0 9.0 8.0 3.0 1.0 1.0 3.0 3.0 1.0 1.0 0.0 0.0 0.0 0.0 0.0 
1108447 1988 6 14 82 0.0 0.0 1.0 0.0 0.0 2.0 2.0 5.0 6.0 7.0 8.0 7.0 8.0 8.0 9.0 9.0 7.0 6.0 6.0 9.0 10.0 10.0 9.0 9.0 
1108447 1988 6 15 82 9.0 6.0 7.0 4.0 3.0 8.0 5.0 1.0 1.0 1.0 3.0 8.0 8.0 7.0 8.0 8.0 7.0 8.0 9.0 9.0 9.0 8.0 8.0 3.0 
1108447 1988 6 16 82 4.0 3.0 3.0 1.0 2.0 2.0 3.0 4.0 8.0 9.0 9.0 9.0 10.0 10.0 9.0 6.0 8.0 8.0 9.0 9.0 9.0 9.0 8.0 5.0 
1108447 1988 6 17 82 9.0 10.0 10.0 10.0 10.0 10.0 10.0 10.0 10.0 10.0 10.0 10.0 10.0 10.0 10.0 10.0 10.0 10.0 10.0 10.0 10.0 10.0 10.0 9.0 
1108447 1988 6 18 82 10.0 10.0 10.0 9.0 9.0 9.0 9.0 8.0 6.0 5.0 4.0 4.0 7.0 4.0 4.0 5.0 4.0 3.0 3.0 2.0 2.0 2.0 2.0 4.0 
1108447 1988 6 19 82 4.0 6.0 7.0 7.0 8.0 8.0 9.0 9.0 8.0 7.0 5.0 6.0 8.0 7.0 7.0 6.0 8.0 9.0 9.0 9.0 9.0 9.0 10.0 10.0 
1108447 1988 6 20 82 10.0 10.0 10.0 9.0 9.0 8.0 7.0 6.0 5.0 6.0 4.0 3.0 4.0 3.0 6.0 9.0 4.0 4.0 7.0 8.0 9.0 8.0 6.0 4.0 
1108447 1988 6 21 82 4.0 6.0 8.0 9.0 10.0 10.0 10.0 10.0 9.0 9.0 9.0 9.0 10.0 10.0 10.0 10.0 10.0 10.0 10.0 10.0 10.0 10.0 10.0 10.0 
1108447 1988 6 22 82 10.0 10.0 10.0 10.0 7.0 9.0 8.0 9.0 10.0 9.0 10.0 10.0 9.0 9.0 9.0 10.0 10.0 10.0 9.0 9.0 8.0 10.0 9.0 8.0 
1108447 1988 6 23 82 9.0 10.0 10.0 8.0 2.0 3.0 9.0 10.0 9.0 10.0 10.0 10.0 10.0 10.0 9.0 10.0 10.0 9.0 9.0 7.0 7.0 9.0 9.0 7.0 
1108447 1988 6 24 82 4.0 4.0 2.0 2.0 2.0 2.0 0.0 1.0 2.0 3.0 2.0 3.0 7.0 3.0 1.0 1.0 1.0 1.0 2.0 1.0 1.0 2.0 1.0 0.0 
1108447 1988 6 25 82 0.0 0.0 9.0 8.0 9.0 6.0 7.0 6.0 7.0 8.0 7.0 8.0 8.0 9.0 9.0 10.0 9.0 9.0 10.0 10.0 10.0 9.0 9.0 9.0 
1108447 1988 6 26 82 10.0 9.0 10.0 8.0 7.0 8.0 9.0 7.0 9.0 9.0 9.0 9.0 10.0 10.0 9.0 8.0 6.0 5.0 4.0 9.0 8.0 8.0 4.0 9.0 
1108447 1988 6 27 82 9.0 9.0 9.0 9.0 10.0 9.0 9.0 8.0 9.0 9.0 7.0 7.0 5.0 3.0 3.0 4.0 4.0 4.0 6.0 8.0 8.0 8.0 8.0 6.0 
1108447 1988 6 28 82 5.0 3.0 2.0 6.0 10.0 10.0 9.0 9.0 9.0 10.0 10.0 10.0 10.0 10.0 10.0 9.0 9.0 9.0 8.0 5.0 8.0 8.0 9.0 8.0 
1108447 1988 6 29 82 8.0 9.0 9.0 7.0 6.0 4.0 2.0 7.0 8.0 9.0 9.0 7.0 8.0 7.0 6.0 6.0 6.0 7.0 8.0 6.0 7.0 7.0 8.0 8.0 
1108447 1988 6 30 82 8.0 9.0 9.0 9.0 10.0 10.0 10.0 10.0 10.0 10.0 10.0 10.0 9.0 9.0 9.0 9.0 10.0 10.0 10.0 9.0 9.0 9.0 10.0 10.0 
1108447 1988 7 1 82 10.0 10.0 9.0 9.0 10.0 9.0 10.0 10.0 10.0 10.0 10.0 10.0 10.0 10.0 10.0 10.0 10.0 10.0 10.0 10.0 10.0 10.0 10.0 10.0 
1108447 1988 7 2 82 10.0 10.0 10.0 10.0 10.0 9.0 9.0 9.0 9.0 8.0 8.0 5.0 5.0 3.0 3.0 3.0 3.0 3.0 3.0 6.0 8.0 9.0 9.0 3.0 
1108447 1988 7 3 82 9.0 9.0 9.0 9.0 10.0 9.0 9.0 9.0 8.0 7.0 5.0 6.0 7.0 5.0 6.0 7.0 7.0 9.0 9.0 9.0 8.0 7.0 6.0 6.0 
1108447 1988 7 4 82 7.0 6.0 7.0 7.0 7.0 10.0 10.0 10.0 10.0 10.0 10.0 10.0 10.0 10.0 10.0 9.0 4.0 1.0 2.0 2.0 7.0 9.0 9.0 9.0 
1108447 1988 7 5 82 9.0 10.0 8.0 9.0 8.0 10.0 10.0 10.0 10.0 10.0 10.0 10.0 10.0 10.0 9.0 9.0 9.0 10.0 9.0 9.0 10.0 10.0 10.0 10.0 
1108447 1988 7 6 82 10.0 10.0 10.0 10.0 10.0 10.0 10.0 10.0 10.0 10.0 9.0 9.0 8.0 6.0 5.0 4.0 7.0 8.0 9.0 4.0 2.0 1.0 0.0 1.0 
1108447 1988 7 7 82 1.0 2.0 2.0 3.0 3.0 2.0 1.0 0.0 2.0 4.0 2.0 0.0 0.0 0.0 1.0 1.0 2.0 2.0 2.0 2.0 2.0 2.0 2.0 2.0 
1108447 1988 7 8 82 3.0 4.0 2.0 3.0 4.0 6.0 8.0 10.0 9.0 8.0 4.0 1.0 1.0 1.0 1.0 1.0 1.0 2.0 2.0 2.0 7.0 9.0 10.0 10.0 
1108447 1988 7 9 82 9.0 9.0 8.0 9.0 9.0 7.0 7.0 5.0 4.0 4.0 4.0 3.0 5.0 4.0 4.0 5.0 7.0 7.0 4.0 8.0 8.0 5.0 9.0 9.0 
1108447 1988 7 10 82 9.0 9.0 8.0 5.0 8.0 9.0 9.0 10.0 10.0 9.0 9.0 8.0 9.0 7.0 4.0 10.0 10.0 9.0 7.0 10.0 8.0 10.0 10.0 10.0 
1108447 1988 7 11 82 10.0 10.0 10.0 10.0 10.0 10.0 10.0 10.0 10.0 10.0 10.0 10.0 10.0 10.0 10.0 10.0 9.0 10.0 10.0 9.0 9.0 9.0 9.0 10.0 
1108447 1988 7 12 82 10.0 10.0 10.0 10.0 10.0 10.0 10.0 10.0 10.0 10.0 10.0 10.0 10.0 10.0 10.0 10.0 9.0 9.0 9.0 9.0 9.0 9.0 9.0 10.0 
1108447 1988 7 13 82 10.0 10.0 9.0 2.0 5.0 4.0 6.0 8.0 9.0 8.0 9.0 9.0 9.0 9.0 9.0 9.0 8.0 6.0 6.0 3.0 2.0 3.0 3.0 8.0 
1108447 1988 7 14 82 4.0 5.0 5.0 6.0 6.0 5.0 5.0 3.0 2.0 3.0 5.0 9.0 9.0 9.0 9.0 10.0 9.0 8.0 8.0 8.0 6.0 5.0 8.0 7.0 
1108447 1988 7 15 82 8.0 9.0 9.0 8.0 9.0 8.0 9.0 9.0 9.0 9.0 8.0 6.0 3.0 3.0 3.0 4.0 3.0 3.0 6.0 3.0 1.0 1.0 1.0 1.0 
1108447 1988 7 16 82 0.0 0.0 0.0 0.0 1.0 1.0 1.0 1.0 1.0 2.0 1.0 1.0 3.0 8.0 8.0 8.0 4.0 2.0 2.0 7.0 8.0 3.0 1.0 1.0 
1108447 1988 7 17 82 0.0 0.0 0.0 0.0 0.0 0.0 0.0 0.0 0.0 1.0 1.0 1.0 1.0 3.0 1.0 0.0 0.0 0.0 0.0 0.0 0.0 0.0 0.0 0.0 
1108447 1988 7 18 82 0.0 0.0 0.0 0.0 0.0 0.0 0.0 0.0 0.0 0.0 0.0 0.0 0.0 0.0 0.0 0.0 0.0 0.0 0.0 0.0 0.0 0.0 0.0 0.0 
1108447 1988 7 19 82 0.0 0.0 0.0 0.0 0.0 0.0 0.0 0.0 0.0 0.0 0.0 0.0 0.0 0.0 0.0 0.0 0.0 0.0 0.0 0.0 0.0 0.0 0.0 0.0 
1108447 1988 7 20 82 0.0 0.0 0.0 0.0 0.0 0.0 0.0 0.0 0.0 0.0 0.0 0.0 0.0 0.0 0.0 0.0 0.0 0.0 0.0 0.0 0.0 0.0 0.0 0.0 
1108447 1988 7 21 82 0.0 0.0 0.0 0.0 0.0 0.0 0.0 1.0 9.0 10.0 8.0 4.0 3.0 1.0 0.0 0.0 0.0 0.0 0.0 0.0 0.0 0.0 0.0 0.0 
1108447 1988 7 22 82 0.0 0.0 0.0 2.0 1.0 3.0 7.0 8.0 7.0 9.0 8.0 4.0 3.0 1.0 1.0 1.0 1.0 1.0 1.0 3.0 4.0 7.0 7.0 4.0 
1108447 1988 7 23 82 0.0 0.0 0.0 0.0 2.0 8.0 8.0 8.0 8.0 6.0 6.0 7.0 5.0 7.0 9.0 9.0 7.0 5.0 4.0 3.0 2.0 1.0 0.0 0.0 
1108447 1988 7 24 82 0.0 0.0 0.0 0.0 0.0 0.0 0.0 0.0 0.0 0.0 1.0 1.0 1.0 2.0 6.0 7.0 7.0 5.0 5.0 8.0 8.0 8.0 7.0 5.0 
1108447 1988 7 25 82 3.0 8.0 5.0 3.0 7.0 9.0 9.0 9.0 10.0 9.0 9.0 8.0 7.0 7.0 5.0 4.0 2.0 0.0 0.0 0.0 0.0 0.0 0.0 0.0 
1108447 1988 7 26 82 0.0 0.0 0.0 0.0 0.0 1.0 1.0 1.0 2.0 2.0 3.0 5.0 7.0 8.0 8.0 8.0 9.0 9.0 9.0 9.0 9.0 9.0 10.0 10.0 
1108447 1988 7 27 82 10.0 10.0 10.0 8.0 5.0 4.0 3.0 3.0 3.0 3.0 3.0 3.0 3.0 2.0 1.0 3.0 8.0 8.0 7.0 9.0 10.0 10.0 8.0 8.0 
1108447 1988 7 28 82 7.0 9.0 9.0 7.0 9.0 10.0 10.0 9.0 8.0 9.0 9.0 9.0 9.0 9.0 9.0 9.0 10.0 10.0 10.0 10.0 8.0 9.0 9.0 7.0 
1108447 1988 7 29 82 6.0 2.0 2.0 8.0 7.0 7.0 6.0 6.0 7.0 2.0 2.0 2.0 2.0 2.0 4.0 4.0 3.0 1.0 0.0 1.0 3.0 1.0 0.0 0.0 
1108447 1988 7 30 82 7.0 8.0 8.0 7.0 5.0 7.0 6.0 4.0 7.0 5.0 4.0 1.0 1.0 1.0 1.0 1.0 1.0 1.0 1.0 1.0 2.0 1.0 0.0 0.0 
1108447 1988 7 31 82 0.0 0.0 0.0 3.0 3.0 3.0 6.0 8.0 8.0 7.0 4.0 3.0 2.0 2.0 2.0 1.0 1.0 1.0 3.0 6.0 7.0 8.0 9.0 9.0 
1108447 1988 8 1 82 9.0 5.0 3.0 3.0 3.0 1.0 0.0 1.0 5.0 3.0 2.0 2.0 2.0 2.0 3.0 3.0 2.0 2.0 1.0 1.0 2.0 2.0 1.0 2.0 
1108447 1988 8 2 82 1.0 1.0 2.0 1.0 1.0 1.0 0.0 0.0 0.0 0.0 0.0 0.0 1.0 1.0 1.0 1.0 2.0 3.0 5.0 8.0 8.0 8.0 5.0 2.0 
1108447 1988 8 3 82 0.0 1.0 2.0 3.0 2.0 5.0 4.0 0.0 0.0 0.0 0.0 0.0 0.0 0.0 0.0 0.0 0.0 1.0 2.0 4.0 3.0 2.0 1.0 2.0 
1108447 1988 8 4 82 1.0 0.0 0.0 0.0 1.0 2.0 1.0 0.0 0.0 0.0 1.0 1.0 2.0 3.0 7.0 8.0 8.0 8.0 8.0 9.0 10.0 10.0 10.0 7.0 
1108447 1988 8 5 82 4.0 7.0 8.0 9.0 7.0 7.0 9.0 10.0 10.0 10.0 9.0 9.0 9.0 9.0 9.0 9.0 9.0 9.0 8.0 9.0 9.0 9.0 3.0 4.0 
1108447 1988 8 6 82 6.0 5.0 8.0 9.0 9.0 10.0 9.0 9.0 9.0 10.0 10.0 10.0 10.0 10.0 9.0 9.0 5.0 4.0 9.0 9.0 10.0 10.0 8.0 3.0 
1108447 1988 8 7 82 3.0 2.0 2.0 3.0 7.0 7.0 3.0 1.0 1.0 3.0 6.0 8.0 8.0 8.0 7.0 8.0 9.0 10.0 10.0 9.0 10.0 10.0 10.0 10.0 
1108447 1988 8 8 82 10.0 10.0 10.0 10.0 10.0 10.0 10.0 9.0 10.0 10.0 10.0 10.0 9.0 10.0 10.0 10.0 10.0 10.0 9.0 9.0 9.0 9.0 9.0 9.0 
1108447 1988 8 9 82 9.0 10.0 10.0 10.0 10.0 10.0 10.0 9.0 9.0 9.0 9.0 8.0 9.0 8.0 8.0 8.0 8.0 5.0 1.0 1.0 2.0 2.0 3.0 0.0 
1108447 1988 8 10 82 0.0 1.0 1.0 1.0 4.0 9.0 8.0 9.0 8.0 9.0 9.0 8.0 4.0 1.0 1.0 2.0 2.0 1.0 1.0 0.0 0.0 0.0 0.0 0.0 
1108447 1988 8 11 82 0.0 2.0 2.0 1.0 1.0 1.0 1.0 1.0 1.0 2.0 3.0 2.0 5.0 8.0 4.0 5.0 8.0 9.0 9.0 9.0 8.0 7.0 6.0 1.0 
1108447 1988 8 12 82 1.0 1.0 1.0 1.0 1.0 1.0 1.0 1.0 1.0 1.0 1.0 1.0 0.0 0.0 0.0 0.0 0.0 0.0 1.0 3.0 8.0 6.0 2.0 2.0 
1108447 1988 8 13 82 4.0 9.0 9.0 10.0 9.0 9.0 9.0 9.0 8.0 8.0 7.0 2.0 4.0 7.0 6.0 2.0 7.0 8.0 1.0 1.0 1.0 2.0 1.0 1.0 
1108447 1988 8 14 82 5.0 4.0 6.0 6.0 9.0 9.0 6.0 8.0 10.0 10.0 10.0 10.0 10.0 9.0 8.0 8.0 8.0 10.0 10.0 10.0 9.0 9.0 8.0 8.0 
1108447 1988 8 15 82 8.0 6.0 4.0 3.0 3.0 8.0 10.0 10.0 10.0 10.0 10.0 10.0 10.0 10.0 10.0 10.0 10.0 10.0 10.0 10.0 10.0 10.0 10.0 10.0 
1108447 1988 8 16 82 10.0 10.0 10.0 10.0 10.0 10.0 10.0 10.0 10.0 10.0 10.0 9.0 9.0 9.0 10.0 10.0 9.0 7.0 7.0 5.0 8.0 8.0 7.0 8.0 
1108447 1988 8 17 82 8.0 8.0 9.0 9.0 8.0 9.0 9.0 9.0 8.0 7.0 7.0 8.0 6.0 7.0 8.0 8.0 9.0 8.0 9.0 8.0 9.0 6.0 2.0 5.0 
1108447 1988 8 18 82 8.0 7.0 7.0 9.0 9.0 9.0 6.0 9.0 9.0 6.0 6.0 4.0 2.0 4.0 7.0 7.0 9.0 9.0 9.0 9.0 10.0 10.0 10.0 10.0 
1108447 1988 8 19 82 10.0 10.0 10.0 10.0 10.0 10.0 10.0 10.0 10.0 10.0 10.0 10.0 9.0 6.0 4.0 4.0 4.0 1.0 6.0 5.0 3.0 0.0 0.0 0.0 
1108447 1988 8 20 82 0.0 0.0 1.0 2.0 4.0 9.0 9.0 9.0 9.0 9.0 9.0 8.0 6.0 8.0 7.0 6.0 4.0 2.0 1.0 0.0 0.0 0.0 0.0 0.0 
1108447 1988 8 21 82 0.0 0.0 0.0 0.0 0.0 1.0 3.0 0.0 6.0 3.0 2.0 0.0 0.0 0.0 0.0 0.0 0.0 0.0 1.0 0.0 0.0 0.0 0.0 0.0 
1108447 1988 8 22 82 0.0 0.0 0.0 0.0 0.0 0.0 0.0 0.0 0.0 0.0 0.0 0.0 0.0 0.0 0.0 0.0 0.0 0.0 0.0 0.0 0.0 0.0 0.0 0.0 
1108447 1988 8 23 82 0.0 0.0 0.0 0.0 0.0 0.0 0.0 0.0 0.0 0.0 0.0 0.0 0.0 0.0 0.0 0.0 0.0 0.0 0.0 0.0 0.0 0.0 0.0 0.0 
1108447 1988 8 24 82 0.0 0.0 0.0 0.0 0.0 0.0 0.0 0.0 0.0 0.0 2.0 7.0 9.0 9.0 1.0 4.0 6.0 6.0 4.0 5.0 6.0 4.0 5.0 5.0 
1108447 1988 8 25 82 7.0 8.0 8.0 6.0 3.0 6.0 6.0 3.0 9.0 5.0 2.0 1.0 2.0 2.0 2.0 5.0 6.0 6.0 4.0 3.0 2.0 3.0 3.0 0.0 
1108447 1988 8 26 82 0.0 0.0 3.0 2.0 2.0 2.0 2.0 1.0 2.0 1.0 5.0 8.0 8.0 7.0 5.0 3.0 4.0 5.0 7.0 6.0 6.0 6.0 2.0 3.0 
1108447 1988 8 27 82 3.0 2.0 0.0 0.0 0.0 0.0 4.0 3.0 2.0 4.0 5.0 2.0 2.0 3.0 3.0 8.0 8.0 9.0 5.0 10.0 10.0 8.0 8.0 0.0 
1108447 1988 8 28 82 0.0 0.0 0.0 0.0 0.0 1.0 0.0 2.0 3.0 3.0 4.0 5.0 4.0 5.0 2.0 0.0 0.0 0.0 0.0 1.0 1.0 2.0 4.0 6.0 
1108447 1988 8 29 82 7.0 7.0 5.0 8.0 8.0 9.0 9.0 9.0 7.0 3.0 5.0 1.0 0.0 1.0 1.0 3.0 2.0 3.0 1.0 2.0 1.0 0.0 0.0 0.0 
1108447 1988 8 30 82 0.0 0.0 2.0 8.0 9.0 4.0 3.0 4.0 5.0 2.0 5.0 4.0 1.0 1.0 1.0 2.0 6.0 1.0 0.0 0.0 0.0 0.0 0.0 0.0 
1108447 1988 8 31 82 0.0 0.0 0.0 0.0 0.0 0.0 0.0 1.0 0.0 2.0 9.0 9.0 9.0 8.0 5.0 3.0 0.0 0.0 1.0 1.0 0.0 0.0 0.0 0.0 
1108447 1988 9 1 82 2.0 0.0 0.0 0.0 0.0 0.0 0.0 0.0 0.0 0.0 0.0 0.0 0.0 0.0 0.0 0.0 0.0 0.0 0.0 1.0 1.0 0.0 0.0 0.0 
1108447 1988 9 2 82 0.0 0.0 0.0 0.0 0.0 0.0 0.0 0.0 0.0 0.0 0.0 0.0 0.0 0.0 0.0 0.0 0.0 0.0 0.0 1.0 0.0 0.0 0.0 0.0 
1108447 1988 9 3 82 0.0 0.0 0.0 0.0 0.0 0.0 0.0 1.0 0.0 0.0 0.0 0.0 0.0 0.0 0.0 0.0 0.0 0.0 0.0 1.0 1.0 1.0 1.0 0.0 
1108447 1988 9 4 82 0.0 0.0 0.0 1.0 4.0 6.0 4.0 2.0 1.0 2.0 3.0 3.0 3.0 2.0 1.0 1.0 1.0 2.0 3.0 8.0 8.0 2.0 1.0 0.0 
1108447 1988 9 5 82 0.0 0.0 0.0 0.0 0.0 1.0 3.0 3.0 2.0 3.0 1.0 1.0 0.0 1.0 2.0 5.0 2.0 2.0 5.0 3.0 4.0 5.0 7.0 8.0 
1108447 1988 9 6 82 9.0 10.0 8.0 9.0 10.0 10.0 10.0 10.0 10.0 10.0 9.0 9.0 9.0 8.0 8.0 9.0 9.0 3.0 3.0 8.0 7.0 9.0 5.0 5.0 
1108447 1988 9 7 82 3.0 6.0 8.0 5.0 3.0 2.0 1.0 0.0 0.0 0.0 0.0 1.0 0.0 1.0 0.0 0.0 0.0 0.0 0.0 0.0 0.0 0.0 2.0 2.0 
1108447 1988 9 8 82 1.0 0.0 0.0 7.0 9.0 9.0 9.0 9.0 9.0 9.0 9.0 9.0 9.0 9.0 8.0 7.0 1.0 2.0 5.0 5.0 8.0 7.0 8.0 6.0 
1108447 1988 9 9 82 8.0 8.0 9.0 8.0 5.0 7.0 7.0 6.0 8.0 6.0 7.0 7.0 7.0 8.0 7.0 7.0 9.0 9.0 9.0 8.0 6.0 5.0 4.0 4.0 
1108447 1988 9 10 82 2.0 0.0 0.0 0.0 0.0 0.0 0.0 0.0 1.0 3.0 1.0 2.0 0.0 0.0 0.0 0.0 0.0 0.0 0.0 0.0 0.0 0.0 0.0 0.0 
1108447 1988 9 11 82 0.0 0.0 0.0 0.0 0.0 0.0 0.0 0.0 0.0 0.0 0.0 0.0 0.0 0.0 0.0 0.0 1.0 0.0 0.0 0.0 0.0 0.0 0.0 0.0 
1108447 1988 9 12 82 0.0 0.0 0.0 0.0 0.0 0.0 1.0 4.0 2.0 4.0 4.0 3.0 2.0 1.0 1.0 2.0 3.0 3.0 3.0 2.0 1.0 3.0 2.0 1.0 
1108447 1988 9 13 82 3.0 4.0 3.0 1.0 0.0 2.0 4.0 3.0 4.0 3.0 7.0 6.0 5.0 6.0 5.0 5.0 4.0 4.0 6.0 7.0 7.0 5.0 1.0 2.0 
1108447 1988 9 14 82 4.0 3.0 4.0 3.0 4.0 6.0 8.0 7.0 7.0 5.0 3.0 1.0 1.0 0.0 0.0 1.0 2.0 2.0 2.0 2.0 0.0 0.0 3.0 2.0 
1108447 1988 9 15 82 4.0 1.0 3.0 7.0 10.0 10.0 10.0 10.0 10.0 10.0 10.0 10.0 10.0 10.0 10.0 10.0 10.0 10.0 10.0 10.0 10.0 9.0 9.0 9.0 
1108447 1988 9 16 82 9.0 9.0 8.0 7.0 8.0 7.0 4.0 5.0 4.0 4.0 7.0 3.0 2.0 1.0 1.0 1.0 1.0 9.0 9.0 9.0 10.0 10.0 10.0 10.0 
1108447 1988 9 17 82 7.0 6.0 3.0 5.0 5.0 4.0 3.0 7.0 9.0 8.0 9.0 3.0 2.0 1.0 0.0 0.0 0.0 1.0 3.0 4.0 2.0 0.0 0.0 0.0 
1108447 1988 9 18 82 0.0 0.0 0.0 4.0 0.0 3.0 9.0 9.0 10.0 10.0 10.0 10.0 10.0 10.0 10.0 10.0 10.0 10.0 10.0 10.0 10.0 10.0 10.0 10.0 
1108447 1988 9 19 82 10.0 10.0 10.0 10.0 10.0 10.0 10.0 10.0 10.0 10.0 10.0 10.0 10.0 10.0 10.0 8.0 7.0 5.0 2.0 3.0 3.0 8.0 9.0 9.0 
1108447 1988 9 20 82 9.0 5.0 5.0 3.0 1.0 4.0 4.0 2.0 1.0 1.0 1.0 1.0 0.0 0.0 0.0 1.0 0.0 0.0 0.0 1.0 0.0 1.0 2.0 2.0 
1108447 1988 9 21 82 6.0 8.0 9.0 7.0 6.0 8.0 9.0 8.0 8.0 9.0 8.0 9.0 7.0 2.0 2.0 1.0 1.0 1.0 1.0 1.0 0.0 0.0 0.0 0.0 
1108447 1988 9 22 82 1.0 0.0 0.0 2.0 0.0 5.0 10.0 10.0 10.0 10.0 8.0 10.0 8.0 8.0 6.0 8.0 7.0 8.0 9.0 9.0 10.0 10.0 10.0 10.0 
1108447 1988 9 23 82 10.0 10.0 10.0 10.0 10.0 10.0 10.0 10.0 10.0 10.0 10.0 10.0 9.0 9.0 9.0 9.0 9.0 8.0 9.0 9.0 6.0 8.0 3.0 8.0 
1108447 1988 9 24 82 7.0 8.0 8.0 8.0 9.0 10.0 10.0 10.0 10.0 10.0 10.0 10.0 10.0 10.0 10.0 10.0 10.0 10.0 10.0 10.0 10.0 10.0 10.0 10.0 
1108447 1988 9 25 82 10.0 10.0 10.0 10.0 9.0 9.0 10.0 9.0 6.0 8.0 8.0 9.0 9.0 9.0 9.0 9.0 9.0 9.0 9.0 9.0 9.0 9.0 7.0 7.0 
1108447 1988 9 26 82 10.0 10.0 10.0 10.0 10.0 10.0 10.0 10.0 10.0 10.0 10.0 10.0 10.0 10.0 10.0 10.0 10.0 10.0 10.0 10.0 10.0 10.0 10.0 10.0 
1108447 1988 9 27 82 10.0 10.0 9.0 8.0 9.0 8.0 6.0 6.0 7.0 6.0 6.0 2.0 7.0 9.0 7.0 10.0 9.0 10.0 10.0 10.0 10.0 10.0 10.0 9.0 
1108447 1988 9 28 82 10.0 10.0 10.0 10.0 10.0 10.0 10.0 10.0 10.0 10.0 10.0 10.0 10.0 10.0 10.0 10.0 10.0 9.0 10.0 9.0 9.0 8.0 8.0 3.0 
1108447 1988 9 29 82 0.0 0.0 2.0 0.0 1.0 1.0 1.0 1.0 1.0 0.0 0.0 0.0 0.0 0.0 0.0 1.0 1.0 1.0 5.0 4.0 3.0 1.0 3.0 6.0 
1108447 1988 9 30 82 6.0 9.0 8.0 0.0 0.0 9.0 10.0 10.0 10.0 10.0 10.0 10.0 9.0 2.0 0.0 1.0 1.0 2.0 2.0 2.0 1.0 1.0 1.0 0.0 
1108447 1988 10 1 82 0.0 1.0 0.0 0.0 0.0 0.0 0.0 0.0 0.0 0.0 0.0 1.0 1.0 1.0 0.0 2.0 4.0 5.0 5.0 4.0 3.0 4.0 4.0 0.0 
1108447 1988 10 2 82 0.0 0.0 0.0 0.0 7.0 5.0 9.0 9.0 9.0 10.0 10.0 10.0 9.0 8.0 7.0 7.0 8.0 9.0 7.0 6.0 4.0 1.0 2.0 1.0 
1108447 1988 10 3 82 4.0 2.0 0.0 0.0 0.0 0.0 0.0 1.0 1.0 8.0 10.0 10.0 10.0 10.0 10.0 10.0 10.0 10.0 10.0 10.0 10.0 10.0 10.0 10.0 
1108447 1988 10 4 82 10.0 10.0 10.0 10.0 10.0 10.0 10.0 10.0 10.0 10.0 10.0 10.0 10.0 10.0 10.0 10.0 10.0 10.0 10.0 10.0 10.0 10.0 10.0 10.0 
1108447 1988 10 5 82 10.0 10.0 10.0 10.0 10.0 9.0 10.0 10.0 10.0 10.0 10.0 10.0 10.0 8.0 5.0 9.0 10.0 10.0 10.0 10.0 10.0 10.0 10.0 10.0 
1108447 1988 10 6 82 10.0 10.0 10.0 10.0 10.0 10.0 10.0 10.0 10.0 10.0 10.0 10.0 10.0 10.0 10.0 10.0 5.0 9.0 7.0 3.0 7.0 10.0 10.0 10.0 
1108447 1988 10 7 82 10.0 10.0 10.0 10.0 10.0 10.0 10.0 10.0 10.0 10.0 9.0 7.0 10.0 8.0 1.0 0.0 1.0 1.0 1.0 0.0 2.0 1.0 1.0 1.0 
1108447 1988 10 8 82 9.0 8.0 9.0 9.0 10.0 10.0 10.0 10.0 10.0 10.0 10.0 10.0 10.0 10.0 10.0 10.0 10.0 10.0 8.0 10.0 10.0 10.0 3.0 3.0 
1108447 1988 10 9 82 10.0 8.0 10.0 10.0 10.0 9.0 7.0 10.0 10.0 10.0 10.0 9.0 7.0 6.0 7.0 6.0 5.0 5.0 4.0 3.0 3.0 3.0 3.0 1.0 
1108447 1988 10 10 82 1.0 2.0 0.0 3.0 1.0 1.0 1.0 1.0 0.0 0.0 0.0 0.0 0.0 0.0 0.0 0.0 0.0 0.0 0.0 0.0 0.0 0.0 0.0 0.0 
1108447 1988 10 11 82 0.0 0.0 0.0 0.0 8.0 10.0 10.0 10.0 10.0 10.0 10.0 10.0 10.0 10.0 10.0 10.0 10.0 10.0 10.0 10.0 10.0 10.0 10.0 10.0 
1108447 1988 10 12 82 10.0 10.0 10.0 10.0 10.0 10.0 10.0 10.0 10.0 10.0 10.0 10.0 9.0 9.0 9.0 10.0 10.0 10.0 10.0 10.0 10.0 10.0 10.0 10.0 
1108447 1988 10 13 82 10.0 10.0 10.0 10.0 10.0 10.0 10.0 10.0 10.0 10.0 10.0 10.0 10.0 10.0 10.0 10.0 10.0 10.0 10.0 10.0 10.0 10.0 10.0 10.0 
1108447 1988 10 14 82 10.0 10.0 10.0 10.0 10.0 10.0 10.0 10.0 10.0 10.0 10.0 10.0 10.0 10.0 10.0 10.0 10.0 10.0 10.0 10.0 10.0 10.0 10.0 10.0 
1108447 1988 10 15 82 10.0 10.0 10.0 10.0 10.0 10.0 10.0 10.0 10.0 9.0 10.0 10.0 10.0 10.0 10.0 10.0 10.0 10.0 10.0 10.0 10.0 10.0 10.0 10.0 
1108447 1988 10 16 82 10.0 10.0 10.0 9.0 10.0 10.0 9.0 10.0 10.0 10.0 10.0 10.0 9.0 10.0 9.0 9.0 6.0 4.0 3.0 2.0 1.0 1.0 2.0 1.0 
1108447 1988 10 17 82 1.0 1.0 0.0 2.0 5.0 6.0 9.0 9.0 9.0 10.0 9.0 9.0 9.0 9.0 9.0 9.0 9.0 10.0 9.0 8.0 7.0 7.0 10.0 10.0 
1108447 1988 10 18 82 10.0 10.0 9.0 10.0 10.0 10.0 10.0 10.0 10.0 10.0 10.0 10.0 10.0 10.0 10.0 10.0 10.0 10.0 10.0 10.0 10.0 10.0 10.0 10.0 
1108447 1988 10 19 82 10.0 10.0 10.0 10.0 10.0 10.0 10.0 10.0 10.0 10.0 10.0 10.0 10.0 10.0 10.0 10.0 10.0 10.0 10.0 10.0 10.0 10.0 10.0 10.0 
1108447 1988 10 20 82 10.0 10.0 10.0 10.0 10.0 10.0 10.0 10.0 10.0 10.0 10.0 10.0 9.0 8.0 8.0 10.0 10.0 10.0 10.0 10.0 10.0 10.0 10.0 10.0 
1108447 1988 10 21 82 10.0 10.0 10.0 10.0 10.0 10.0 10.0 10.0 10.0 10.0 10.0 10.0 10.0 9.0 8.0 2.0 3.0 5.0 1.0 5.0 1.0 3.0 9.0 4.0 
1108447 1988 10 22 82 8.0 8.0 9.0 9.0 9.0 7.0 9.0 9.0 9.0 10.0 10.0 10.0 10.0 10.0 10.0 10.0 10.0 10.0 10.0 10.0 10.0 10.0 10.0 9.0 
1108447 1988 10 23 82 9.0 9.0 10.0 10.0 10.0 10.0 10.0 10.0 10.0 10.0 10.0 10.0 10.0 10.0 10.0 10.0 10.0 10.0 10.0 10.0 10.0 10.0 10.0 10.0 
1108447 1988 10 24 82 10.0 10.0 10.0 10.0 10.0 10.0 10.0 10.0 10.0 10.0 10.0 10.0 9.0 9.0 10.0 10.0 10.0 9.0 8.0 7.0 3.0 2.0 2.0 2.0 
1108447 1988 10 25 82 6.0 9.0 9.0 9.0 10.0 10.0 10.0 10.0 10.0 9.0 10.0 10.0 10.0 10.0 10.0 10.0 10.0 10.0 10.0 10.0 10.0 10.0 10.0 10.0 
1108447 1988 10 26 82 10.0 8.0 5.0 6.0 5.0 1.0 4.0 1.0 1.0 1.0 1.0 1.0 1.0 1.0 1.0 2.0 2.0 2.0 0.0 0.0 0.0 0.0 0.0 0.0 
1108447 1988 10 27 82 0.0 0.0 0.0 0.0 0.0 0.0 0.0 7.0 6.0 7.0 10.0 10.0 7.0 7.0 7.0 9.0 9.0 8.0 7.0 4.0 3.0 6.0 8.0 9.0 
1108447 1988 10 28 82 9.0 10.0 10.0 9.0 10.0 10.0 9.0 9.0 9.0 7.0 10.0 9.0 9.0 4.0 1.0 2.0 3.0 3.0 1.0 1.0 4.0 6.0 7.0 9.0 
1108447 1988 10 29 82 10.0 10.0 10.0 10.0 10.0 10.0 9.0 9.0 10.0 9.0 9.0 10.0 10.0 10.0 10.0 10.0 10.0 10.0 10.0 10.0 10.0 10.0 10.0 10.0 
1108447 1988 10 30 82 10.0 10.0 10.0 9.0 10.0 10.0 10.0 10.0 10.0 10.0 9.0 9.0 10.0 10.0 10.0 10.0 10.0 10.0 10.0 10.0 10.0 10.0 10.0 10.0 
1108447 1988 10 31 82 10.0 10.0 10.0 10.0 10.0 10.0 10.0 10.0 10.0 10.0 10.0 10.0 10.0 10.0 10.0 10.0 10.0 10.0 10.0 10.0 10.0 10.0 10.0 10.0 
1108447 1988 11 1 82 9.0 9.0 9.0 9.0 10.0 10.0 10.0 10.0 10.0 10.0 10.0 9.0 9.0 9.0 8.0 6.0 6.0 8.0 9.0 7.0 3.0 3.0 1.0 8.0 
1108447 1988 11 2 82 10.0 10.0 8.0 10.0 10.0 10.0 10.0 10.0 10.0 10.0 10.0 10.0 10.0 10.0 10.0 10.0 10.0 10.0 10.0 10.0 10.0 10.0 10.0 10.0 
1108447 1988 11 3 82 10.0 10.0 10.0 8.0 9.0 10.0 10.0 9.0 9.0 9.0 9.0 9.0 9.0 9.0 9.0 9.0 9.0 10.0 10.0 10.0 10.0 10.0 9.0 10.0 
1108447 1988 11 4 82 10.0 10.0 10.0 10.0 10.0 10.0 10.0 10.0 10.0 10.0 10.0 10.0 10.0 10.0 10.0 9.0 10.0 10.0 10.0 10.0 10.0 10.0 10.0 10.0 
1108447 1988 11 5 82 10.0 10.0 10.0 10.0 10.0 10.0 10.0 10.0 10.0 10.0 10.0 10.0 10.0 10.0 10.0 10.0 10.0 10.0 10.0 10.0 10.0 10.0 5.0 9.0 
1108447 1988 11 6 82 8.0 8.0 6.0 8.0 8.0 6.0 5.0 5.0 2.0 2.0 2.0 2.0 5.0 4.0 3.0 4.0 8.0 6.0 3.0 2.0 2.0 2.0 3.0 7.0 
1108447 1988 11 7 82 8.0 8.0 9.0 9.0 10.0 10.0 10.0 10.0 10.0 10.0 10.0 10.0 10.0 9.0 10.0 10.0 10.0 10.0 10.0 9.0 10.0 10.0 10.0 9.0 
1108447 1988 11 8 82 10.0 10.0 10.0 10.0 10.0 10.0 10.0 10.0 10.0 10.0 10.0 10.0 10.0 10.0 10.0 10.0 10.0 9.0 10.0 10.0 9.0 10.0 10.0 10.0 
1108447 1988 11 9 82 9.0 10.0 9.0 9.0 6.0 9.0 5.0 7.0 10.0 10.0 10.0 10.0 10.0 10.0 10.0 10.0 10.0 10.0 10.0 10.0 10.0 10.0 10.0 10.0 
1108447 1988 11 10 82 10.0 10.0 10.0 10.0 10.0 10.0 10.0 10.0 10.0 10.0 10.0 10.0 10.0 10.0 10.0 9.0 9.0 9.0 9.0 7.0 8.0 9.0 8.0 9.0 
1108447 1988 11 11 82 6.0 5.0 3.0 3.0 3.0 2.0 0.0 2.0 6.0 9.0 9.0 9.0 9.0 9.0 10.0 10.0 10.0 10.0 10.0 10.0 10.0 10.0 10.0 10.0 
1108447 1988 11 12 82 5.0 10.0 10.0 8.0 6.0 6.0 5.0 5.0 8.0 8.0 8.0 4.0 6.0 6.0 9.0 9.0 9.0 8.0 6.0 5.0 6.0 7.0 9.0 9.0 
1108447 1988 11 13 82 3.0 3.0 6.0 9.0 9.0 9.0 9.0 6.0 1.0 1.0 1.0 1.0 0.0 0.0 0.0 0.0 0.0 1.0 1.0 0.0 0.0 0.0 0.0 0.0 
1108447 1988 11 14 82 0.0 0.0 0.0 0.0 2.0 3.0 1.0 7.0 9.0 9.0 8.0 8.0 8.0 9.0 9.0 9.0 10.0 10.0 9.0 9.0 9.0 9.0 9.0 9.0 
1108447 1988 11 15 82 10.0 10.0 10.0 10.0 10.0 10.0 10.0 10.0 10.0 10.0 10.0 10.0 10.0 10.0 10.0 10.0 9.0 10.0 10.0 10.0 10.0 10.0 10.0 10.0 
1108447 1988 11 16 82 10.0 10.0 10.0 10.0 10.0 10.0 10.0 10.0 10.0 10.0 10.0 10.0 10.0 10.0 10.0 10.0 10.0 10.0 10.0 10.0 9.0 9.0 9.0 4.0 
1108447 1988 11 17 82 8.0 6.0 9.0 9.0 8.0 8.0 8.0 9.0 9.0 9.0 9.0 8.0 8.0 8.0 6.0 2.0 1.0 1.0 0.0 0.0 0.0 0.0 1.0 8.0 
1108447 1988 11 18 82 7.0 5.0 9.0 9.0 9.0 9.0 9.0 9.0 9.0 10.0 9.0 10.0 10.0 10.0 10.0 10.0 10.0 10.0 10.0 10.0 10.0 10.0 10.0 10.0 
1108447 1988 11 19 82 10.0 10.0 10.0 10.0 10.0 10.0 10.0 10.0 10.0 10.0 9.0 10.0 10.0 9.0 9.0 10.0 10.0 10.0 10.0 10.0 10.0 10.0 10.0 10.0 
1108447 1988 11 20 82 10.0 10.0 10.0 10.0 10.0 9.0 9.0 9.0 10.0 9.0 9.0 10.0 10.0 10.0 7.0 10.0 10.0 10.0 10.0 10.0 10.0 10.0 10.0 10.0 
1108447 1988 11 21 82 10.0 10.0 10.0 10.0 10.0 10.0 10.0 10.0 10.0 10.0 9.0 9.0 9.0 9.0 9.0 5.0 9.0 5.0 4.0 3.0 7.0 6.0 9.0 10.0 
1108447 1988 11 22 82 10.0 10.0 10.0 10.0 10.0 10.0 10.0 10.0 10.0 10.0 10.0 9.0 9.0 10.0 9.0 2.0 7.0 7.0 9.0 9.0 10.0 10.0 10.0 10.0 
1108447 1988 11 23 82 10.0 10.0 10.0 10.0 10.0 10.0 10.0 8.0 8.0 7.0 5.0 8.0 7.0 7.0 8.0 9.0 9.0 10.0 10.0 10.0 10.0 10.0 10.0 10.0 
1108447 1988 11 24 82 10.0 10.0 9.0 8.0 2.0 5.0 8.0 10.0 10.0 10.0 10.0 10.0 10.0 10.0 10.0 10.0 10.0 10.0 10.0 10.0 10.0 10.0 10.0 10.0 
1108447 1988 11 25 82 10.0 10.0 10.0 10.0 10.0 10.0 8.0 7.0 9.0 9.0 9.0 7.0 9.0 9.0 9.0 10.0 9.0 9.0 10.0 10.0 10.0 10.0 9.0 10.0 
1108447 1988 11 26 82 10.0 7.0 3.0 3.0 2.0 1.0 2.0 3.0 4.0 9.0 10.0 9.0 6.0 4.0 7.0 9.0 9.0 10.0 10.0 10.0 10.0 10.0 10.0 10.0 
1108447 1988 11 27 82 10.0 10.0 10.0 10.0 10.0 10.0 10.0 10.0 10.0 10.0 10.0 10.0 9.0 9.0 9.0 9.0 9.0 9.0 6.0 4.0 4.0 4.0 7.0 7.0 
1108447 1988 11 28 82 6.0 3.0 3.0 2.0 1.0 1.0 8.0 9.0 10.0 10.0 10.0 10.0 10.0 9.0 9.0 10.0 9.0 10.0 10.0 10.0 10.0 10.0 10.0 10.0 
1108447 1988 11 29 82 10.0 10.0 10.0 10.0 10.0 10.0 10.0 10.0 10.0 10.0 10.0 10.0 10.0 10.0 10.0 10.0 10.0 10.0 10.0 10.0 10.0 10.0 10.0 10.0 
1108447 1988 11 30 82 5.0 3.0 2.0 0.0 0.0 8.0 9.0 9.0 9.0 10.0 10.0 10.0 10.0 10.0 10.0 9.0 10.0 9.0 10.0 10.0 10.0 10.0 10.0 10.0 
1108447 1988 12 1 82 10.0 10.0 10.0 10.0 10.0 9.0 10.0 9.0 10.0 10.0 10.0 9.0 9.0 10.0 10.0 10.0 10.0 10.0 10.0 10.0 10.0 10.0 10.0 10.0 
1108447 1988 12 2 82 10.0 10.0 10.0 10.0 10.0 8.0 4.0 3.0 1.0 1.0 1.0 7.0 9.0 10.0 10.0 10.0 10.0 10.0 9.0 10.0 9.0 9.0 9.0 9.0 
1108447 1988 12 3 82 7.0 8.0 2.0 1.0 0.0 0.0 2.0 9.0 9.0 10.0 9.0 9.0 7.0 8.0 9.0 9.0 9.0 9.0 9.0 9.0 9.0 4.0 8.0 6.0 
1108447 1988 12 4 82 1.0 0.0 0.0 2.0 5.0 3.0 0.0 6.0 8.0 7.0 7.0 4.0 5.0 9.0 9.0 9.0 8.0 9.0 9.0 9.0 9.0 9.0 10.0 7.0 
1108447 1988 12 5 82 10.0 10.0 10.0 10.0 10.0 10.0 10.0 10.0 10.0 10.0 10.0 10.0 10.0 10.0 10.0 10.0 10.0 10.0 10.0 10.0 10.0 10.0 10.0 10.0 
1108447 1988 12 6 82 10.0 10.0 10.0 10.0 10.0 10.0 10.0 10.0 10.0 10.0 10.0 10.0 10.0 9.0 10.0 9.0 10.0 10.0 10.0 10.0 10.0 10.0 10.0 10.0 
1108447 1988 12 7 82 10.0 10.0 10.0 10.0 6.0 8.0 8.0 9.0 10.0 10.0 9.0 9.0 9.0 10.0 10.0 10.0 10.0 10.0 10.0 9.0 10.0 10.0 10.0 10.0 
1108447 1988 12 8 82 10.0 10.0 10.0 10.0 10.0 10.0 10.0 10.0 10.0 10.0 10.0 10.0 10.0 10.0 10.0 10.0 10.0 10.0 10.0 10.0 10.0 10.0 10.0 10.0 
1108447 1988 12 9 82 10.0 10.0 10.0 10.0 10.0 10.0 10.0 10.0 10.0 10.0 10.0 10.0 9.0 9.0 10.0 10.0 10.0 9.0 10.0 10.0 10.0 10.0 10.0 10.0 
1108447 1988 12 10 82 10.0 10.0 10.0 9.0 10.0 10.0 10.0 10.0 10.0 10.0 10.0 9.0 9.0 9.0 10.0 10.0 10.0 10.0 9.0 9.0 8.0 10.0 10.0 10.0 
1108447 1988 12 11 82 10.0 10.0 10.0 10.0 10.0 10.0 10.0 10.0 10.0 10.0 10.0 10.0 10.0 10.0 10.0 10.0 10.0 10.0 10.0 10.0 10.0 10.0 10.0 10.0 
1108447 1988 12 12 82 10.0 10.0 10.0 10.0 10.0 10.0 10.0 10.0 10.0 10.0 10.0 10.0 10.0 10.0 10.0 10.0 10.0 10.0 10.0 9.0 2.0 2.0 8.0 2.0 
1108447 1988 12 13 82 1.0 0.0 1.0 3.0 4.0 9.0 8.0 6.0 9.0 8.0 5.0 3.0 2.0 2.0 5.0 4.0 4.0 3.0 2.0 0.0 0.0 0.0 0.0 0.0 
1108447 1988 12 14 82 0.0 0.0 0.0 0.0 0.0 0.0 0.0 0.0 0.0 1.0 1.0 1.0 0.0 0.0 0.0 0.0 0.0 0.0 0.0 0.0 0.0 0.0 0.0 0.0 
1108447 1988 12 15 82 0.0 0.0 0.0 0.0 0.0 0.0 0.0 2.0 4.0 6.0 4.0 3.0 2.0 2.0 2.0 4.0 6.0 6.0 2.0 2.0 2.0 2.0 2.0 1.0 
1108447 1988 12 16 82 1.0 0.0 0.0 0.0 0.0 0.0 0.0 0.0 3.0 3.0 2.0 2.0 2.0 6.0 7.0 7.0 8.0 9.0 2.0 1.0 0.0 0.0 0.0 0.0 
1108447 1988 12 17 82 0.0 0.0 0.0 0.0 0.0 1.0 1.0 0.0 10.0 8.0 8.0 10.0 10.0 10.0 10.0 10.0 10.0 9.0 6.0 4.0 4.0 2.0 2.0 2.0 
1108447 1988 12 18 82 2.0 2.0 2.0 7.0 4.0 3.0 7.0 8.0 10.0 10.0 10.0 10.0 10.0 10.0 10.0 10.0 10.0 10.0 10.0 10.0 10.0 10.0 10.0 8.0 
1108447 1988 12 19 82 6.0 5.0 8.0 4.0 4.0 3.0 10.0 10.0 10.0 10.0 10.0 9.0 9.0 9.0 9.0 9.0 10.0 10.0 9.0 10.0 10.0 10.0 10.0 10.0 
1108447 1988 12 20 82 10.0 10.0 10.0 10.0 10.0 10.0 10.0 10.0 10.0 10.0 10.0 10.0 10.0 10.0 10.0 10.0 10.0 10.0 10.0 10.0 10.0 9.0 9.0 10.0 
1108447 1988 12 21 82 10.0 10.0 9.0 9.0 9.0 9.0 8.0 5.0 5.0 8.0 8.0 9.0 6.0 7.0 9.0 9.0 8.0 9.0 9.0 10.0 9.0 10.0 10.0 10.0 
1108447 1988 12 22 82 10.0 10.0 10.0 9.0 10.0 10.0 10.0 10.0 9.0 10.0 10.0 10.0 10.0 10.0 10.0 10.0 10.0 10.0 10.0 10.0 10.0 10.0 7.0 4.0 
1108447 1988 12 23 82 3.0 5.0 8.0 7.0 7.0 9.0 7.0 8.0 9.0 10.0 9.0 9.0 9.0 9.0 10.0 10.0 10.0 10.0 10.0 10.0 10.0 10.0 10.0 10.0 
1108447 1988 12 24 82 10.0 10.0 10.0 9.0 9.0 9.0 9.0 10.0 10.0 10.0 10.0 10.0 10.0 10.0 9.0 10.0 10.0 10.0 10.0 10.0 10.0 8.0 7.0 5.0 
1108447 1988 12 25 82 5.0 3.0 4.0 4.0 3.0 3.0 2.0 1.0 2.0 1.0 1.0 1.0 1.0 0.0 0.0 0.0 2.0 2.0 0.0 0.0 0.0 0.0 0.0 0.0 
1108447 1988 12 26 82 0.0 1.0 3.0 5.0 9.0 9.0 9.0 9.0 9.0 9.0 9.0 10.0 10.0 10.0 10.0 10.0 10.0 10.0 10.0 10.0 10.0 10.0 10.0 10.0 
1108447 1988 12 27 82 10.0 10.0 10.0 10.0 10.0 10.0 10.0 10.0 10.0 10.0 10.0 10.0 10.0 10.0 10.0 10.0 10.0 10.0 8.0 6.0 6.0 4.0 0.0 0.0 
1108447 1988 12 28 82 2.0 6.0 10.0 10.0 10.0 10.0 10.0 10.0 10.0 10.0 10.0 10.0 10.0 10.0 10.0 10.0 10.0 10.0 10.0 10.0 10.0 10.0 10.0 10.0 
1108447 1988 12 29 82 10.0 10.0 10.0 10.0 10.0 10.0 10.0 10.0 10.0 10.0 10.0 10.0 10.0 10.0 10.0 10.0 10.0 10.0 10.0 10.0 10.0 10.0 10.0 10.0 
1108447 1988 12 30 82 10.0 10.0 10.0 10.0 10.0 10.0 10.0 10.0 10.0 9.0 9.0 7.0 8.0 9.0 9.0 9.0 9.0 9.0 9.0 9.0 9.0 10.0 9.0 9.0 
1108447 1988 12 31 82 10.0 10.0 10.0 10.0 10.0 10.0 10.0 10.0 10.0 10.0 10.0 10.0 9.0 9.0 9.0 9.0 9.0 10.0 9.0 9.0 9.0 9.0 10.0 9.0 
1108447 1989 1 1 82 10.0 10.0 10.0 10.0 8.0 9.0 9.0 9.0 9.0 10.0 10.0 10.0 10.0 10.0 10.0 10.0 10.0 10.0 10.0 10.0 10.0 10.0 10.0 10.0 
