1108447 1993 1 1 82 2.0 0.0 3.0 0.0 0.0 0.0 0.0 0.0 1.0 1.0 3.0 9.0 8.0 9.0 8.0 9.0 4.0 8.0 3.0 7.0 6.0 8.0 7.0 9.0 
1108447 1993 1 2 82 9.0 9.0 9.0 9.0 10.0 10.0 10.0 10.0 10.0 10.0 10.0 10.0 10.0 10.0 10.0 10.0 10.0 10.0 10.0 10.0 10.0 10.0 10.0 10.0 
1108447 1993 1 3 82 10.0 10.0 10.0 10.0 10.0 10.0 10.0 10.0 10.0 10.0 10.0 10.0 10.0 10.0 10.0 10.0 10.0 10.0 10.0 10.0 10.0 10.0 10.0 10.0 
1108447 1993 1 4 82 10.0 10.0 10.0 10.0 10.0 10.0 10.0 10.0 10.0 9.0 9.0 9.0 9.0 9.0 9.0 9.0 9.0 9.0 9.0 9.0 9.0 5.0 5.0 4.0 
1108447 1993 1 5 82 2.0 1.0 0.0 0.0 0.0 0.0 0.0 0.0 0.0 0.0 0.0 0.0 0.0 0.0 0.0 0.0 1.0 1.0 0.0 0.0 0.0 0.0 0.0 0.0 
1108447 1993 1 6 82 0.0 0.0 0.0 0.0 0.0 0.0 0.0 0.0 1.0 0.0 1.0 0.0 0.0 0.0 0.0 0.0 0.0 0.0 0.0 0.0 0.0 0.0 0.0 0.0 
1108447 1993 1 7 82 0.0 0.0 0.0 0.0 0.0 0.0 0.0 0.0 1.0 2.0 4.0 9.0 9.0 10.0 10.0 10.0 9.0 9.0 10.0 10.0 9.0 9.0 8.0 10.0 
1108447 1993 1 8 82 10.0 9.0 10.0 10.0 10.0 10.0 10.0 10.0 10.0 10.0 10.0 10.0 9.0 9.0 8.0 4.0 1.0 1.0 9.0 3.0 1.0 2.0 6.0 0.0 
1108447 1993 1 9 82 1.0 0.0 1.0 2.0 2.0 4.0 2.0 1.0 1.0 0.0 0.0 0.0 0.0 0.0 0.0 0.0 0.0 0.0 0.0 0.0 0.0 0.0 0.0 0.0 
1108447 1993 1 10 82 0.0 0.0 0.0 0.0 0.0 0.0 2.0 1.0 0.0 2.0 3.0 2.0 0.0 0.0 0.0 0.0 0.0 0.0 0.0 0.0 0.0 0.0 0.0 0.0 
1108447 1993 1 11 82 1.0 0.0 0.0 0.0 0.0 0.0 0.0 0.0 0.0 0.0 0.0 0.0 0.0 0.0 0.0 0.0 0.0 0.0 0.0 0.0 0.0 0.0 0.0 0.0 
1108447 1993 1 12 82 0.0 0.0 0.0 0.0 0.0 0.0 0.0 0.0 0.0 0.0 0.0 0.0 0.0 0.0 0.0 0.0 4.0 9.0 6.0 1.0 1.0 0.0 0.0 0.0 
1108447 1993 1 13 82 0.0 0.0 0.0 0.0 0.0 0.0 0.0 0.0 0.0 0.0 0.0 0.0 0.0 4.0 5.0 8.0 9.0 9.0 9.0 9.0 10.0 10.0 10.0 9.0 
1108447 1993 1 14 82 8.0 9.0 9.0 10.0 7.0 1.0 0.0 0.0 1.0 4.0 9.0 9.0 9.0 9.0 9.0 9.0 9.0 9.0 10.0 10.0 10.0 10.0 9.0 10.0 
1108447 1993 1 15 82 10.0 10.0 10.0 10.0 10.0 10.0 10.0 10.0 10.0 10.0 10.0 10.0 10.0 10.0 10.0 9.0 4.0 1.0 0.0 0.0 0.0 0.0 0.0 0.0 
1108447 1993 1 16 82 0.0 0.0 7.0 5.0 9.0 9.0 7.0 8.0 5.0 4.0 2.0 0.0 0.0 0.0 0.0 0.0 0.0 0.0 0.0 0.0 0.0 0.0 0.0 0.0 
1108447 1993 1 17 82 0.0 0.0 0.0 0.0 0.0 3.0 1.0 0.0 1.0 0.0 1.0 1.0 1.0 1.0 1.0 1.0 0.0 0.0 0.0 0.0 0.0 0.0 0.0 0.0 
1108447 1993 1 18 82 0.0 0.0 0.0 0.0 0.0 0.0 0.0 0.0 0.0 0.0 0.0 0.0 0.0 0.0 0.0 0.0 0.0 0.0 0.0 0.0 0.0 0.0 0.0 2.0 
1108447 1993 1 19 82 7.0 8.0 9.0 10.0 10.0 10.0 10.0 10.0 10.0 10.0 10.0 10.0 10.0 10.0 9.0 9.0 10.0 10.0 10.0 10.0 10.0 10.0 9.0 10.0 
1108447 1993 1 20 82 10.0 10.0 10.0 10.0 10.0 10.0 10.0 10.0 10.0 10.0 10.0 10.0 10.0 10.0 10.0 8.0 9.0 9.0 10.0 10.0 9.0 9.0 9.0 9.0 
1108447 1993 1 21 82 10.0 10.0 10.0 6.0 7.0 9.0 9.0 8.0 8.0 9.0 9.0 9.0 9.0 8.0 8.0 9.0 9.0 9.0 4.0 2.0 4.0 6.0 1.0 1.0 
1108447 1993 1 22 82 4.0 3.0 3.0 2.0 3.0 0.0 3.0 0.0 2.0 3.0 2.0 1.0 1.0 1.0 1.0 1.0 1.0 2.0 0.0 0.0 0.0 0.0 9.0 2.0 
1108447 1993 1 23 82 7.0 10.0 9.0 10.0 10.0 9.0 7.0 9.0 10.0 10.0 10.0 10.0 10.0 10.0 10.0 10.0 10.0 10.0 10.0 10.0 10.0 10.0 10.0 10.0 
1108447 1993 1 24 82 10.0 10.0 10.0 10.0 10.0 10.0 10.0 10.0 10.0 10.0 10.0 10.0 10.0 10.0 10.0 10.0 10.0 10.0 10.0 10.0 10.0 10.0 10.0 10.0 
1108447 1993 1 25 82 10.0 10.0 10.0 10.0 10.0 10.0 10.0 10.0 9.0 10.0 10.0 9.0 10.0 9.0 9.0 10.0 10.0 8.0 9.0 10.0 10.0 10.0 9.0 10.0 
1108447 1993 1 26 82 10.0 10.0 10.0 10.0 10.0 10.0 10.0 10.0 10.0 10.0 10.0 10.0 10.0 10.0 10.0 10.0 10.0 10.0 10.0 10.0 10.0 10.0 10.0 10.0 
1108447 1993 1 27 82 10.0 10.0 10.0 10.0 10.0 10.0 10.0 10.0 10.0 10.0 10.0 10.0 10.0 10.0 10.0 10.0 10.0 10.0 9.0 9.0 10.0 10.0 10.0 10.0 
1108447 1993 1 28 82 10.0 10.0 9.0 3.0 8.0 7.0 10.0 10.0 10.0 10.0 10.0 10.0 10.0 10.0 10.0 10.0 10.0 10.0 10.0 10.0 10.0 10.0 10.0 10.0 
1108447 1993 1 29 82 9.0 10.0 10.0 10.0 10.0 10.0 10.0 10.0 10.0 10.0 10.0 10.0 10.0 10.0 10.0 9.0 8.0 5.0 6.0 9.0 9.0 3.0 1.0 0.0 
1108447 1993 1 30 82 0.0 0.0 1.0 3.0 0.0 1.0 5.0 5.0 7.0 5.0 4.0 5.0 5.0 9.0 9.0 9.0 10.0 10.0 9.0 9.0 9.0 9.0 9.0 9.0 
1108447 1993 1 31 82 9.0 9.0 10.0 10.0 10.0 9.0 9.0 10.0 10.0 10.0 9.0 8.0 2.0 0.0 0.0 0.0 0.0 1.0 1.0 1.0 3.0 7.0 8.0 9.0 
1108447 1993 2 1 82 10.0 10.0 10.0 9.0 9.0 9.0 9.0 9.0 10.0 9.0 9.0 9.0 9.0 9.0 9.0 9.0 7.0 7.0 9.0 9.0 9.0 7.0 9.0 4.0 
1108447 1993 2 2 82 2.0 9.0 9.0 7.0 8.0 3.0 1.0 1.0 3.0 1.0 1.0 1.0 1.0 1.0 3.0 8.0 7.0 4.0 1.0 0.0 0.0 4.0 4.0 5.0 
1108447 1993 2 3 82 9.0 9.0 9.0 9.0 6.0 2.0 4.0 7.0 9.0 9.0 10.0 10.0 10.0 10.0 10.0 10.0 8.0 9.0 8.0 9.0 9.0 7.0 6.0 3.0 
1108447 1993 2 4 82 2.0 3.0 6.0 8.0 9.0 4.0 2.0 3.0 3.0 9.0 10.0 9.0 9.0 9.0 9.0 7.0 9.0 9.0 9.0 10.0 9.0 8.0 8.0 3.0 
1108447 1993 2 5 82 5.0 6.0 4.0 8.0 10.0 10.0 9.0 9.0 10.0 10.0 10.0 10.0 10.0 9.0 10.0 10.0 10.0 9.0 9.0 10.0 10.0 10.0 10.0 10.0 
1108447 1993 2 6 82 10.0 10.0 10.0 10.0 9.0 10.0 10.0 10.0 10.0 9.0 9.0 9.0 9.0 9.0 8.0 7.0 7.0 7.0 7.0 8.0 9.0 9.0 9.0 6.0 
1108447 1993 2 7 82 6.0 7.0 7.0 4.0 4.0 2.0 2.0 3.0 5.0 8.0 5.0 2.0 4.0 2.0 2.0 2.0 1.0 1.0 0.0 0.0 0.0 0.0 0.0 0.0 
1108447 1993 2 8 82 0.0 0.0 0.0 0.0 0.0 0.0 0.0 2.0 0.0 0.0 0.0 2.0 0.0 0.0 0.0 0.0 1.0 2.0 8.0 8.0 9.0 9.0 9.0 9.0 
1108447 1993 2 9 82 10.0 10.0 10.0 10.0 9.0 10.0 10.0 10.0 10.0 10.0 10.0 10.0 10.0 10.0 10.0 10.0 10.0 10.0 10.0 10.0 10.0 10.0 10.0 10.0 
1108447 1993 2 10 82 3.0 5.0 9.0 8.0 9.0 9.0 9.0 8.0 9.0 9.0 9.0 9.0 10.0 9.0 9.0 5.0 7.0 9.0 8.0 8.0 5.0 5.0 4.0 4.0 
1108447 1993 2 11 82 2.0 1.0 1.0 0.0 7.0 8.0 9.0 4.0 5.0 5.0 5.0 4.0 3.0 1.0 1.0 1.0 1.0 1.0 3.0 2.0 4.0 4.0 5.0 3.0 
1108447 1993 2 12 82 0.0 0.0 0.0 0.0 1.0 0.0 0.0 2.0 3.0 3.0 3.0 2.0 2.0 1.0 1.0 1.0 2.0 2.0 3.0 1.0 1.0 6.0 7.0 5.0 
1108447 1993 2 13 82 9.0 10.0 10.0 9.0 9.0 10.0 10.0 10.0 10.0 10.0 10.0 10.0 10.0 10.0 8.0 5.0 5.0 3.0 1.0 7.0 3.0 9.0 10.0 10.0 
1108447 1993 2 14 82 10.0 10.0 10.0 9.0 10.0 10.0 9.0 10.0 10.0 9.0 7.0 2.0 2.0 1.0 2.0 2.0 2.0 3.0 2.0 0.0 0.0 0.0 0.0 0.0 
1108447 1993 2 15 82 0.0 0.0 0.0 0.0 0.0 0.0 0.0 1.0 0.0 0.0 0.0 0.0 0.0 0.0 0.0 0.0 0.0 0.0 0.0 0.0 0.0 0.0 0.0 0.0 
1108447 1993 2 16 82 0.0 0.0 0.0 0.0 0.0 0.0 0.0 0.0 0.0 0.0 0.0 0.0 0.0 0.0 0.0 0.0 0.0 0.0 0.0 0.0 0.0 0.0 0.0 0.0 
1108447 1993 2 17 82 0.0 0.0 0.0 0.0 0.0 0.0 0.0 0.0 0.0 0.0 0.0 0.0 0.0 0.0 0.0 0.0 0.0 0.0 0.0 0.0 0.0 0.0 0.0 0.0 
1108447 1993 2 18 82 0.0 0.0 0.0 0.0 0.0 0.0 0.0 0.0 0.0 0.0 0.0 0.0 0.0 0.0 0.0 0.0 1.0 0.0 0.0 0.0 0.0 0.0 0.0 0.0 
1108447 1993 2 19 82 0.0 0.0 6.0 8.0 8.0 8.0 6.0 10.0 10.0 10.0 10.0 10.0 10.0 10.0 10.0 10.0 10.0 10.0 10.0 10.0 10.0 10.0 10.0 10.0 
1108447 1993 2 20 82 10.0 10.0 10.0 10.0 10.0 10.0 10.0 10.0 10.0 10.0 10.0 10.0 10.0 10.0 10.0 10.0 9.0 9.0 7.0 8.0 9.0 9.0 10.0 10.0 
1108447 1993 2 21 82 10.0 10.0 10.0 10.0 10.0 10.0 10.0 10.0 10.0 10.0 10.0 10.0 10.0 10.0 9.0 9.0 6.0 1.0 2.0 1.0 3.0 4.0 8.0 6.0 
1108447 1993 2 22 82 3.0 2.0 3.0 7.0 6.0 9.0 9.0 7.0 8.0 8.0 7.0 4.0 5.0 6.0 8.0 7.0 7.0 9.0 10.0 10.0 10.0 9.0 7.0 2.0 
1108447 1993 2 23 82 2.0 4.0 8.0 5.0 3.0 4.0 3.0 2.0 0.0 0.0 0.0 0.0 0.0 0.0 0.0 0.0 0.0 0.0 0.0 0.0 0.0 0.0 0.0 0.0 
1108447 1993 2 24 82 0.0 0.0 0.0 0.0 0.0 0.0 0.0 0.0 0.0 0.0 0.0 0.0 0.0 0.0 0.0 0.0 0.0 0.0 0.0 0.0 0.0 1.0 1.0 1.0 
1108447 1993 2 25 82 0.0 2.0 0.0 0.0 0.0 1.0 0.0 0.0 0.0 0.0 0.0 0.0 0.0 0.0 0.0 0.0 0.0 0.0 0.0 0.0 0.0 0.0 0.0 0.0 
1108447 1993 2 26 82 0.0 0.0 0.0 0.0 0.0 0.0 0.0 2.0 1.0 1.0 3.0 9.0 9.0 9.0 10.0 9.0 9.0 9.0 9.0 8.0 8.0 9.0 10.0 10.0 
1108447 1993 2 27 82 10.0 10.0 10.0 10.0 10.0 10.0 10.0 10.0 10.0 10.0 10.0 10.0 10.0 10.0 10.0 10.0 10.0 10.0 10.0 10.0 10.0 9.0 8.0 9.0 
1108447 1993 2 28 82 10.0 10.0 9.0 9.0 10.0 10.0 9.0 6.0 8.0 9.0 9.0 10.0 9.0 10.0 10.0 9.0 10.0 10.0 10.0 10.0 10.0 10.0 10.0 10.0 
1108447 1993 3 1 82 10.0 10.0 10.0 10.0 10.0 10.0 10.0 10.0 10.0 10.0 10.0 10.0 10.0 10.0 9.0 10.0 8.0 10.0 9.0 7.0 8.0 5.0 3.0 9.0 
1108447 1993 3 2 82 2.0 1.0 2.0 2.0 9.0 10.0 10.0 10.0 9.0 8.0 10.0 10.0 10.0 8.0 9.0 10.0 9.0 9.0 9.0 9.0 9.0 10.0 10.0 10.0 
1108447 1993 3 3 82 10.0 10.0 10.0 10.0 10.0 10.0 10.0 10.0 10.0 10.0 10.0 10.0 10.0 10.0 10.0 10.0 10.0 10.0 10.0 10.0 10.0 10.0 10.0 10.0 
1108447 1993 3 4 82 10.0 10.0 10.0 10.0 10.0 10.0 10.0 10.0 9.0 10.0 10.0 10.0 10.0 10.0 9.0 9.0 9.0 9.0 9.0 9.0 9.0 9.0 10.0 10.0 
1108447 1993 3 5 82 10.0 10.0 10.0 10.0 10.0 10.0 10.0 10.0 10.0 10.0 10.0 10.0 10.0 10.0 10.0 10.0 9.0 9.0 9.0 10.0 10.0 10.0 10.0 10.0 
1108447 1993 3 6 82 10.0 10.0 10.0 10.0 10.0 10.0 9.0 9.0 9.0 10.0 10.0 10.0 8.0 9.0 10.0 10.0 10.0 9.0 8.0 8.0 9.0 10.0 10.0 10.0 
1108447 1993 3 7 82 10.0 10.0 10.0 9.0 9.0 9.0 9.0 9.0 10.0 10.0 10.0 9.0 9.0 10.0 10.0 10.0 10.0 10.0 9.0 9.0 8.0 10.0 10.0 10.0 
1108447 1993 3 8 82 10.0 10.0 10.0 10.0 10.0 10.0 8.0 9.0 7.0 3.0 3.0 1.0 0.0 1.0 1.0 1.0 1.0 1.0 1.0 0.0 0.0 0.0 0.0 1.0 
1108447 1993 3 9 82 0.0 0.0 0.0 0.0 0.0 0.0 0.0 2.0 0.0 0.0 0.0 0.0 0.0 0.0 0.0 0.0 1.0 1.0 1.0 1.0 0.0 0.0 0.0 0.0 
1108447 1993 3 10 82 0.0 0.0 0.0 0.0 0.0 0.0 0.0 0.0 4.0 4.0 3.0 2.0 2.0 2.0 2.0 2.0 1.0 0.0 2.0 2.0 0.0 0.0 0.0 2.0 
1108447 1993 3 11 82 0.0 0.0 0.0 0.0 0.0 0.0 0.0 4.0 8.0 8.0 7.0 5.0 8.0 9.0 10.0 10.0 8.0 8.0 9.0 8.0 9.0 9.0 9.0 10.0 
1108447 1993 3 12 82 10.0 10.0 10.0 8.0 8.0 9.0 9.0 10.0 10.0 10.0 10.0 10.0 9.0 9.0 9.0 9.0 9.0 7.0 0.0 0.0 0.0 0.0 0.0 0.0 
1108447 1993 3 13 82 0.0 1.0 1.0 0.0 7.0 9.0 9.0 9.0 9.0 9.0 9.0 9.0 9.0 9.0 9.0 9.0 9.0 6.0 5.0 9.0 10.0 10.0 10.0 10.0 
1108447 1993 3 14 82 10.0 10.0 10.0 10.0 10.0 10.0 10.0 10.0 10.0 10.0 10.0 10.0 10.0 10.0 10.0 10.0 10.0 10.0 10.0 10.0 10.0 10.0 10.0 10.0 
1108447 1993 3 15 82 10.0 9.0 7.0 5.0 6.0 6.0 4.0 2.0 4.0 8.0 7.0 2.0 1.0 2.0 0.0 0.0 0.0 0.0 1.0 0.0 0.0 0.0 0.0 0.0 
1108447 1993 3 16 82 0.0 0.0 8.0 8.0 3.0 1.0 8.0 3.0 6.0 7.0 9.0 9.0 7.0 7.0 9.0 9.0 10.0 10.0 10.0 10.0 10.0 10.0 10.0 10.0 
1108447 1993 3 17 82 10.0 10.0 10.0 10.0 10.0 10.0 10.0 10.0 10.0 10.0 10.0 10.0 10.0 10.0 10.0 10.0 10.0 10.0 10.0 10.0 10.0 10.0 10.0 10.0 
1108447 1993 3 18 82 10.0 10.0 10.0 10.0 6.0 4.0 7.0 10.0 9.0 9.0 9.0 9.0 9.0 9.0 9.0 9.0 9.0 9.0 10.0 10.0 9.0 5.0 2.0 6.0 
1108447 1993 3 19 82 9.0 9.0 6.0 7.0 9.0 9.0 10.0 10.0 9.0 9.0 9.0 9.0 10.0 10.0 10.0 10.0 10.0 10.0 10.0 10.0 10.0 10.0 10.0 10.0 
1108447 1993 3 20 82 10.0 10.0 10.0 10.0 10.0 10.0 10.0 10.0 10.0 9.0 9.0 9.0 10.0 10.0 10.0 10.0 10.0 10.0 10.0 10.0 10.0 10.0 10.0 10.0 
1108447 1993 3 21 82 10.0 10.0 10.0 10.0 10.0 10.0 10.0 10.0 10.0 10.0 10.0 10.0 10.0 10.0 10.0 10.0 10.0 10.0 10.0 9.0 9.0 10.0 10.0 9.0 
1108447 1993 3 22 82 10.0 10.0 10.0 10.0 10.0 10.0 10.0 10.0 10.0 10.0 10.0 10.0 10.0 10.0 10.0 10.0 10.0 10.0 10.0 10.0 10.0 10.0 10.0 10.0 
1108447 1993 3 23 82 10.0 10.0 10.0 10.0 9.0 8.0 5.0 9.0 9.0 9.0 9.0 6.0 4.0 3.0 3.0 8.0 8.0 9.0 8.0 3.0 8.0 7.0 9.0 6.0 
1108447 1993 3 24 82 2.0 2.0 1.0 1.0 1.0 2.0 5.0 8.0 4.0 7.0 7.0 7.0 9.0 9.0 10.0 10.0 10.0 10.0 10.0 10.0 10.0 10.0 9.0 5.0 
1108447 1993 3 25 82 7.0 5.0 4.0 6.0 7.0 9.0 8.0 9.0 5.0 2.0 2.0 1.0 7.0 6.0 1.0 1.0 0.0 1.0 2.0 2.0 1.0 1.0 0.0 0.0 
1108447 1993 3 26 82 0.0 0.0 0.0 0.0 1.0 1.0 0.0 0.0 0.0 0.0 0.0 0.0 0.0 0.0 0.0 0.0 1.0 1.0 1.0 1.0 0.0 0.0 1.0 5.0 
1108447 1993 3 27 82 1.0 1.0 4.0 5.0 3.0 2.0 7.0 7.0 1.0 1.0 0.0 0.0 1.0 1.0 0.0 0.0 1.0 1.0 1.0 0.0 0.0 0.0 0.0 0.0 
1108447 1993 3 28 82 1.0 0.0 0.0 0.0 0.0 0.0 0.0 0.0 0.0 0.0 1.0 1.0 6.0 6.0 5.0 7.0 9.0 9.0 9.0 5.0 2.0 0.0 7.0 8.0 
1108447 1993 3 29 82 9.0 10.0 10.0 10.0 10.0 10.0 10.0 10.0 10.0 10.0 10.0 10.0 9.0 9.0 5.0 3.0 4.0 5.0 1.0 0.0 0.0 0.0 0.0 0.0 
1108447 1993 3 30 82 1.0 0.0 8.0 9.0 9.0 9.0 9.0 10.0 10.0 10.0 10.0 10.0 10.0 9.0 9.0 4.0 4.0 3.0 3.0 4.0 3.0 2.0 1.0 1.0 
1108447 1993 3 31 82 2.0 1.0 1.0 3.0 3.0 8.0 9.0 10.0 10.0 10.0 10.0 10.0 10.0 10.0 10.0 10.0 10.0 10.0 10.0 10.0 10.0 10.0 10.0 10.0 
1108447 1993 4 1 82 10.0 10.0 10.0 10.0 10.0 10.0 10.0 10.0 10.0 10.0 10.0 10.0 10.0 10.0 10.0 10.0 10.0 9.0 9.0 9.0 7.0 6.0 5.0 9.0 
1108447 1993 4 2 82 10.0 10.0 10.0 9.0 10.0 10.0 10.0 10.0 10.0 10.0 10.0 10.0 10.0 10.0 9.0 9.0 10.0 9.0 9.0 9.0 9.0 9.0 9.0 10.0 
1108447 1993 4 3 82 10.0 10.0 10.0 10.0 10.0 10.0 10.0 10.0 10.0 10.0 10.0 9.0 9.0 7.0 7.0 7.0 8.0 9.0 9.0 8.0 8.0 8.0 3.0 2.0 
1108447 1993 4 4 82 7.0 5.0 1.0 9.0 9.0 7.0 10.0 9.0 9.0 9.0 9.0 6.0 1.0 1.0 1.0 2.0 2.0 2.0 2.0 2.0 1.0 1.0 1.0 1.0 
1108447 1993 4 5 82 3.0 1.0 7.0 9.0 9.0 9.0 9.0 9.0 9.0 9.0 9.0 9.0 9.0 2.0 7.0 8.0 9.0 9.0 9.0 7.0 8.0 9.0 10.0 9.0 
1108447 1993 4 6 82 9.0 10.0 10.0 10.0 10.0 10.0 10.0 10.0 10.0 10.0 10.0 10.0 10.0 10.0 10.0 10.0 10.0 9.0 10.0 10.0 10.0 10.0 9.0 10.0 
1108447 1993 4 7 82 9.0 9.0 9.0 8.0 7.0 9.0 9.0 9.0 9.0 9.0 10.0 10.0 9.0 10.0 10.0 10.0 10.0 10.0 10.0 10.0 10.0 10.0 10.0 10.0 
1108447 1993 4 8 82 10.0 10.0 10.0 10.0 10.0 10.0 10.0 10.0 10.0 10.0 9.0 9.0 9.0 9.0 9.0 9.0 10.0 9.0 7.0 8.0 8.0 8.0 8.0 10.0 
1108447 1993 4 9 82 10.0 10.0 9.0 10.0 10.0 9.0 10.0 10.0 10.0 9.0 9.0 9.0 9.0 9.0 9.0 9.0 9.0 9.0 9.0 9.0 7.0 7.0 5.0 4.0 
1108447 1993 4 10 82 8.0 8.0 9.0 10.0 10.0 10.0 10.0 10.0 10.0 10.0 10.0 9.0 9.0 9.0 9.0 9.0 9.0 8.0 6.0 8.0 5.0 9.0 10.0 10.0 
1108447 1993 4 11 82 10.0 10.0 9.0 4.0 9.0 9.0 10.0 9.0 9.0 9.0 6.0 3.0 2.0 1.0 1.0 4.0 9.0 9.0 9.0 9.0 9.0 9.0 7.0 3.0 
1108447 1993 4 12 82 4.0 7.0 8.0 10.0 10.0 8.0 10.0 10.0 10.0 10.0 10.0 10.0 10.0 10.0 10.0 7.0 4.0 4.0 5.0 2.0 2.0 5.0 9.0 9.0 
1108447 1993 4 13 82 9.0 10.0 10.0 10.0 10.0 10.0 10.0 10.0 10.0 10.0 10.0 10.0 10.0 10.0 10.0 10.0 10.0 10.0 9.0 9.0 9.0 9.0 6.0 7.0 
1108447 1993 4 14 82 9.0 10.0 10.0 10.0 9.0 9.0 9.0 9.0 9.0 8.0 8.0 8.0 8.0 6.0 5.0 6.0 7.0 8.0 9.0 10.0 10.0 10.0 10.0 10.0 
1108447 1993 4 15 82 10.0 10.0 10.0 10.0 10.0 10.0 10.0 10.0 10.0 10.0 10.0 10.0 9.0 9.0 10.0 9.0 8.0 4.0 7.0 8.0 4.0 3.0 9.0 9.0 
1108447 1993 4 16 82 9.0 8.0 1.0 7.0 9.0 9.0 9.0 9.0 10.0 10.0 10.0 10.0 10.0 10.0 10.0 10.0 10.0 10.0 10.0 10.0 10.0 10.0 10.0 10.0 
1108447 1993 4 17 82 10.0 10.0 10.0 10.0 10.0 10.0 10.0 10.0 10.0 9.0 9.0 9.0 9.0 10.0 10.0 10.0 10.0 10.0 9.0 9.0 9.0 9.0 9.0 6.0 
1108447 1993 4 18 82 8.0 8.0 4.0 4.0 4.0 5.0 4.0 4.0 5.0 9.0 9.0 9.0 8.0 4.0 4.0 8.0 9.0 7.0 5.0 3.0 6.0 1.0 7.0 9.0 
1108447 1993 4 19 82 9.0 9.0 9.0 9.0 10.0 10.0 9.0 9.0 9.0 6.0 8.0 8.0 9.0 9.0 9.0 7.0 8.0 9.0 9.0 9.0 5.0 4.0 4.0 1.0 
1108447 1993 4 20 82 0.0 0.0 0.0 6.0 9.0 9.0 10.0 10.0 9.0 9.0 9.0 8.0 8.0 9.0 9.0 10.0 10.0 10.0 10.0 10.0 10.0 10.0 10.0 10.0 
1108447 1993 4 21 82 10.0 10.0 10.0 10.0 10.0 9.0 9.0 9.0 10.0 10.0 10.0 7.0 6.0 9.0 10.0 10.0 9.0 9.0 9.0 9.0 9.0 9.0 9.0 8.0 
1108447 1993 4 22 82 10.0 10.0 9.0 10.0 10.0 10.0 10.0 10.0 10.0 10.0 10.0 10.0 10.0 10.0 10.0 8.0 8.0 9.0 9.0 9.0 9.0 10.0 9.0 10.0 
1108447 1993 4 23 82 10.0 10.0 10.0 10.0 10.0 10.0 10.0 10.0 10.0 10.0 10.0 10.0 10.0 10.0 9.0 9.0 10.0 10.0 10.0 10.0 10.0 10.0 10.0 10.0 
1108447 1993 4 24 82 10.0 10.0 10.0 10.0 10.0 10.0 10.0 10.0 10.0 10.0 10.0 10.0 10.0 10.0 9.0 9.0 6.0 3.0 5.0 10.0 10.0 10.0 10.0 10.0 
1108447 1993 4 25 82 10.0 10.0 10.0 10.0 10.0 10.0 10.0 10.0 10.0 10.0 9.0 9.0 9.0 9.0 9.0 6.0 9.0 9.0 9.0 9.0 9.0 9.0 4.0 10.0 
1108447 1993 4 26 82 10.0 10.0 10.0 10.0 10.0 10.0 10.0 10.0 10.0 10.0 10.0 10.0 10.0 10.0 10.0 10.0 10.0 10.0 10.0 10.0 10.0 10.0 10.0 10.0 
1108447 1993 4 27 82 9.0 7.0 6.0 9.0 9.0 10.0 9.0 9.0 9.0 8.0 8.0 3.0 4.0 4.0 7.0 9.0 9.0 10.0 9.0 9.0 9.0 10.0 10.0 10.0 
1108447 1993 4 28 82 10.0 10.0 10.0 10.0 10.0 10.0 10.0 10.0 10.0 10.0 10.0 10.0 10.0 10.0 10.0 10.0 10.0 10.0 10.0 10.0 10.0 10.0 10.0 10.0 
1108447 1993 4 29 82 10.0 10.0 10.0 10.0 10.0 10.0 10.0 10.0 10.0 9.0 9.0 9.0 9.0 9.0 9.0 9.0 9.0 9.0 9.0 9.0 9.0 9.0 9.0 7.0 
1108447 1993 4 30 82 8.0 8.0 8.0 7.0 9.0 9.0 9.0 9.0 9.0 9.0 8.0 6.0 8.0 8.0 8.0 9.0 7.0 8.0 10.0 10.0 10.0 10.0 10.0 9.0 
1108447 1993 5 1 82 10.0 10.0 10.0 10.0 10.0 10.0 10.0 10.0 10.0 10.0 10.0 10.0 10.0 10.0 10.0 10.0 10.0 9.0 9.0 9.0 6.0 4.0 4.0 4.0 
1108447 1993 5 2 82 8.0 10.0 6.0 8.0 8.0 6.0 4.0 9.0 6.0 5.0 8.0 9.0 8.0 5.0 2.0 4.0 5.0 8.0 9.0 9.0 9.0 9.0 8.0 9.0 
1108447 1993 5 3 82 9.0 10.0 10.0 10.0 10.0 10.0 10.0 10.0 10.0 10.0 10.0 10.0 10.0 10.0 10.0 10.0 10.0 10.0 10.0 10.0 9.0 9.0 8.0 9.0 
1108447 1993 5 4 82 8.0 5.0 9.0 9.0 9.0 9.0 8.0 6.0 9.0 9.0 9.0 9.0 9.0 8.0 6.0 6.0 6.0 5.0 9.0 9.0 9.0 9.0 9.0 9.0 
1108447 1993 5 5 82 10.0 10.0 10.0 9.0 10.0 10.0 10.0 10.0 10.0 10.0 10.0 10.0 10.0 10.0 10.0 10.0 10.0 10.0 10.0 10.0 10.0 10.0 10.0 10.0 
1108447 1993 5 6 82 10.0 10.0 10.0 10.0 10.0 10.0 10.0 10.0 10.0 9.0 9.0 9.0 3.0 7.0 3.0 8.0 5.0 1.0 2.0 2.0 6.0 8.0 6.0 2.0 
1108447 1993 5 7 82 4.0 9.0 9.0 10.0 10.0 10.0 10.0 10.0 10.0 10.0 10.0 10.0 10.0 10.0 10.0 10.0 10.0 9.0 10.0 8.0 9.0 9.0 9.0 9.0 
1108447 1993 5 8 82 10.0 6.0 9.0 9.0 9.0 9.0 9.0 9.0 6.0 5.0 7.0 4.0 6.0 8.0 5.0 8.0 9.0 9.0 9.0 9.0 9.0 8.0 7.0 5.0 
1108447 1993 5 9 82 5.0 9.0 10.0 10.0 10.0 10.0 9.0 9.0 8.0 9.0 9.0 10.0 10.0 9.0 10.0 10.0 10.0 10.0 10.0 10.0 10.0 10.0 10.0 10.0 
1108447 1993 5 10 82 10.0 10.0 10.0 10.0 10.0 10.0 10.0 10.0 10.0 10.0 9.0 9.0 8.0 9.0 9.0 9.0 9.0 8.0 8.0 9.0 10.0 9.0 8.0 9.0 
1108447 1993 5 11 82 9.0 9.0 10.0 9.0 9.0 6.0 3.0 8.0 9.0 9.0 9.0 2.0 0.0 0.0 0.0 0.0 0.0 0.0 0.0 0.0 0.0 0.0 0.0 0.0 
1108447 1993 5 12 82 0.0 0.0 0.0 0.0 1.0 1.0 0.0 3.0 6.0 7.0 8.0 8.0 7.0 5.0 4.0 1.0 1.0 1.0 0.0 0.0 0.0 0.0 0.0 0.0 
1108447 1993 5 13 82 0.0 0.0 0.0 0.0 0.0 1.0 9.0 9.0 10.0 10.0 9.0 10.0 10.0 10.0 9.0 9.0 6.0 3.0 0.0 8.0 8.0 7.0 5.0 3.0 
1108447 1993 5 14 82 3.0 3.0 2.0 4.0 4.0 4.0 7.0 9.0 9.0 9.0 10.0 10.0 10.0 10.0 10.0 10.0 8.0 9.0 9.0 2.0 0.0 0.0 0.0 0.0 
1108447 1993 5 15 82 0.0 0.0 5.0 3.0 4.0 4.0 8.0 10.0 10.0 8.0 9.0 9.0 3.0 1.0 1.0 2.0 9.0 7.0 5.0 1.0 1.0 0.0 0.0 0.0 
1108447 1993 5 16 82 0.0 0.0 3.0 3.0 2.0 3.0 3.0 3.0 1.0 1.0 1.0 1.0 1.0 1.0 0.0 1.0 0.0 0.0 0.0 0.0 0.0 0.0 0.0 0.0 
1108447 1993 5 17 82 0.0 0.0 0.0 0.0 0.0 7.0 9.0 7.0 6.0 4.0 5.0 7.0 8.0 8.0 8.0 5.0 8.0 9.0 9.0 9.0 9.0 9.0 9.0 8.0 
1108447 1993 5 18 82 9.0 2.0 0.0 0.0 1.0 3.0 8.0 9.0 9.0 8.0 8.0 8.0 9.0 9.0 9.0 9.0 8.0 8.0 9.0 9.0 9.0 9.0 9.0 5.0 
1108447 1993 5 19 82 6.0 9.0 9.0 10.0 8.0 10.0 10.0 10.0 10.0 10.0 10.0 10.0 10.0 9.0 5.0 8.0 7.0 9.0 10.0 9.0 10.0 10.0 10.0 10.0 
1108447 1993 5 20 82 10.0 10.0 10.0 10.0 10.0 7.0 6.0 5.0 9.0 10.0 10.0 10.0 7.0 9.0 10.0 10.0 10.0 10.0 10.0 10.0 10.0 10.0 10.0 10.0 
1108447 1993 5 21 82 10.0 10.0 10.0 9.0 9.0 9.0 9.0 9.0 9.0 9.0 10.0 10.0 10.0 10.0 10.0 10.0 10.0 10.0 9.0 10.0 10.0 10.0 10.0 10.0 
1108447 1993 5 22 82 8.0 9.0 9.0 9.0 9.0 9.0 9.0 8.0 6.0 5.0 6.0 7.0 3.0 3.0 3.0 3.0 3.0 2.0 1.0 0.0 0.0 0.0 0.0 0.0 
1108447 1993 5 23 82 0.0 0.0 0.0 0.0 0.0 0.0 0.0 0.0 0.0 0.0 0.0 0.0 0.0 0.0 0.0 0.0 0.0 0.0 0.0 0.0 0.0 0.0 0.0 0.0 
1108447 1993 5 24 82 0.0 0.0 0.0 0.0 0.0 0.0 0.0 0.0 0.0 0.0 0.0 0.0 0.0 0.0 0.0 0.0 0.0 0.0 0.0 0.0 0.0 0.0 0.0 0.0 
1108447 1993 5 25 82 0.0 4.0 6.0 2.0 8.0 8.0 8.0 9.0 9.0 9.0 9.0 9.0 8.0 9.0 9.0 9.0 9.0 9.0 9.0 9.0 9.0 9.0 9.0 9.0 
1108447 1993 5 26 82 10.0 10.0 10.0 10.0 9.0 9.0 4.0 9.0 9.0 9.0 8.0 7.0 5.0 9.0 9.0 9.0 8.0 2.0 1.0 1.0 2.0 2.0 4.0 3.0 
1108447 1993 5 27 82 2.0 1.0 0.0 7.0 9.0 2.0 1.0 1.0 1.0 2.0 3.0 2.0 3.0 4.0 5.0 5.0 8.0 8.0 9.0 9.0 9.0 10.0 10.0 10.0 
1108447 1993 5 28 82 10.0 10.0 10.0 10.0 10.0 10.0 10.0 9.0 9.0 9.0 9.0 9.0 9.0 10.0 10.0 9.0 9.0 9.0 10.0 10.0 10.0 10.0 10.0 10.0 
1108447 1993 5 29 82 10.0 10.0 10.0 10.0 9.0 9.0 9.0 9.0 9.0 9.0 8.0 7.0 3.0 5.0 4.0 7.0 7.0 5.0 5.0 4.0 4.0 5.0 3.0 0.0 
1108447 1993 5 30 82 2.0 3.0 6.0 9.0 9.0 10.0 10.0 10.0 10.0 10.0 9.0 9.0 7.0 7.0 8.0 8.0 8.0 9.0 9.0 9.0 10.0 10.0 10.0 10.0 
1108447 1993 5 31 82 10.0 10.0 10.0 10.0 10.0 10.0 10.0 10.0 10.0 10.0 10.0 10.0 10.0 10.0 10.0 10.0 10.0 10.0 10.0 10.0 10.0 10.0 10.0 10.0 
1108447 1993 6 1 82 9.0 8.0 3.0 3.0 9.0 9.0 9.0 9.0 9.0 10.0 9.0 9.0 8.0 7.0 6.0 3.0 5.0 8.0 6.0 3.0 2.0 1.0 5.0 8.0 
1108447 1993 6 2 82 9.0 10.0 10.0 10.0 9.0 9.0 9.0 10.0 10.0 9.0 9.0 10.0 9.0 9.0 9.0 9.0 9.0 9.0 9.0 9.0 9.0 10.0 10.0 10.0 
1108447 1993 6 3 82 9.0 10.0 10.0 10.0 10.0 10.0 9.0 9.0 9.0 9.0 9.0 9.0 9.0 9.0 9.0 9.0 6.0 8.0 6.0 6.0 9.0 9.0 9.0 9.0 
1108447 1993 6 4 82 10.0 10.0 10.0 10.0 10.0 10.0 10.0 10.0 10.0 10.0 9.0 10.0 10.0 10.0 10.0 10.0 10.0 10.0 10.0 10.0 10.0 10.0 10.0 10.0 
1108447 1993 6 5 82 9.0 5.0 0.0 6.0 7.0 6.0 9.0 8.0 9.0 9.0 9.0 9.0 9.0 9.0 9.0 9.0 9.0 9.0 9.0 6.0 5.0 5.0 7.0 5.0 
1108447 1993 6 6 82 9.0 8.0 7.0 7.0 7.0 8.0 5.0 6.0 6.0 9.0 9.0 9.0 9.0 9.0 9.0 9.0 10.0 10.0 10.0 10.0 10.0 9.0 10.0 10.0 
1108447 1993 6 7 82 10.0 10.0 10.0 10.0 10.0 10.0 10.0 10.0 9.0 9.0 9.0 9.0 9.0 9.0 8.0 9.0 8.0 8.0 8.0 9.0 8.0 9.0 9.0 9.0 
1108447 1993 6 8 82 9.0 9.0 9.0 9.0 9.0 7.0 9.0 9.0 9.0 9.0 9.0 9.0 8.0 8.0 9.0 8.0 9.0 10.0 10.0 10.0 10.0 10.0 10.0 10.0 
1108447 1993 6 9 82 10.0 10.0 10.0 10.0 10.0 10.0 10.0 10.0 10.0 10.0 10.0 10.0 10.0 10.0 9.0 7.0 7.0 3.0 2.0 1.0 2.0 2.0 2.0 5.0 
1108447 1993 6 10 82 5.0 8.0 8.0 8.0 8.0 8.0 5.0 7.0 7.0 6.0 4.0 3.0 7.0 9.0 10.0 9.0 9.0 9.0 9.0 9.0 9.0 8.0 7.0 9.0 
1108447 1993 6 11 82 4.0 9.0 9.0 8.0 9.0 7.0 8.0 6.0 4.0 7.0 8.0 8.0 9.0 9.0 9.0 9.0 9.0 9.0 9.0 9.0 9.0 9.0 9.0 6.0 
1108447 1993 6 12 82 9.0 9.0 9.0 9.0 9.0 9.0 9.0 6.0 5.0 8.0 7.0 8.0 7.0 8.0 8.0 7.0 4.0 2.0 1.0 0.0 1.0 0.0 0.0 0.0 
1108447 1993 6 13 82 0.0 0.0 1.0 0.0 0.0 0.0 3.0 9.0 9.0 9.0 10.0 10.0 10.0 10.0 10.0 10.0 10.0 10.0 9.0 9.0 10.0 10.0 10.0 10.0 
1108447 1993 6 14 82 10.0 10.0 9.0 9.0 9.0 10.0 10.0 10.0 10.0 10.0 10.0 10.0 10.0 10.0 10.0 10.0 10.0 10.0 10.0 10.0 10.0 10.0 10.0 9.0 
1108447 1993 6 15 82 9.0 10.0 10.0 10.0 10.0 10.0 10.0 10.0 9.0 10.0 10.0 10.0 9.0 6.0 5.0 5.0 5.0 4.0 3.0 2.0 2.0 1.0 1.0 1.0 
1108447 1993 6 16 82 9.0 9.0 9.0 9.0 9.0 8.0 8.0 10.0 9.0 8.0 7.0 2.0 7.0 3.0 9.0 9.0 10.0 9.0 9.0 9.0 5.0 1.0 1.0 0.0 
1108447 1993 6 17 82 0.0 0.0 0.0 0.0 4.0 9.0 9.0 10.0 9.0 9.0 9.0 9.0 8.0 2.0 2.0 2.0 7.0 8.0 3.0 9.0 9.0 9.0 9.0 1.0 
1108447 1993 6 18 82 8.0 2.0 2.0 2.0 4.0 4.0 8.0 8.0 7.0 7.0 8.0 9.0 9.0 9.0 9.0 9.0 9.0 9.0 7.0 9.0 7.0 8.0 9.0 7.0 
1108447 1993 6 19 82 9.0 9.0 9.0 9.0 9.0 8.0 8.0 8.0 9.0 5.0 2.0 1.0 1.0 1.0 0.0 0.0 0.0 5.0 8.0 7.0 7.0 5.0 3.0 8.0 
1108447 1993 6 20 82 6.0 8.0 8.0 7.0 5.0 4.0 7.0 7.0 7.0 9.0 9.0 9.0 7.0 4.0 4.0 3.0 5.0 7.0 3.0 2.0 1.0 0.0 0.0 1.0 
1108447 1993 6 21 82 0.0 0.0 0.0 4.0 5.0 7.0 8.0 9.0 9.0 9.0 10.0 10.0 10.0 10.0 9.0 10.0 10.0 10.0 3.0 7.0 9.0 5.0 5.0 6.0 
1108447 1993 6 22 82 6.0 4.0 6.0 7.0 8.0 9.0 9.0 9.0 9.0 8.0 9.0 8.0 9.0 9.0 8.0 9.0 9.0 9.0 10.0 9.0 5.0 8.0 8.0 9.0 
1108447 1993 6 23 82 10.0 10.0 5.0 9.0 8.0 7.0 6.0 4.0 3.0 4.0 7.0 3.0 7.0 5.0 5.0 4.0 6.0 4.0 4.0 3.0 9.0 10.0 7.0 10.0 
1108447 1993 6 24 82 10.0 10.0 10.0 10.0 10.0 9.0 10.0 9.0 9.0 9.0 9.0 10.0 10.0 10.0 10.0 9.0 9.0 9.0 9.0 9.0 9.0 10.0 10.0 10.0 
1108447 1993 6 25 82 10.0 10.0 10.0 10.0 9.0 9.0 9.0 9.0 9.0 9.0 8.0 2.0 1.0 2.0 3.0 8.0 8.0 9.0 8.0 8.0 8.0 6.0 4.0 5.0 
1108447 1993 6 26 82 7.0 4.0 3.0 6.0 8.0 8.0 9.0 9.0 9.0 9.0 10.0 10.0 10.0 10.0 10.0 9.0 9.0 8.0 9.0 9.0 9.0 9.0 9.0 9.0 
1108447 1993 6 27 82 9.0 9.0 9.0 9.0 9.0 9.0 9.0 9.0 9.0 8.0 8.0 9.0 7.0 4.0 7.0 7.0 6.0 5.0 4.0 6.0 5.0 3.0 2.0 1.0 
1108447 1993 6 28 82 4.0 7.0 8.0 8.0 9.0 9.0 10.0 9.0 10.0 9.0 9.0 9.0 9.0 9.0 9.0 8.0 9.0 9.0 9.0 7.0 9.0 9.0 9.0 9.0 
1108447 1993 6 29 82 9.0 10.0 10.0 9.0 8.0 9.0 8.0 8.0 9.0 9.0 8.0 6.0 4.0 4.0 4.0 3.0 6.0 9.0 9.0 9.0 9.0 9.0 9.0 9.0 
1108447 1993 6 30 82 7.0 8.0 4.0 4.0 8.0 8.0 8.0 9.0 9.0 9.0 8.0 9.0 9.0 9.0 9.0 8.0 9.0 9.0 9.0 8.0 3.0 2.0 2.0 2.0 
1108447 1993 7 1 82 8.0 6.0 4.0 6.0 8.0 9.0 9.0 10.0 10.0 10.0 9.0 10.0 9.0 9.0 9.0 9.0 9.0 8.0 3.0 7.0 8.0 8.0 5.0 9.0 
1108447 1993 7 2 82 9.0 8.0 8.0 8.0 10.0 9.0 7.0 8.0 9.0 8.0 8.0 8.0 5.0 8.0 1.0 4.0 7.0 9.0 9.0 9.0 9.0 10.0 10.0 10.0 
1108447 1993 7 3 82 10.0 10.0 10.0 10.0 10.0 10.0 10.0 10.0 10.0 10.0 10.0 10.0 10.0 9.0 9.0 9.0 9.0 7.0 7.0 6.0 1.0 5.0 9.0 9.0 
1108447 1993 7 4 82 9.0 3.0 6.0 9.0 8.0 6.0 9.0 7.0 4.0 7.0 8.0 7.0 7.0 8.0 5.0 4.0 3.0 3.0 3.0 1.0 1.0 2.0 3.0 4.0 
1108447 1993 7 5 82 1.0 1.0 0.0 0.0 0.0 1.0 3.0 3.0 6.0 7.0 9.0 9.0 9.0 3.0 2.0 3.0 2.0 2.0 1.0 2.0 1.0 1.0 1.0 1.0 
1108447 1993 7 6 82 1.0 0.0 0.0 8.0 8.0 3.0 3.0 7.0 7.0 8.0 9.0 9.0 9.0 6.0 5.0 4.0 2.0 0.0 0.0 0.0 0.0 0.0 0.0 0.0 
1108447 1993 7 7 82 0.0 1.0 1.0 3.0 4.0 3.0 4.0 3.0 4.0 4.0 2.0 2.0 2.0 2.0 1.0 1.0 1.0 1.0 1.0 1.0 1.0 1.0 0.0 0.0 
1108447 1993 7 8 82 0.0 0.0 0.0 0.0 0.0 2.0 3.0 7.0 7.0 2.0 2.0 5.0 6.0 4.0 3.0 3.0 2.0 2.0 1.0 1.0 0.0 0.0 0.0 0.0 
1108447 1993 7 9 82 1.0 1.0 0.0 1.0 2.0 2.0 3.0 4.0 9.0 9.0 9.0 9.0 9.0 9.0 7.0 4.0 2.0 2.0 2.0 0.0 0.0 0.0 2.0 3.0 
1108447 1993 7 10 82 4.0 2.0 5.0 7.0 8.0 9.0 9.0 9.0 9.0 8.0 9.0 8.0 8.0 8.0 7.0 2.0 2.0 2.0 4.0 9.0 8.0 9.0 8.0 10.0 
1108447 1993 7 11 82 9.0 9.0 10.0 10.0 10.0 10.0 10.0 10.0 10.0 10.0 10.0 9.0 9.0 8.0 7.0 5.0 4.0 7.0 8.0 5.0 9.0 9.0 9.0 9.0 
1108447 1993 7 12 82 9.0 7.0 9.0 9.0 9.0 9.0 9.0 9.0 10.0 10.0 10.0 10.0 9.0 8.0 8.0 7.0 5.0 6.0 5.0 2.0 6.0 8.0 7.0 10.0 
1108447 1993 7 13 82 10.0 10.0 10.0 10.0 10.0 10.0 9.0 10.0 9.0 9.0 9.0 8.0 2.0 2.0 2.0 2.0 5.0 5.0 8.0 9.0 9.0 9.0 10.0 10.0 
1108447 1993 7 14 82 10.0 10.0 10.0 10.0 10.0 10.0 10.0 10.0 10.0 10.0 10.0 10.0 7.0 7.0 7.0 4.0 3.0 3.0 2.0 4.0 2.0 2.0 2.0 2.0 
1108447 1993 7 15 82 2.0 3.0 9.0 9.0 9.0 9.0 10.0 10.0 10.0 10.0 10.0 10.0 10.0 10.0 10.0 10.0 10.0 10.0 10.0 10.0 10.0 10.0 10.0 10.0 
1108447 1993 7 16 82 10.0 10.0 10.0 10.0 10.0 10.0 10.0 10.0 10.0 10.0 10.0 9.0 9.0 7.0 5.0 3.0 2.0 2.0 2.0 3.0 3.0 2.0 2.0 1.0 
1108447 1993 7 17 82 2.0 2.0 1.0 6.0 9.0 8.0 6.0 4.0 4.0 4.0 6.0 4.0 5.0 4.0 4.0 3.0 5.0 5.0 5.0 6.0 4.0 6.0 7.0 7.0 
1108447 1993 7 18 82 9.0 9.0 10.0 10.0 10.0 9.0 9.0 9.0 10.0 9.0 8.0 7.0 4.0 3.0 2.0 2.0 3.0 2.0 2.0 2.0 2.0 2.0 1.0 0.0 
1108447 1993 7 19 82 0.0 0.0 0.0 0.0 1.0 9.0 9.0 9.0 9.0 10.0 10.0 10.0 10.0 10.0 10.0 10.0 9.0 9.0 9.0 9.0 9.0 9.0 9.0 9.0 
1108447 1993 7 20 82 9.0 10.0 10.0 10.0 10.0 10.0 10.0 10.0 10.0 10.0 10.0 10.0 10.0 10.0 10.0 10.0 10.0 9.0 9.0 9.0 9.0 10.0 10.0 10.0 
1108447 1993 7 21 82 10.0 10.0 10.0 10.0 10.0 10.0 9.0 10.0 9.0 9.0 10.0 10.0 10.0 9.0 9.0 9.0 9.0 10.0 9.0 9.0 10.0 10.0 10.0 9.0 
1108447 1993 7 22 82 10.0 10.0 10.0 10.0 10.0 10.0 10.0 10.0 10.0 10.0 10.0 10.0 10.0 10.0 10.0 10.0 10.0 9.0 9.0 7.0 8.0 8.0 8.0 7.0 
1108447 1993 7 23 82 5.0 9.0 8.0 8.0 9.0 10.0 9.0 9.0 9.0 9.0 10.0 9.0 8.0 7.0 8.0 8.0 8.0 9.0 9.0 5.0 5.0 6.0 9.0 9.0 
1108447 1993 7 24 82 9.0 10.0 10.0 9.0 9.0 10.0 9.0 9.0 9.0 9.0 9.0 8.0 8.0 2.0 2.0 3.0 1.0 1.0 3.0 8.0 9.0 9.0 9.0 9.0 
1108447 1993 7 25 82 9.0 7.0 9.0 8.0 5.0 3.0 1.0 4.0 2.0 2.0 1.0 1.0 1.0 1.0 1.0 2.0 2.0 1.0 1.0 1.0 0.0 0.0 0.0 0.0 
1108447 1993 7 26 82 0.0 0.0 0.0 0.0 1.0 0.0 0.0 0.0 0.0 0.0 0.0 1.0 2.0 2.0 6.0 5.0 4.0 4.0 8.0 3.0 7.0 7.0 5.0 4.0 
1108447 1993 7 27 82 7.0 8.0 3.0 7.0 4.0 3.0 1.0 5.0 5.0 8.0 10.0 10.0 10.0 10.0 9.0 9.0 8.0 9.0 9.0 9.0 8.0 9.0 9.0 9.0 
1108447 1993 7 28 82 9.0 9.0 9.0 9.0 10.0 10.0 10.0 10.0 10.0 10.0 10.0 10.0 9.0 9.0 9.0 10.0 10.0 9.0 9.0 9.0 9.0 9.0 9.0 10.0 
1108447 1993 7 29 82 9.0 10.0 9.0 9.0 8.0 9.0 9.0 10.0 10.0 10.0 10.0 9.0 8.0 8.0 8.0 9.0 10.0 9.0 10.0 9.0 9.0 9.0 9.0 6.0 
1108447 1993 7 30 82 8.0 8.0 9.0 9.0 9.0 7.0 6.0 9.0 8.0 9.0 6.0 7.0 9.0 9.0 9.0 10.0 10.0 10.0 10.0 10.0 7.0 7.0 8.0 9.0 
1108447 1993 7 31 82 9.0 9.0 10.0 9.0 9.0 9.0 9.0 4.0 3.0 3.0 5.0 8.0 8.0 8.0 5.0 2.0 1.0 2.0 1.0 5.0 0.0 0.0 0.0 0.0 
1108447 1993 8 1 82 0.0 0.0 0.0 0.0 0.0 0.0 0.0 0.0 0.0 0.0 0.0 0.0 0.0 0.0 0.0 0.0 0.0 0.0 0.0 0.0 0.0 0.0 0.0 0.0 
1108447 1993 8 2 82 0.0 0.0 0.0 0.0 0.0 0.0 0.0 0.0 0.0 0.0 0.0 0.0 0.0 0.0 0.0 0.0 0.0 0.0 0.0 0.0 0.0 0.0 0.0 0.0 
1108447 1993 8 3 82 0.0 0.0 0.0 3.0 1.0 2.0 1.0 1.0 1.0 1.0 1.0 2.0 1.0 0.0 1.0 1.0 1.0 0.0 0.0 0.0 0.0 0.0 0.0 1.0 
1108447 1993 8 4 82 2.0 1.0 1.0 1.0 1.0 0.0 0.0 0.0 1.0 1.0 1.0 1.0 1.0 2.0 2.0 2.0 2.0 2.0 2.0 3.0 3.0 2.0 0.0 0.0 
1108447 1993 8 5 82 0.0 0.0 0.0 0.0 0.0 0.0 0.0 0.0 0.0 0.0 0.0 0.0 0.0 0.0 0.0 0.0 0.0 0.0 0.0 0.0 0.0 0.0 0.0 0.0 
1108447 1993 8 6 82 0.0 0.0 0.0 0.0 0.0 0.0 0.0 0.0 2.0 3.0 1.0 0.0 0.0 0.0 0.0 0.0 0.0 0.0 0.0 0.0 0.0 0.0 0.0 0.0 
1108447 1993 8 7 82 0.0 0.0 1.0 8.0 4.0 8.0 8.0 9.0 10.0 10.0 10.0 10.0 6.0 2.0 2.0 1.0 1.0 0.0 0.0 0.0 1.0 9.0 9.0 9.0 
1108447 1993 8 8 82 9.0 9.0 9.0 9.0 9.0 9.0 9.0 9.0 9.0 9.0 9.0 8.0 7.0 8.0 7.0 8.0 9.0 9.0 10.0 10.0 10.0 10.0 10.0 9.0 
1108447 1993 8 9 82 9.0 10.0 10.0 10.0 10.0 10.0 10.0 10.0 10.0 10.0 10.0 10.0 10.0 10.0 10.0 10.0 10.0 10.0 10.0 10.0 10.0 10.0 10.0 10.0 
1108447 1993 8 10 82 9.0 9.0 10.0 10.0 9.0 10.0 10.0 10.0 9.0 9.0 9.0 9.0 8.0 8.0 8.0 3.0 3.0 2.0 2.0 1.0 1.0 1.0 1.0 2.0 
1108447 1993 8 11 82 1.0 1.0 1.0 0.0 0.0 1.0 1.0 1.0 2.0 2.0 5.0 3.0 2.0 3.0 3.0 3.0 4.0 1.0 0.0 1.0 1.0 0.0 0.0 0.0 
1108447 1993 8 12 82 0.0 0.0 0.0 0.0 8.0 5.0 9.0 10.0 10.0 8.0 2.0 1.0 0.0 1.0 2.0 3.0 6.0 7.0 6.0 0.0 0.0 0.0 0.0 0.0 
1108447 1993 8 13 82 0.0 0.0 10.0 9.0 10.0 9.0 8.0 10.0 10.0 10.0 10.0 10.0 10.0 9.0 10.0 10.0 10.0 10.0 10.0 10.0 9.0 9.0 10.0 8.0 
1108447 1993 8 14 82 9.0 5.0 8.0 10.0 10.0 10.0 10.0 10.0 10.0 10.0 10.0 10.0 10.0 10.0 10.0 10.0 9.0 10.0 10.0 10.0 10.0 10.0 10.0 10.0 
1108447 1993 8 15 82 10.0 10.0 10.0 10.0 10.0 10.0 10.0 10.0 10.0 10.0 10.0 9.0 6.0 6.0 9.0 9.0 9.0 9.0 9.0 9.0 9.0 9.0 10.0 10.0 
1108447 1993 8 16 82 9.0 9.0 9.0 10.0 10.0 10.0 10.0 10.0 10.0 10.0 10.0 10.0 10.0 9.0 9.0 9.0 10.0 10.0 10.0 10.0 10.0 10.0 9.0 10.0 
1108447 1993 8 17 82 10.0 10.0 10.0 9.0 9.0 9.0 9.0 9.0 8.0 3.0 3.0 4.0 4.0 4.0 4.0 3.0 4.0 4.0 3.0 6.0 3.0 0.0 0.0 0.0 
1108447 1993 8 18 82 0.0 0.0 0.0 0.0 0.0 0.0 1.0 3.0 0.0 0.0 1.0 1.0 1.0 2.0 4.0 4.0 3.0 3.0 3.0 2.0 1.0 0.0 0.0 0.0 
1108447 1993 8 19 82 0.0 0.0 0.0 0.0 0.0 0.0 1.0 1.0 0.0 0.0 1.0 0.0 0.0 0.0 2.0 1.0 1.0 2.0 1.0 3.0 1.0 0.0 1.0 0.0 
1108447 1993 8 20 82 0.0 0.0 0.0 0.0 0.0 0.0 0.0 0.0 0.0 0.0 0.0 0.0 0.0 0.0 1.0 2.0 4.0 7.0 7.0 5.0 3.0 4.0 5.0 6.0 
1108447 1993 8 21 82 7.0 8.0 9.0 10.0 10.0 10.0 10.0 10.0 10.0 10.0 10.0 10.0 10.0 10.0 10.0 10.0 10.0 10.0 10.0 10.0 9.0 9.0 10.0 10.0 
1108447 1993 8 22 82 10.0 10.0 10.0 10.0 10.0 9.0 10.0 10.0 10.0 10.0 9.0 9.0 9.0 9.0 9.0 10.0 10.0 10.0 10.0 10.0 10.0 9.0 9.0 9.0 
1108447 1993 8 23 82 7.0 2.0 2.0 9.0 2.0 8.0 8.0 8.0 7.0 7.0 6.0 4.0 6.0 6.0 8.0 6.0 7.0 7.0 6.0 5.0 7.0 6.0 3.0 6.0 
1108447 1993 8 24 82 6.0 7.0 8.0 8.0 9.0 9.0 9.0 10.0 10.0 10.0 9.0 9.0 9.0 8.0 9.0 3.0 2.0 8.0 3.0 8.0 7.0 5.0 8.0 7.0 
1108447 1993 8 25 82 9.0 5.0 4.0 5.0 4.0 9.0 9.0 7.0 7.0 5.0 4.0 3.0 4.0 3.0 0.0 0.0 1.0 2.0 2.0 7.0 7.0 3.0 1.0 2.0 
1108447 1993 8 26 82 1.0 3.0 2.0 1.0 1.0 6.0 7.0 9.0 9.0 9.0 9.0 10.0 10.0 7.0 8.0 8.0 9.0 9.0 9.0 10.0 9.0 10.0 10.0 9.0 
1108447 1993 8 27 82 9.0 9.0 9.0 9.0 9.0 8.0 8.0 9.0 9.0 8.0 9.0 8.0 3.0 8.0 9.0 8.0 4.0 6.0 3.0 5.0 2.0 2.0 3.0 1.0 
1108447 1993 8 28 82 1.0 0.0 1.0 4.0 2.0 9.0 8.0 2.0 2.0 1.0 1.0 1.0 1.0 1.0 1.0 1.0 1.0 1.0 1.0 1.0 0.0 0.0 0.0 0.0 
1108447 1993 8 29 82 0.0 0.0 0.0 0.0 0.0 0.0 0.0 0.0 0.0 1.0 2.0 0.0 0.0 0.0 0.0 0.0 0.0 0.0 0.0 0.0 0.0 0.0 0.0 0.0 
1108447 1993 8 30 82 0.0 0.0 0.0 0.0 0.0 0.0 0.0 0.0 0.0 0.0 1.0 3.0 5.0 9.0 10.0 10.0 10.0 10.0 10.0 7.0 8.0 3.0 2.0 0.0 
1108447 1993 8 31 82 1.0 4.0 8.0 10.0 10.0 10.0 10.0 10.0 10.0 10.0 10.0 10.0 10.0 9.0 8.0 9.0 10.0 10.0 10.0 10.0 10.0 9.0 9.0 9.0 
1108447 1993 9 1 82 9.0 8.0 6.0 3.0 1.0 1.0 1.0 3.0 2.0 1.0 1.0 1.0 1.0 0.0 0.0 0.0 0.0 0.0 0.0 0.0 0.0 0.0 0.0 0.0 
1108447 1993 9 2 82 0.0 0.0 0.0 0.0 0.0 0.0 1.0 0.0 0.0 0.0 0.0 0.0 0.0 0.0 0.0 0.0 0.0 0.0 0.0 0.0 0.0 0.0 0.0 0.0 
1108447 1993 9 3 82 0.0 0.0 0.0 0.0 0.0 0.0 0.0 0.0 0.0 0.0 0.0 0.0 0.0 0.0 0.0 0.0 0.0 0.0 0.0 0.0 0.0 0.0 0.0 0.0 
1108447 1993 9 4 82 0.0 0.0 0.0 0.0 8.0 9.0 10.0 10.0 10.0 10.0 8.0 1.0 0.0 0.0 0.0 0.0 0.0 0.0 0.0 0.0 0.0 0.0 0.0 0.0 
1108447 1993 9 5 82 0.0 0.0 0.0 0.0 0.0 2.0 10.0 10.0 10.0 10.0 10.0 10.0 10.0 10.0 10.0 10.0 10.0 10.0 10.0 10.0 9.0 3.0 0.0 0.0 
1108447 1993 9 6 82 0.0 0.0 0.0 9.0 9.0 9.0 10.0 10.0 10.0 10.0 9.0 10.0 3.0 0.0 0.0 0.0 0.0 0.0 0.0 0.0 0.0 0.0 0.0 0.0 
1108447 1993 9 7 82 0.0 0.0 3.0 0.0 0.0 0.0 2.0 1.0 4.0 5.0 4.0 3.0 4.0 3.0 3.0 2.0 4.0 3.0 3.0 4.0 4.0 3.0 4.0 2.0 
1108447 1993 9 8 82 0.0 0.0 0.0 0.0 0.0 4.0 5.0 8.0 2.0 2.0 1.0 0.0 0.0 0.0 0.0 0.0 0.0 0.0 0.0 0.0 0.0 0.0 0.0 0.0 
1108447 1993 9 9 82 0.0 0.0 0.0 0.0 0.0 0.0 0.0 0.0 0.0 0.0 0.0 0.0 0.0 0.0 0.0 0.0 0.0 0.0 0.0 0.0 0.0 0.0 0.0 0.0 
1108447 1993 9 10 82 0.0 0.0 0.0 0.0 0.0 0.0 0.0 0.0 1.0 1.0 1.0 1.0 1.0 1.0 1.0 1.0 0.0 0.0 0.0 0.0 0.0 0.0 0.0 0.0 
1108447 1993 9 11 82 0.0 5.0 6.0 9.0 10.0 10.0 9.0 10.0 9.0 9.0 8.0 2.0 1.0 3.0 9.0 9.0 5.0 0.0 0.0 1.0 1.0 1.0 1.0 1.0 
1108447 1993 9 12 82 1.0 1.0 1.0 1.0 1.0 4.0 2.0 1.0 1.0 1.0 0.0 0.0 0.0 0.0 0.0 0.0 0.0 0.0 0.0 0.0 0.0 0.0 0.0 2.0 
1108447 1993 9 13 82 4.0 2.0 2.0 1.0 1.0 2.0 3.0 3.0 3.0 2.0 2.0 0.0 1.0 4.0 9.0 9.0 9.0 10.0 9.0 9.0 8.0 9.0 9.0 6.0 
1108447 1993 9 14 82 2.0 9.0 9.0 10.0 10.0 10.0 9.0 9.0 9.0 9.0 9.0 8.0 7.0 8.0 8.0 8.0 9.0 9.0 4.0 0.0 0.0 0.0 0.0 0.0 
1108447 1993 9 15 82 1.0 3.0 0.0 1.0 3.0 2.0 2.0 5.0 6.0 6.0 8.0 7.0 5.0 3.0 4.0 8.0 7.0 1.0 1.0 1.0 0.0 0.0 0.0 0.0 
1108447 1993 9 16 82 0.0 0.0 0.0 0.0 0.0 0.0 0.0 0.0 0.0 0.0 0.0 0.0 0.0 0.0 1.0 5.0 5.0 3.0 6.0 6.0 4.0 2.0 6.0 3.0 
1108447 1993 9 17 82 2.0 4.0 4.0 2.0 1.0 0.0 0.0 0.0 0.0 0.0 0.0 0.0 0.0 0.0 0.0 0.0 0.0 0.0 0.0 0.0 0.0 0.0 0.0 0.0 
1108447 1993 9 18 82 0.0 0.0 0.0 0.0 0.0 5.0 3.0 5.0 5.0 10.0 10.0 9.0 10.0 9.0 10.0 10.0 10.0 10.0 9.0 4.0 4.0 8.0 9.0 9.0 
1108447 1993 9 19 82 9.0 10.0 10.0 10.0 10.0 10.0 10.0 10.0 10.0 10.0 10.0 9.0 9.0 9.0 9.0 9.0 9.0 9.0 9.0 9.0 9.0 8.0 5.0 3.0 
1108447 1993 9 20 82 8.0 10.0 10.0 9.0 9.0 9.0 10.0 9.0 9.0 9.0 9.0 8.0 7.0 4.0 4.0 3.0 2.0 2.0 3.0 2.0 0.0 0.0 0.0 0.0 
1108447 1993 9 21 82 0.0 0.0 0.0 0.0 0.0 0.0 0.0 0.0 1.0 9.0 9.0 6.0 4.0 3.0 7.0 2.0 1.0 0.0 3.0 5.0 3.0 3.0 3.0 3.0 
1108447 1993 9 22 82 3.0 4.0 3.0 3.0 3.0 3.0 3.0 1.0 0.0 1.0 3.0 1.0 1.0 3.0 3.0 4.0 5.0 8.0 8.0 8.0 4.0 4.0 2.0 0.0 
1108447 1993 9 23 82 0.0 0.0 0.0 0.0 0.0 0.0 0.0 0.0 0.0 0.0 0.0 0.0 0.0 0.0 0.0 0.0 1.0 2.0 2.0 2.0 1.0 0.0 0.0 0.0 
1108447 1993 9 24 82 3.0 0.0 7.0 8.0 9.0 10.0 10.0 10.0 9.0 9.0 10.0 10.0 10.0 10.0 10.0 9.0 8.0 1.0 1.0 1.0 1.0 1.0 0.0 0.0 
1108447 1993 9 25 82 0.0 0.0 0.0 1.0 6.0 3.0 1.0 0.0 0.0 0.0 0.0 0.0 0.0 0.0 0.0 0.0 0.0 1.0 0.0 0.0 0.0 0.0 4.0 3.0 
1108447 1993 9 26 82 2.0 2.0 1.0 0.0 0.0 0.0 0.0 0.0 0.0 0.0 0.0 0.0 0.0 0.0 0.0 0.0 0.0 0.0 1.0 0.0 0.0 0.0 0.0 0.0 
1108447 1993 9 27 82 0.0 3.0 4.0 2.0 2.0 0.0 3.0 1.0 2.0 3.0 3.0 7.0 9.0 9.0 9.0 9.0 9.0 8.0 8.0 5.0 3.0 3.0 2.0 2.0 
1108447 1993 9 28 82 4.0 3.0 2.0 4.0 4.0 6.0 6.0 5.0 3.0 4.0 3.0 2.0 2.0 2.0 1.0 1.0 1.0 0.0 0.0 0.0 0.0 0.0 0.0 0.0 
1108447 1993 9 29 82 0.0 0.0 0.0 0.0 0.0 2.0 4.0 9.0 7.0 7.0 9.0 9.0 9.0 9.0 9.0 9.0 10.0 9.0 9.0 8.0 9.0 9.0 9.0 8.0 
1108447 1993 9 30 82 9.0 10.0 6.0 4.0 3.0 4.0 3.0 5.0 6.0 9.0 5.0 3.0 0.0 0.0 0.0 0.0 0.0 0.0 0.0 0.0 0.0 0.0 0.0 0.0 
1108447 1993 10 1 82 0.0 0.0 0.0 0.0 0.0 0.0 2.0 0.0 0.0 0.0 1.0 0.0 2.0 2.0 5.0 6.0 4.0 3.0 9.0 2.0 2.0 2.0 2.0 0.0 
1108447 1993 10 2 82 0.0 5.0 2.0 1.0 0.0 0.0 3.0 4.0 4.0 4.0 4.0 0.0 0.0 0.0 0.0 0.0 0.0 0.0 0.0 0.0 0.0 0.0 0.0 0.0 
1108447 1993 10 3 82 0.0 0.0 0.0 0.0 0.0 0.0 0.0 0.0 0.0 0.0 0.0 0.0 0.0 0.0 0.0 0.0 0.0 0.0 0.0 0.0 0.0 0.0 0.0 0.0 
1108447 1993 10 4 82 0.0 0.0 0.0 0.0 0.0 9.0 10.0 10.0 10.0 10.0 10.0 10.0 9.0 7.0 8.0 8.0 3.0 2.0 2.0 1.0 0.0 10.0 10.0 10.0 
1108447 1993 10 5 82 10.0 10.0 10.0 10.0 10.0 10.0 10.0 10.0 10.0 10.0 10.0 10.0 10.0 10.0 10.0 10.0 10.0 10.0 10.0 9.0 10.0 10.0 10.0 10.0 
1108447 1993 10 6 82 10.0 9.0 10.0 3.0 9.0 9.0 9.0 9.0 9.0 10.0 9.0 10.0 9.0 9.0 7.0 6.0 5.0 6.0 7.0 7.0 8.0 9.0 9.0 10.0 
1108447 1993 10 7 82 10.0 10.0 10.0 9.0 9.0 9.0 7.0 8.0 3.0 3.0 2.0 0.0 0.0 1.0 1.0 1.0 1.0 1.0 1.0 1.0 1.0 0.0 0.0 0.0 
1108447 1993 10 8 82 0.0 0.0 0.0 0.0 0.0 0.0 1.0 1.0 1.0 1.0 2.0 3.0 4.0 8.0 9.0 9.0 9.0 9.0 9.0 5.0 3.0 3.0 0.0 0.0 
1108447 1993 10 9 82 0.0 0.0 0.0 0.0 0.0 7.0 4.0 0.0 0.0 0.0 0.0 0.0 0.0 0.0 0.0 0.0 0.0 0.0 0.0 0.0 0.0 0.0 0.0 0.0 
1108447 1993 10 10 82 0.0 0.0 0.0 1.0 0.0 0.0 0.0 0.0 0.0 0.0 0.0 0.0 0.0 1.0 2.0 3.0 5.0 6.0 5.0 6.0 4.0 3.0 0.0 0.0 
1108447 1993 10 11 82 0.0 5.0 3.0 5.0 3.0 2.0 4.0 0.0 0.0 0.0 0.0 0.0 0.0 0.0 1.0 2.0 5.0 7.0 5.0 3.0 10.0 10.0 10.0 10.0 
1108447 1993 10 12 82 10.0 10.0 10.0 10.0 10.0 10.0 9.0 8.0 8.0 8.0 8.0 9.0 9.0 9.0 9.0 6.0 6.0 8.0 6.0 8.0 8.0 9.0 10.0 10.0 
1108447 1993 10 13 82 10.0 10.0 10.0 10.0 10.0 10.0 10.0 10.0 10.0 10.0 10.0 10.0 9.0 9.0 9.0 9.0 8.0 7.0 7.0 9.0 8.0 9.0 9.0 9.0 
1108447 1993 10 14 82 10.0 10.0 10.0 10.0 10.0 10.0 10.0 10.0 10.0 10.0 10.0 10.0 10.0 10.0 10.0 10.0 10.0 10.0 10.0 10.0 9.0 10.0 10.0 10.0 
1108447 1993 10 15 82 10.0 10.0 10.0 10.0 9.0 10.0 9.0 9.0 9.0 9.0 8.0 6.0 5.0 8.0 8.0 8.0 6.0 5.0 4.0 3.0 1.0 1.0 2.0 7.0 
1108447 1993 10 16 82 8.0 9.0 9.0 9.0 9.0 9.0 9.0 9.0 9.0 9.0 10.0 9.0 9.0 9.0 5.0 7.0 7.0 8.0 8.0 9.0 9.0 9.0 9.0 10.0 
1108447 1993 10 17 82 9.0 10.0 10.0 9.0 9.0 6.0 9.0 9.0 10.0 10.0 10.0 10.0 9.0 9.0 10.0 10.0 9.0 9.0 9.0 9.0 9.0 9.0 10.0 10.0 
1108447 1993 10 18 82 9.0 9.0 10.0 9.0 10.0 10.0 9.0 10.0 9.0 10.0 10.0 10.0 10.0 10.0 9.0 10.0 10.0 10.0 9.0 10.0 10.0 7.0 8.0 10.0 
1108447 1993 10 19 82 7.0 7.0 3.0 2.0 2.0 8.0 9.0 9.0 9.0 9.0 10.0 4.0 4.0 1.0 3.0 3.0 4.0 3.0 3.0 0.0 0.0 0.0 8.0 9.0 
1108447 1993 10 20 82 8.0 10.0 5.0 4.0 2.0 3.0 9.0 9.0 9.0 9.0 9.0 10.0 10.0 10.0 10.0 10.0 10.0 10.0 10.0 10.0 10.0 10.0 10.0 10.0 
1108447 1993 10 21 82 10.0 10.0 10.0 10.0 10.0 8.0 8.0 9.0 8.0 8.0 4.0 3.0 6.0 8.0 9.0 9.0 10.0 10.0 9.0 10.0 10.0 10.0 10.0 10.0 
1108447 1993 10 22 82 10.0 10.0 10.0 10.0 10.0 10.0 10.0 10.0 10.0 10.0 10.0 10.0 10.0 10.0 10.0 10.0 10.0 10.0 10.0 10.0 10.0 10.0 10.0 10.0 
1108447 1993 10 23 82 10.0 10.0 10.0 10.0 10.0 10.0 10.0 10.0 10.0 10.0 10.0 10.0 10.0 9.0 9.0 10.0 10.0 8.0 2.0 4.0 4.0 9.0 8.0 9.0 
1108447 1993 10 24 82 9.0 7.0 7.0 8.0 9.0 5.0 1.0 2.0 1.0 7.0 9.0 5.0 3.0 4.0 9.0 7.0 9.0 9.0 7.0 7.0 7.0 7.0 9.0 9.0 
1108447 1993 10 25 82 9.0 8.0 7.0 6.0 3.0 4.0 2.0 5.0 5.0 3.0 2.0 3.0 7.0 8.0 5.0 6.0 5.0 6.0 6.0 3.0 3.0 4.0 1.0 1.0 
1108447 1993 10 26 82 4.0 4.0 3.0 5.0 0.0 2.0 3.0 3.0 9.0 10.0 10.0 10.0 10.0 10.0 10.0 10.0 10.0 10.0 9.0 9.0 9.0 9.0 9.0 9.0 
1108447 1993 10 27 82 9.0 8.0 9.0 9.0 9.0 9.0 9.0 9.0 10.0 10.0 10.0 10.0 10.0 10.0 10.0 10.0 10.0 10.0 10.0 10.0 10.0 10.0 10.0 10.0 
1108447 1993 10 28 82 10.0 10.0 10.0 10.0 10.0 10.0 10.0 10.0 9.0 9.0 8.0 4.0 3.0 9.0 8.0 4.0 2.0 3.0 4.0 8.0 5.0 1.0 9.0 9.0 
1108447 1993 10 29 82 9.0 9.0 9.0 9.0 9.0 10.0 10.0 10.0 10.0 10.0 10.0 9.0 9.0 9.0 9.0 9.0 10.0 10.0 10.0 8.0 5.0 9.0 9.0 9.0 
1108447 1993 10 30 82 9.0 9.0 9.0 9.0 10.0 10.0 10.0 10.0 10.0 10.0 10.0 10.0 10.0 10.0 10.0 10.0 10.0 10.0 10.0 10.0 10.0 10.0 10.0 10.0 
1108447 1993 10 31 82 10.0 10.0 10.0 10.0 9.0 8.0 2.0 1.0 0.0 0.0 0.0 0.0 0.0 0.0 0.0 1.0 0.0 0.0 0.0 0.0 0.0 1.0 7.0 9.0 
1108447 1993 11 1 82 9.0 3.0 5.0 0.0 0.0 0.0 0.0 9.0 9.0 9.0 10.0 10.0 9.0 9.0 9.0 10.0 10.0 10.0 10.0 10.0 10.0 10.0 10.0 10.0 
1108447 1993 11 2 82 10.0 10.0 10.0 10.0 10.0 10.0 10.0 10.0 10.0 10.0 10.0 10.0 10.0 10.0 10.0 10.0 10.0 10.0 10.0 10.0 10.0 10.0 10.0 4.0 
1108447 1993 11 3 82 3.0 4.0 4.0 9.0 4.0 2.0 4.0 5.0 4.0 3.0 2.0 2.0 1.0 1.0 2.0 1.0 1.0 1.0 1.0 1.0 1.0 0.0 0.0 0.0 
1108447 1993 11 4 82 0.0 0.0 3.0 4.0 9.0 8.0 8.0 8.0 3.0 9.0 9.0 9.0 8.0 8.0 5.0 8.0 9.0 9.0 9.0 9.0 7.0 9.0 10.0 10.0 
1108447 1993 11 5 82 10.0 9.0 9.0 10.0 9.0 9.0 10.0 9.0 9.0 4.0 10.0 9.0 9.0 9.0 9.0 9.0 9.0 9.0 7.0 9.0 7.0 9.0 8.0 8.0 
1108447 1993 11 6 82 4.0 2.0 9.0 9.0 9.0 10.0 9.0 8.0 9.0 10.0 10.0 9.0 9.0 7.0 3.0 3.0 3.0 0.0 0.0 0.0 0.0 0.0 0.0 1.0 
1108447 1993 11 7 82 4.0 2.0 6.0 9.0 9.0 9.0 8.0 4.0 9.0 9.0 9.0 9.0 9.0 10.0 9.0 5.0 5.0 6.0 3.0 3.0 3.0 9.0 9.0 9.0 
1108447 1993 11 8 82 10.0 10.0 9.0 9.0 10.0 5.0 9.0 9.0 10.0 10.0 10.0 10.0 10.0 10.0 10.0 10.0 10.0 10.0 10.0 9.0 5.0 10.0 6.0 7.0 
1108447 1993 11 9 82 6.0 10.0 8.0 7.0 5.0 6.0 8.0 9.0 9.0 10.0 10.0 10.0 10.0 10.0 10.0 10.0 9.0 9.0 10.0 9.0 10.0 10.0 9.0 8.0 
1108447 1993 11 10 82 8.0 7.0 6.0 4.0 2.0 2.0 1.0 0.0 2.0 5.0 5.0 5.0 5.0 3.0 5.0 6.0 7.0 6.0 4.0 3.0 2.0 0.0 0.0 0.0 
1108447 1993 11 11 82 2.0 0.0 0.0 8.0 8.0 10.0 9.0 9.0 10.0 10.0 10.0 10.0 10.0 9.0 8.0 8.0 6.0 2.0 2.0 1.0 0.0 1.0 7.0 8.0 
1108447 1993 11 12 82 8.0 3.0 6.0 8.0 9.0 9.0 9.0 9.0 9.0 9.0 10.0 10.0 10.0 9.0 9.0 9.0 8.0 9.0 9.0 9.0 9.0 9.0 9.0 9.0 
1108447 1993 11 13 82 9.0 10.0 10.0 10.0 10.0 10.0 8.0 0.0 0.0 0.0 0.0 0.0 0.0 1.0 1.0 3.0 5.0 2.0 2.0 4.0 5.0 5.0 8.0 8.0 
1108447 1993 11 14 82 7.0 8.0 7.0 8.0 10.0 10.0 9.0 10.0 9.0 10.0 10.0 10.0 10.0 10.0 10.0 10.0 10.0 10.0 10.0 10.0 10.0 10.0 10.0 10.0 
1108447 1993 11 15 82 10.0 10.0 10.0 10.0 10.0 10.0 10.0 10.0 9.0 9.0 9.0 9.0 8.0 2.0 5.0 9.0 7.0 6.0 4.0 6.0 2.0 2.0 4.0 3.0 
1108447 1993 11 16 82 2.0 6.0 9.0 8.0 9.0 3.0 4.0 7.0 9.0 9.0 9.0 9.0 9.0 9.0 9.0 9.0 8.0 7.0 10.0 9.0 9.0 8.0 5.0 2.0 
1108447 1993 11 17 82 9.0 8.0 10.0 10.0 10.0 10.0 10.0 10.0 9.0 10.0 9.0 10.0 10.0 8.0 7.0 3.0 2.0 1.0 1.0 0.0 0.0 1.0 1.0 0.0 
1108447 1993 11 18 82 0.0 1.0 0.0 0.0 4.0 9.0 10.0 8.0 9.0 9.0 10.0 9.0 9.0 9.0 9.0 9.0 8.0 9.0 10.0 10.0 10.0 10.0 10.0 10.0 
1108447 1993 11 19 82 10.0 10.0 10.0 10.0 10.0 10.0 10.0 10.0 10.0 10.0 10.0 10.0 10.0 10.0 10.0 9.0 10.0 9.0 10.0 9.0 10.0 9.0 9.0 10.0 
1108447 1993 11 20 82 10.0 10.0 10.0 10.0 10.0 10.0 10.0 9.0 9.0 9.0 9.0 9.0 9.0 9.0 10.0 10.0 8.0 8.0 8.0 10.0 10.0 10.0 10.0 10.0 
1108447 1993 11 21 82 10.0 10.0 10.0 10.0 10.0 10.0 4.0 2.0 2.0 2.0 2.0 7.0 7.0 3.0 8.0 7.0 5.0 8.0 3.0 9.0 7.0 6.0 9.0 10.0 
1108447 1993 11 22 82 10.0 10.0 10.0 10.0 8.0 8.0 8.0 8.0 8.0 3.0 1.0 0.0 0.0 3.0 1.0 0.0 0.0 0.0 0.0 0.0 0.0 0.0 0.0 0.0 
1108447 1993 11 23 82 0.0 0.0 0.0 0.0 0.0 0.0 0.0 0.0 0.0 0.0 0.0 0.0 0.0 0.0 0.0 0.0 0.0 0.0 0.0 0.0 0.0 0.0 0.0 1.0 
1108447 1993 11 24 82 1.0 1.0 1.0 9.0 8.0 8.0 7.0 4.0 6.0 2.0 5.0 6.0 8.0 6.0 8.0 6.0 8.0 3.0 6.0 8.0 6.0 3.0 3.0 2.0 
1108447 1993 11 25 82 0.0 0.0 0.0 0.0 1.0 3.0 0.0 0.0 0.0 0.0 2.0 5.0 2.0 0.0 0.0 0.0 0.0 0.0 0.0 0.0 0.0 0.0 5.0 2.0 
1108447 1993 11 26 82 7.0 9.0 9.0 2.0 0.0 0.0 0.0 7.0 8.0 8.0 8.0 9.0 9.0 10.0 10.0 9.0 9.0 10.0 10.0 10.0 10.0 10.0 10.0 10.0 
1108447 1993 11 27 82 10.0 10.0 10.0 10.0 10.0 10.0 10.0 10.0 10.0 10.0 10.0 10.0 10.0 10.0 10.0 10.0 10.0 10.0 10.0 10.0 10.0 10.0 10.0 10.0 
1108447 1993 11 28 82 10.0 10.0 10.0 10.0 10.0 10.0 10.0 10.0 10.0 10.0 9.0 10.0 10.0 9.0 10.0 10.0 10.0 10.0 10.0 10.0 10.0 10.0 10.0 10.0 
1108447 1993 11 29 82 10.0 10.0 10.0 10.0 10.0 10.0 10.0 10.0 10.0 10.0 10.0 9.0 9.0 9.0 9.0 9.0 9.0 8.0 7.0 4.0 9.0 8.0 9.0 10.0 
1108447 1993 11 30 82 9.0 5.0 3.0 3.0 9.0 10.0 10.0 9.0 10.0 10.0 10.0 9.0 10.0 10.0 10.0 10.0 9.0 9.0 10.0 10.0 10.0 10.0 10.0 10.0 
1108447 1993 12 1 82 10.0 10.0 10.0 10.0 10.0 10.0 10.0 10.0 10.0 10.0 10.0 10.0 10.0 10.0 10.0 9.0 9.0 9.0 10.0 10.0 10.0 4.0 1.0 0.0 
1108447 1993 12 2 82 1.0 1.0 1.0 2.0 4.0 8.0 10.0 10.0 10.0 10.0 10.0 10.0 10.0 10.0 10.0 10.0 10.0 10.0 10.0 10.0 10.0 10.0 10.0 10.0 
1108447 1993 12 3 82 10.0 10.0 10.0 10.0 10.0 10.0 10.0 10.0 10.0 10.0 10.0 10.0 10.0 10.0 10.0 10.0 10.0 10.0 10.0 10.0 10.0 10.0 10.0 10.0 
1108447 1993 12 4 82 9.0 8.0 4.0 2.0 3.0 1.0 0.0 1.0 1.0 3.0 4.0 3.0 0.0 0.0 7.0 8.0 8.0 8.0 5.0 5.0 9.0 4.0 7.0 7.0 
1108447 1993 12 5 82 8.0 8.0 3.0 8.0 8.0 9.0 10.0 9.0 9.0 8.0 7.0 4.0 4.0 5.0 9.0 9.0 9.0 9.0 7.0 8.0 4.0 5.0 2.0 2.0 
1108447 1993 12 6 82 4.0 2.0 4.0 4.0 3.0 4.0 3.0 1.0 1.0 8.0 9.0 9.0 9.0 9.0 9.0 10.0 10.0 10.0 10.0 10.0 10.0 10.0 10.0 10.0 
1108447 1993 12 7 82 10.0 10.0 10.0 10.0 10.0 10.0 10.0 10.0 10.0 10.0 10.0 10.0 10.0 10.0 9.0 10.0 10.0 10.0 10.0 10.0 10.0 10.0 10.0 10.0 
1108447 1993 12 8 82 10.0 10.0 10.0 10.0 10.0 10.0 10.0 10.0 10.0 8.0 9.0 9.0 10.0 10.0 10.0 10.0 9.0 9.0 10.0 10.0 10.0 10.0 10.0 10.0 
1108447 1993 12 9 82 10.0 10.0 2.0 2.0 9.0 9.0 10.0 10.0 10.0 10.0 10.0 10.0 10.0 10.0 10.0 10.0 10.0 10.0 9.0 9.0 8.0 9.0 10.0 10.0 
1108447 1993 12 10 82 10.0 10.0 10.0 10.0 10.0 10.0 10.0 10.0 10.0 9.0 9.0 10.0 10.0 10.0 10.0 10.0 10.0 10.0 10.0 10.0 10.0 10.0 10.0 10.0 
1108447 1993 12 11 82 10.0 10.0 10.0 10.0 10.0 10.0 10.0 10.0 10.0 10.0 10.0 10.0 10.0 10.0 10.0 10.0 10.0 10.0 10.0 10.0 10.0 9.0 9.0 9.0 
1108447 1993 12 12 82 8.0 5.0 3.0 7.0 2.0 3.0 9.0 9.0 9.0 4.0 9.0 9.0 10.0 10.0 10.0 10.0 10.0 10.0 10.0 10.0 10.0 10.0 10.0 10.0 
1108447 1993 12 13 82 10.0 10.0 10.0 10.0 10.0 10.0 10.0 10.0 10.0 10.0 9.0 10.0 10.0 10.0 10.0 10.0 10.0 10.0 10.0 10.0 10.0 10.0 10.0 10.0 
1108447 1993 12 14 82 10.0 10.0 10.0 10.0 10.0 10.0 10.0 10.0 10.0 10.0 10.0 9.0 9.0 9.0 10.0 9.0 8.0 9.0 9.0 10.0 10.0 10.0 10.0 10.0 
1108447 1993 12 15 82 10.0 10.0 10.0 10.0 10.0 10.0 10.0 10.0 10.0 9.0 9.0 8.0 2.0 1.0 1.0 1.0 1.0 1.0 1.0 1.0 0.0 1.0 2.0 3.0 
1108447 1993 12 16 82 8.0 2.0 4.0 8.0 3.0 8.0 9.0 10.0 9.0 9.0 6.0 6.0 5.0 4.0 4.0 3.0 3.0 2.0 2.0 1.0 1.0 0.0 0.0 1.0 
1108447 1993 12 17 82 0.0 0.0 0.0 0.0 0.0 0.0 0.0 0.0 4.0 6.0 6.0 3.0 2.0 4.0 7.0 7.0 7.0 7.0 9.0 10.0 10.0 10.0 10.0 9.0 
1108447 1993 12 18 82 9.0 10.0 9.0 10.0 10.0 9.0 10.0 8.0 10.0 10.0 10.0 10.0 9.0 10.0 9.0 7.0 7.0 8.0 7.0 3.0 2.0 2.0 2.0 1.0 
1108447 1993 12 19 82 1.0 1.0 2.0 3.0 3.0 3.0 5.0 8.0 0.0 1.0 6.0 0.0 1.0 0.0 0.0 1.0 3.0 6.0 8.0 8.0 8.0 8.0 9.0 9.0 
1108447 1993 12 20 82 9.0 9.0 9.0 10.0 10.0 10.0 10.0 10.0 10.0 10.0 10.0 10.0 10.0 10.0 10.0 10.0 10.0 9.0 9.0 6.0 9.0 4.0 9.0 5.0 
1108447 1993 12 21 82 2.0 2.0 1.0 1.0 1.0 2.0 0.0 3.0 8.0 8.0 8.0 8.0 5.0 9.0 9.0 9.0 9.0 6.0 9.0 9.0 10.0 10.0 9.0 10.0 
1108447 1993 12 22 82 9.0 9.0 7.0 10.0 9.0 10.0 10.0 10.0 10.0 10.0 10.0 10.0 9.0 9.0 9.0 9.0 8.0 8.0 1.0 0.0 0.0 0.0 9.0 3.0 
1108447 1993 12 23 82 0.0 0.0 0.0 0.0 0.0 3.0 3.0 4.0 6.0 7.0 4.0 8.0 9.0 9.0 9.0 10.0 9.0 10.0 9.0 10.0 6.0 9.0 10.0 10.0 
1108447 1993 12 24 82 10.0 9.0 10.0 10.0 8.0 8.0 6.0 1.0 8.0 9.0 8.0 8.0 9.0 8.0 5.0 7.0 5.0 1.0 0.0 0.0 0.0 3.0 3.0 0.0 
1108447 1993 12 25 82 0.0 0.0 0.0 8.0 4.0 1.0 2.0 1.0 8.0 10.0 10.0 10.0 10.0 6.0 9.0 10.0 10.0 10.0 10.0 10.0 10.0 10.0 10.0 10.0 
1108447 1993 12 26 82 10.0 10.0 10.0 10.0 10.0 8.0 10.0 10.0 9.0 10.0 10.0 9.0 9.0 9.0 9.0 9.0 8.0 5.0 6.0 8.0 8.0 9.0 9.0 9.0 
1108447 1993 12 27 82 9.0 7.0 10.0 9.0 9.0 5.0 1.0 0.0 1.0 3.0 9.0 1.0 1.0 1.0 1.0 2.0 7.0 7.0 6.0 9.0 9.0 6.0 0.0 7.0 
1108447 1993 12 28 82 8.0 8.0 1.0 4.0 9.0 8.0 9.0 9.0 10.0 10.0 10.0 10.0 10.0 10.0 10.0 10.0 10.0 10.0 10.0 10.0 10.0 10.0 10.0 9.0 
1108447 1993 12 29 82 10.0 10.0 10.0 9.0 9.0 10.0 9.0 9.0 10.0 10.0 10.0 10.0 10.0 10.0 10.0 10.0 10.0 10.0 10.0 10.0 10.0 10.0 10.0 10.0 
1108447 1993 12 30 82 10.0 10.0 10.0 10.0 10.0 10.0 10.0 10.0 10.0 10.0 10.0 10.0 10.0 10.0 10.0 10.0 10.0 10.0 10.0 10.0 10.0 10.0 10.0 10.0 
1108447 1993 12 31 82 10.0 10.0 10.0 10.0 10.0 10.0 10.0 10.0 9.0 10.0 10.0 10.0 10.0 10.0 10.0 10.0 10.0 10.0 10.0 10.0 10.0 10.0 10.0 10.0 
1108447 1994 1 1 82 10.0 10.0 10.0 10.0 10.0 10.0 9.0 10.0 10.0 10.0 9.0 9.0 10.0 10.0 10.0 10.0 10.0 10.0 10.0 10.0 10.0 10.0 10.0 10.0 
1108447 1994 1 2 82 10.0 10.0 9.0 10.0 10.0 10.0 10.0 10.0 10.0 10.0 10.0 10.0 10.0 9.0 9.0 6.0 8.0 4.0 3.0 2.0 3.0 4.0 4.0 7.0 
1108447 1994 1 3 82 9.0 9.0 9.0 9.0 10.0 9.0 10.0 9.0 9.0 9.0 10.0 10.0 10.0 10.0 10.0 10.0 10.0 10.0 10.0 10.0 10.0 10.0 10.0 10.0 
1108447 1994 1 4 82 10.0 10.0 10.0 10.0 10.0 10.0 10.0 10.0 10.0 10.0 9.0 9.0 9.0 8.0 5.0 9.0 9.0 9.0 8.0 8.0 9.0 9.0 9.0 10.0 
1108447 1994 1 5 82 2.0 6.0 8.0 7.0 9.0 9.0 2.0 3.0 3.0 5.0 3.0 3.0 4.0 2.0 2.0 2.0 2.0 2.0 1.0 2.0 0.0 0.0 2.0 1.0 
1108447 1994 1 6 82 7.0 1.0 8.0 4.0 2.0 2.0 3.0 5.0 9.0 8.0 9.0 9.0 9.0 9.0 7.0 9.0 8.0 7.0 9.0 10.0 10.0 9.0 10.0 9.0 
1108447 1994 1 7 82 10.0 10.0 10.0 10.0 10.0 10.0 10.0 10.0 10.0 10.0 10.0 10.0 10.0 10.0 10.0 10.0 10.0 10.0 10.0 10.0 10.0 10.0 10.0 10.0 
1108447 1994 1 8 82 10.0 10.0 10.0 10.0 10.0 10.0 10.0 10.0 10.0 10.0 10.0 10.0 10.0 10.0 10.0 10.0 10.0 10.0 10.0 10.0 10.0 10.0 10.0 10.0 
1108447 1994 1 9 82 10.0 10.0 10.0 10.0 9.0 8.0 3.0 9.0 10.0 10.0 9.0 9.0 9.0 9.0 9.0 9.0 9.0 9.0 10.0 8.0 7.0 8.0 9.0 8.0 
1108447 1994 1 10 82 4.0 9.0 10.0 10.0 10.0 10.0 10.0 10.0 10.0 10.0 10.0 10.0 10.0 10.0 10.0 10.0 10.0 10.0 10.0 10.0 10.0 10.0 10.0 10.0 
1108447 1994 1 11 82 10.0 10.0 10.0 10.0 10.0 10.0 10.0 10.0 10.0 10.0 10.0 10.0 10.0 10.0 10.0 10.0 10.0 10.0 10.0 10.0 10.0 10.0 10.0 10.0 
1108447 1994 1 12 82 10.0 10.0 10.0 10.0 10.0 10.0 10.0 10.0 10.0 10.0 10.0 10.0 10.0 10.0 10.0 10.0 10.0 10.0 10.0 10.0 10.0 10.0 10.0 10.0 
1108447 1994 1 13 82 10.0 10.0 10.0 10.0 10.0 10.0 10.0 10.0 10.0 10.0 10.0 10.0 10.0 10.0 10.0 10.0 10.0 10.0 10.0 10.0 10.0 10.0 10.0 10.0 
1108447 1994 1 14 82 10.0 10.0 10.0 10.0 10.0 9.0 6.0 10.0 9.0 9.0 8.0 9.0 9.0 9.0 9.0 9.0 9.0 10.0 10.0 10.0 10.0 10.0 10.0 10.0 
1108447 1994 1 15 82 10.0 10.0 4.0 3.0 8.0 2.0 3.0 9.0 8.0 9.0 9.0 9.0 9.0 9.0 9.0 9.0 9.0 9.0 8.0 9.0 9.0 8.0 9.0 10.0 
1108447 1994 1 16 82 10.0 9.0 10.0 10.0 10.0 10.0 10.0 10.0 9.0 9.0 9.0 9.0 10.0 10.0 9.0 9.0 9.0 9.0 9.0 9.0 7.0 9.0 9.0 10.0 
1108447 1994 1 17 82 9.0 7.0 9.0 9.0 9.0 9.0 9.0 7.0 9.0 9.0 9.0 9.0 9.0 9.0 9.0 9.0 9.0 6.0 4.0 3.0 2.0 2.0 5.0 8.0 
1108447 1994 1 18 82 10.0 10.0 10.0 10.0 10.0 10.0 10.0 10.0 10.0 10.0 10.0 10.0 10.0 9.0 9.0 10.0 10.0 10.0 10.0 10.0 9.0 9.0 10.0 10.0 
1108447 1994 1 19 82 10.0 10.0 10.0 10.0 3.0 9.0 9.0 9.0 4.0 6.0 7.0 3.0 5.0 7.0 9.0 5.0 0.0 0.0 0.0 0.0 1.0 1.0 2.0 2.0 
1108447 1994 1 20 82 4.0 4.0 4.0 4.0 4.0 3.0 10.0 10.0 8.0 10.0 9.0 8.0 10.0 10.0 10.0 10.0 9.0 6.0 4.0 10.0 9.0 10.0 9.0 10.0 
1108447 1994 1 21 82 10.0 10.0 10.0 10.0 10.0 10.0 10.0 10.0 9.0 9.0 10.0 10.0 10.0 9.0 10.0 10.0 9.0 10.0 10.0 10.0 9.0 10.0 10.0 10.0 
1108447 1994 1 22 82 10.0 10.0 9.0 6.0 9.0 9.0 10.0 9.0 9.0 10.0 10.0 10.0 9.0 10.0 10.0 10.0 10.0 10.0 10.0 10.0 10.0 10.0 10.0 10.0 
1108447 1994 1 23 82 10.0 10.0 10.0 10.0 10.0 10.0 10.0 10.0 10.0 10.0 10.0 10.0 10.0 10.0 10.0 10.0 10.0 10.0 10.0 10.0 9.0 9.0 5.0 4.0 
1108447 1994 1 24 82 2.0 7.0 5.0 5.0 9.0 9.0 9.0 9.0 9.0 9.0 10.0 10.0 10.0 10.0 10.0 10.0 10.0 10.0 10.0 10.0 4.0 9.0 9.0 9.0 
1108447 1994 1 25 82 9.0 10.0 10.0 10.0 7.0 8.0 9.0 9.0 10.0 10.0 10.0 10.0 10.0 10.0 10.0 10.0 10.0 10.0 10.0 10.0 10.0 10.0 10.0 10.0 
1108447 1994 1 26 82 10.0 10.0 10.0 10.0 10.0 10.0 10.0 10.0 10.0 10.0 10.0 10.0 10.0 10.0 9.0 9.0 9.0 9.0 9.0 9.0 9.0 9.0 10.0 10.0 
1108447 1994 1 27 82 10.0 10.0 10.0 10.0 9.0 10.0 10.0 10.0 10.0 10.0 10.0 8.0 2.0 2.0 1.0 1.0 1.0 1.0 0.0 0.0 0.0 0.0 0.0 1.0 
1108447 1994 1 28 82 2.0 8.0 1.0 0.0 0.0 2.0 0.0 0.0 1.0 1.0 2.0 8.0 4.0 3.0 3.0 0.0 0.0 0.0 0.0 0.0 0.0 0.0 3.0 1.0 
1108447 1994 1 29 82 8.0 3.0 4.0 2.0 1.0 4.0 9.0 5.0 4.0 8.0 10.0 10.0 10.0 9.0 9.0 9.0 9.0 10.0 10.0 10.0 10.0 10.0 10.0 10.0 
1108447 1994 1 30 82 10.0 10.0 10.0 10.0 3.0 10.0 2.0 2.0 3.0 0.0 0.0 1.0 6.0 2.0 2.0 6.0 4.0 1.0 1.0 9.0 5.0 9.0 2.0 3.0 
1108447 1994 1 31 82 0.0 3.0 0.0 0.0 0.0 5.0 0.0 0.0 0.0 0.0 0.0 0.0 1.0 1.0 0.0 0.0 0.0 0.0 0.0 0.0 0.0 0.0 0.0 0.0 
1108447 1994 2 1 82 0.0 0.0 0.0 0.0 4.0 9.0 8.0 9.0 10.0 10.0 10.0 10.0 8.0 8.0 3.0 5.0 5.0 3.0 2.0 2.0 0.0 0.0 3.0 6.0 
1108447 1994 2 2 82 9.0 10.0 10.0 9.0 10.0 10.0 10.0 10.0 10.0 10.0 10.0 10.0 9.0 9.0 6.0 5.0 3.0 8.0 7.0 6.0 8.0 9.0 9.0 9.0 
1108447 1994 2 3 82 9.0 9.0 9.0 10.0 10.0 10.0 10.0 10.0 10.0 9.0 10.0 10.0 9.0 3.0 5.0 3.0 3.0 4.0 4.0 3.0 2.0 10.0 10.0 10.0 
1108447 1994 2 4 82 8.0 9.0 8.0 8.0 9.0 9.0 5.0 9.0 7.0 6.0 5.0 2.0 7.0 4.0 6.0 3.0 1.0 3.0 1.0 1.0 1.0 1.0 4.0 8.0 
1108447 1994 2 5 82 9.0 9.0 9.0 9.0 10.0 10.0 10.0 9.0 10.0 10.0 9.0 9.0 8.0 6.0 3.0 3.0 3.0 8.0 10.0 10.0 10.0 10.0 10.0 10.0 
1108447 1994 2 6 82 10.0 10.0 10.0 10.0 10.0 10.0 10.0 10.0 10.0 10.0 10.0 10.0 10.0 10.0 10.0 10.0 10.0 10.0 10.0 10.0 10.0 10.0 10.0 9.0 
1108447 1994 2 7 82 9.0 9.0 9.0 9.0 8.0 3.0 2.0 2.0 1.0 1.0 1.0 0.0 0.0 0.0 0.0 0.0 0.0 0.0 0.0 0.0 0.0 2.0 1.0 0.0 
1108447 1994 2 8 82 0.0 0.0 1.0 1.0 4.0 9.0 10.0 10.0 10.0 10.0 10.0 10.0 10.0 10.0 10.0 10.0 10.0 10.0 10.0 10.0 10.0 10.0 10.0 10.0 
1108447 1994 2 9 82 10.0 10.0 10.0 10.0 10.0 10.0 10.0 10.0 10.0 9.0 9.0 9.0 8.0 8.0 3.0 1.0 1.0 0.0 0.0 0.0 1.0 0.0 0.0 0.0 
1108447 1994 2 10 82 1.0 2.0 2.0 4.0 4.0 5.0 9.0 9.0 10.0 9.0 9.0 10.0 9.0 9.0 8.0 6.0 8.0 9.0 9.0 3.0 5.0 9.0 9.0 8.0 
1108447 1994 2 11 82 10.0 10.0 9.0 10.0 2.0 2.0 9.0 9.0 9.0 10.0 10.0 10.0 10.0 10.0 10.0 10.0 10.0 10.0 10.0 10.0 10.0 10.0 10.0 10.0 
1108447 1994 2 12 82 8.0 10.0 10.0 10.0 10.0 10.0 10.0 9.0 10.0 10.0 10.0 10.0 10.0 10.0 10.0 10.0 10.0 10.0 10.0 10.0 10.0 10.0 10.0 10.0 
1108447 1994 2 13 82 10.0 10.0 10.0 10.0 10.0 10.0 10.0 9.0 8.0 8.0 9.0 9.0 10.0 10.0 10.0 8.0 9.0 5.0 7.0 8.0 4.0 5.0 6.0 9.0 
1108447 1994 2 14 82 10.0 10.0 10.0 10.0 10.0 10.0 10.0 10.0 10.0 10.0 10.0 10.0 10.0 10.0 10.0 10.0 10.0 10.0 10.0 10.0 10.0 10.0 10.0 10.0 
1108447 1994 2 15 82 10.0 10.0 10.0 10.0 10.0 10.0 10.0 10.0 9.0 9.0 6.0 9.0 9.0 8.0 8.0 9.0 9.0 9.0 9.0 9.0 9.0 10.0 10.0 10.0 
1108447 1994 2 16 82 10.0 10.0 10.0 10.0 10.0 10.0 10.0 10.0 10.0 10.0 10.0 10.0 10.0 10.0 10.0 10.0 10.0 10.0 10.0 10.0 10.0 10.0 10.0 10.0 
1108447 1994 2 17 82 10.0 10.0 10.0 10.0 10.0 10.0 10.0 10.0 10.0 10.0 10.0 10.0 10.0 10.0 10.0 9.0 9.0 8.0 8.0 8.0 9.0 9.0 9.0 9.0 
1108447 1994 2 18 82 9.0 7.0 4.0 3.0 3.0 6.0 3.0 9.0 9.0 9.0 9.0 9.0 9.0 8.0 9.0 9.0 8.0 9.0 7.0 7.0 3.0 4.0 9.0 9.0 
1108447 1994 2 19 82 7.0 6.0 8.0 8.0 9.0 9.0 9.0 6.0 6.0 8.0 4.0 5.0 6.0 7.0 6.0 6.0 6.0 4.0 6.0 8.0 8.0 9.0 9.0 9.0 
1108447 1994 2 20 82 9.0 8.0 9.0 10.0 10.0 10.0 10.0 10.0 9.0 9.0 10.0 10.0 10.0 9.0 9.0 9.0 9.0 9.0 10.0 10.0 10.0 10.0 10.0 10.0 
1108447 1994 2 21 82 10.0 10.0 10.0 10.0 10.0 10.0 10.0 10.0 9.0 9.0 8.0 7.0 9.0 8.0 9.0 10.0 4.0 7.0 7.0 8.0 8.0 6.0 3.0 8.0 
1108447 1994 2 22 82 5.0 5.0 6.0 4.0 4.0 8.0 4.0 10.0 10.0 10.0 10.0 10.0 10.0 10.0 10.0 10.0 10.0 10.0 9.0 9.0 9.0 10.0 10.0 10.0 
1108447 1994 2 23 82 10.0 9.0 10.0 10.0 8.0 10.0 10.0 9.0 8.0 7.0 6.0 3.0 3.0 4.0 5.0 5.0 8.0 8.0 7.0 7.0 9.0 9.0 9.0 9.0 
1108447 1994 2 24 82 8.0 4.0 4.0 5.0 7.0 9.0 9.0 9.0 9.0 9.0 9.0 9.0 9.0 9.0 9.0 9.0 9.0 9.0 10.0 10.0 10.0 10.0 10.0 10.0 
1108447 1994 2 25 82 10.0 10.0 10.0 10.0 10.0 10.0 10.0 10.0 10.0 10.0 10.0 10.0 10.0 10.0 10.0 10.0 10.0 10.0 10.0 10.0 10.0 10.0 10.0 10.0 
1108447 1994 2 26 82 10.0 10.0 10.0 10.0 10.0 10.0 10.0 10.0 10.0 10.0 10.0 10.0 10.0 10.0 10.0 10.0 10.0 10.0 10.0 10.0 10.0 10.0 10.0 10.0 
1108447 1994 2 27 82 10.0 10.0 10.0 10.0 10.0 10.0 10.0 10.0 10.0 10.0 10.0 10.0 10.0 10.0 10.0 10.0 10.0 10.0 10.0 10.0 10.0 10.0 10.0 10.0 
1108447 1994 2 28 82 10.0 10.0 10.0 10.0 10.0 10.0 10.0 10.0 10.0 10.0 10.0 10.0 10.0 10.0 10.0 10.0 10.0 10.0 10.0 10.0 10.0 10.0 10.0 10.0 
1108447 1994 3 1 82 10.0 10.0 10.0 10.0 10.0 10.0 10.0 10.0 10.0 10.0 10.0 10.0 10.0 10.0 10.0 10.0 10.0 10.0 10.0 10.0 10.0 10.0 10.0 10.0 
1108447 1994 3 2 82 10.0 10.0 10.0 10.0 10.0 10.0 10.0 10.0 10.0 9.0 9.0 9.0 9.0 7.0 2.0 1.0 1.0 3.0 6.0 2.0 10.0 10.0 10.0 10.0 
1108447 1994 3 3 82 10.0 10.0 10.0 10.0 10.0 10.0 9.0 10.0 10.0 9.0 10.0 10.0 10.0 10.0 10.0 9.0 9.0 9.0 10.0 9.0 8.0 8.0 10.0 10.0 
1108447 1994 3 4 82 10.0 10.0 10.0 10.0 6.0 5.0 2.0 2.0 5.0 5.0 4.0 3.0 3.0 2.0 2.0 5.0 7.0 8.0 4.0 1.0 0.0 0.0 0.0 0.0 
1108447 1994 3 5 82 0.0 0.0 2.0 1.0 1.0 0.0 0.0 0.0 8.0 3.0 5.0 0.0 2.0 1.0 1.0 1.0 2.0 1.0 1.0 1.0 0.0 0.0 0.0 0.0 
1108447 1994 3 6 82 0.0 2.0 2.0 0.0 0.0 0.0 0.0 3.0 1.0 0.0 1.0 1.0 5.0 3.0 2.0 2.0 2.0 3.0 3.0 2.0 1.0 1.0 1.0 0.0 
1108447 1994 3 7 82 0.0 0.0 5.0 7.0 8.0 8.0 8.0 9.0 10.0 10.0 10.0 9.0 8.0 9.0 9.0 8.0 10.0 9.0 9.0 8.0 8.0 7.0 6.0 5.0 
1108447 1994 3 8 82 3.0 4.0 6.0 6.0 8.0 8.0 8.0 9.0 9.0 9.0 9.0 9.0 9.0 8.0 8.0 8.0 8.0 8.0 8.0 7.0 9.0 9.0 5.0 9.0 
1108447 1994 3 9 82 9.0 10.0 10.0 9.0 9.0 9.0 9.0 9.0 10.0 10.0 10.0 10.0 9.0 10.0 8.5 10.0 9.0 10.0 10.0 10.0 10.0 10.0 10.0 10.0 
1108447 1994 3 10 82 10.0 10.0 10.0 10.0 10.0 10.0 10.0 10.0 10.0 10.0 10.0 10.0 9.0 9.0 9.0 9.0 9.0 8.0 4.0 9.0 9.0 8.0 9.0 9.0 
1108447 1994 3 11 82 8.0 6.0 5.0 5.0 5.0 9.0 6.0 9.0 9.0 8.0 2.0 4.0 9.0 9.0 10.0 9.0 9.0 9.0 6.0 4.0 5.0 10.0 10.0 8.0 
1108447 1994 3 12 82 5.0 3.0 8.0 9.0 9.0 9.0 9.0 9.0 9.0 9.0 9.0 9.0 10.0 10.0 10.0 10.0 10.0 10.0 10.0 10.0 10.0 10.0 10.0 10.0 
1108447 1994 3 13 82 10.0 10.0 10.0 10.0 10.0 10.0 10.0 10.0 10.0 10.0 10.0 9.0 9.0 9.0 9.0 9.0 10.0 10.0 10.0 9.0 10.0 10.0 10.0 10.0 
1108447 1994 3 14 82 9.0 9.0 10.0 10.0 10.0 10.0 10.0 10.0 9.0 8.0 9.0 9.0 4.0 0.0 0.0 0.0 0.0 0.0 1.0 1.0 1.0 0.0 3.0 4.0 
1108447 1994 3 15 82 8.0 8.0 9.0 8.0 10.0 10.0 10.0 9.0 10.0 10.0 10.0 10.0 10.0 10.0 10.0 9.0 10.0 10.0 10.0 10.0 10.0 10.0 10.0 10.0 
1108447 1994 3 16 82 8.0 9.0 10.0 10.0 10.0 10.0 7.0 9.0 8.0 7.0 9.0 9.0 9.0 10.0 10.0 10.0 10.0 10.0 10.0 9.0 10.0 6.0 3.0 1.0 
1108447 1994 3 17 82 8.0 2.0 3.0 4.0 9.0 9.0 9.0 10.0 10.0 10.0 10.0 10.0 10.0 10.0 10.0 10.0 10.0 10.0 10.0 9.0 10.0 10.0 10.0 10.0 
1108447 1994 3 18 82 10.0 10.0 10.0 7.0 10.0 10.0 9.0 7.0 4.0 5.0 3.0 1.0 7.0 8.0 2.0 7.0 3.0 4.0 1.0 2.0 2.0 2.0 2.0 2.0 
1108447 1994 3 19 82 3.0 2.0 4.0 3.0 4.0 5.0 4.0 7.0 7.0 3.0 8.0 8.0 9.0 9.0 10.0 9.0 10.0 10.0 9.0 8.0 10.0 10.0 10.0 10.0 
1108447 1994 3 20 82 10.0 10.0 10.0 10.0 10.0 10.0 10.0 10.0 10.0 10.0 10.0 10.0 10.0 10.0 10.0 10.0 10.0 10.0 10.0 9.0 10.0 10.0 10.0 10.0 
1108447 1994 3 21 82 8.0 10.0 10.0 7.0 10.0 10.0 10.0 10.0 9.0 9.0 9.0 9.0 9.0 9.0 9.0 5.0 8.0 9.0 6.0 8.0 9.0 9.0 10.0 10.0 
1108447 1994 3 22 82 10.0 10.0 10.0 10.0 10.0 10.0 8.0 9.0 9.0 5.0 8.0 8.0 7.0 7.0 6.0 1.0 1.0 1.0 3.0 2.0 1.0 3.0 3.0 8.0 
1108447 1994 3 23 82 9.0 9.0 10.0 10.0 10.0 10.0 10.0 9.0 6.0 3.0 0.0 0.0 1.0 1.0 1.0 2.0 2.0 2.0 2.0 2.0 1.0 1.0 1.0 1.0 
1108447 1994 3 24 82 1.0 0.0 0.0 0.0 0.0 0.0 0.0 0.0 0.0 0.0 0.0 0.0 0.0 0.0 0.0 0.0 1.0 2.0 6.0 8.0 8.0 8.0 5.0 3.0 
1108447 1994 3 25 82 2.0 3.0 4.0 2.0 6.0 4.0 0.0 0.0 0.0 0.0 0.0 0.0 0.0 0.0 0.0 1.0 2.0 5.0 5.0 3.0 2.0 3.0 2.0 1.0 
1108447 1994 3 26 82 0.0 0.0 1.0 1.0 8.0 4.0 2.0 0.0 0.0 0.0 0.0 0.0 0.0 0.0 1.0 3.0 6.0 4.0 8.0 7.0 4.0 3.0 3.0 0.0 
1108447 1994 3 27 82 0.0 1.0 2.0 2.0 8.0 6.0 3.0 6.0 8.0 9.0 8.0 8.0 8.0 7.0 9.0 9.0 4.0 2.0 0.0 0.0 0.0 0.0 0.0 0.0 
1108447 1994 3 28 82 0.0 0.0 0.0 0.0 0.0 0.0 0.0 0.0 0.0 0.0 0.0 0.0 0.0 0.0 0.0 0.0 0.0 0.0 0.0 0.0 0.0 0.0 0.0 0.0 
1108447 1994 3 29 82 0.0 0.0 0.0 0.0 0.0 0.0 1.0 1.0 1.0 0.0 1.0 0.0 0.0 0.0 0.0 0.0 2.0 3.0 4.0 7.0 8.0 3.0 1.0 3.0 
1108447 1994 3 30 82 4.0 6.0 9.0 9.0 9.0 9.0 9.0 9.0 9.0 9.0 9.0 9.0 9.0 9.0 9.0 8.0 9.0 9.0 9.0 9.0 9.0 8.0 8.0 8.0 
1108447 1994 3 31 82 8.0 7.0 7.0 2.0 10.0 8.0 8.0 8.0 10.0 10.0 10.0 10.0 9.0 7.0 2.0 1.0 0.0 0.0 1.0 2.0 1.0 1.0 6.0 8.0 
1108447 1994 4 1 82 9.0 9.0 8.0 8.0 8.0 9.0 9.0 10.0 10.0 10.0 10.0 10.0 10.0 10.0 10.0 10.0 10.0 10.0 9.0 10.0 9.0 9.0 10.0 10.0 
1108447 1994 4 2 82 10.0 10.0 10.0 9.0 10.0 9.0 9.0 9.0 9.0 10.0 9.0 9.0 9.0 10.0 10.0 10.0 7.0 5.0 8.0 7.0 4.0 9.0 10.0 10.0 
1108447 1994 4 3 82 10.0 9.0 10.0 10.0 10.0 10.0 9.0 9.0 9.0 9.0 9.0 9.0 7.0 7.0 3.0 6.0 7.0 7.0 7.0 6.0 6.0 6.0 5.0 5.0 
1108447 1994 4 4 82 7.0 10.0 9.0 10.0 9.0 9.0 10.0 10.0 9.0 9.0 9.0 10.0 10.0 10.0 10.0 10.0 10.0 10.0 10.0 10.0 10.0 10.0 9.0 9.0 
1108447 1994 4 5 82 10.0 10.0 10.0 10.0 10.0 10.0 9.0 8.0 7.0 7.0 8.0 7.0 9.0 9.0 9.0 9.0 10.0 10.0 10.0 10.0 10.0 10.0 10.0 10.0 
1108447 1994 4 6 82 10.0 10.0 10.0 10.0 10.0 10.0 10.0 10.0 10.0 10.0 10.0 10.0 10.0 10.0 10.0 10.0 10.0 10.0 10.0 10.0 10.0 10.0 10.0 10.0 
1108447 1994 4 7 82 10.0 10.0 10.0 10.0 10.0 10.0 10.0 10.0 10.0 10.0 10.0 10.0 10.0 10.0 9.0 5.0 7.0 7.0 7.0 4.0 9.0 9.0 10.0 10.0 
1108447 1994 4 8 82 10.0 10.0 10.0 10.0 10.0 10.0 10.0 10.0 10.0 10.0 10.0 10.0 10.0 10.0 10.0 10.0 10.0 10.0 10.0 10.0 10.0 10.0 10.0 10.0 
1108447 1994 4 9 82 10.0 10.0 10.0 10.0 9.0 10.0 9.0 9.0 9.0 9.0 9.0 9.0 8.0 9.0 7.0 8.0 5.0 3.0 2.0 2.0 7.0 1.0 3.0 2.0 
1108447 1994 4 10 82 1.0 1.0 4.0 1.0 4.0 6.0 9.0 9.0 10.0 10.0 10.0 9.0 9.0 9.0 9.0 10.0 9.0 9.0 9.0 9.0 8.0 9.0 9.0 10.0 
1108447 1994 4 11 82 10.0 10.0 10.0 9.0 10.0 9.0 10.0 10.0 10.0 10.0 10.0 10.0 10.0 10.0 10.0 10.0 10.0 10.0 10.0 10.0 10.0 10.0 10.0 10.0 
1108447 1994 4 12 82 10.0 10.0 10.0 10.0 10.0 10.0 9.0 8.0 2.0 1.0 2.0 4.0 7.0 7.0 7.0 7.0 8.0 10.0 10.0 10.0 10.0 10.0 10.0 10.0 
1108447 1994 4 13 82 10.0 10.0 10.0 9.0 10.0 10.0 9.0 9.0 9.0 9.0 9.0 9.0 10.0 10.0 8.0 8.0 7.0 9.0 9.0 10.0 9.0 8.0 8.0 6.0 
1108447 1994 4 14 82 3.0 4.0 5.0 6.0 3.0 2.0 9.0 9.0 10.0 9.0 9.0 10.0 10.0 10.0 10.0 10.0 10.0 10.0 10.0 10.0 10.0 10.0 10.0 9.0 
1108447 1994 4 15 82 9.0 10.0 10.0 10.0 10.0 9.0 9.0 10.0 9.0 10.0 10.0 10.0 10.0 10.0 10.0 10.0 10.0 10.0 10.0 9.0 9.0 9.0 9.0 9.0 
1108447 1994 4 16 82 9.0 9.0 9.0 9.0 6.0 8.0 3.0 3.0 2.0 3.0 4.0 8.0 9.0 9.0 10.0 10.0 9.0 7.0 9.0 9.0 8.0 9.0 8.0 6.0 
1108447 1994 4 17 82 8.0 8.0 7.0 6.0 8.0 2.0 2.0 2.0 3.0 4.0 2.0 4.0 6.0 4.0 5.0 8.0 8.0 8.0 9.0 7.0 9.0 8.0 9.0 9.0 
1108447 1994 4 18 82 8.0 8.0 5.0 7.0 10.0 9.0 9.0 9.0 9.0 9.0 10.0 9.0 9.0 10.0 10.0 10.0 9.0 10.0 10.0 10.0 10.0 10.0 10.0 10.0 
1108447 1994 4 19 82 10.0 10.0 10.0 10.0 10.0 10.0 9.0 9.0 5.0 9.0 10.0 9.0 10.0 10.0 10.0 9.0 9.0 6.0 3.0 3.0 4.0 4.0 4.0 2.0 
1108447 1994 4 20 82 2.0 2.0 2.0 2.0 2.0 0.0 0.0 1.0 1.0 3.0 3.0 6.0 0.0 0.0 5.0 7.0 9.0 9.0 9.0 7.0 9.0 7.0 9.0 7.0 
1108447 1994 4 21 82 5.0 5.0 9.0 10.0 10.0 10.0 10.0 10.0 10.0 10.0 10.0 9.0 8.0 2.0 2.0 2.0 2.0 2.0 2.0 2.0 1.0 1.0 2.0 1.0 
1108447 1994 4 22 82 2.0 2.0 4.0 1.0 0.0 0.0 7.0 4.0 0.0 4.0 3.0 1.0 3.0 5.0 9.0 10.0 10.0 9.0 10.0 10.0 9.0 6.0 6.0 5.0 
1108447 1994 4 23 82 4.0 4.0 6.0 7.0 7.0 1.0 1.0 7.0 9.0 9.0 9.0 7.0 9.0 5.0 5.0 6.0 9.0 9.0 9.0 8.0 9.0 9.0 9.0 8.0 
1108447 1994 4 24 82 5.0 5.0 8.0 9.0 9.0 10.0 10.0 10.0 10.0 10.0 10.0 10.0 10.0 10.0 10.0 10.0 8.0 7.0 9.0 9.0 9.0 9.0 1.0 1.0 
1108447 1994 4 25 82 2.0 4.0 7.0 8.0 10.0 10.0 9.0 10.0 10.0 9.0 8.0 9.0 9.0 8.0 8.0 8.0 6.0 4.0 3.0 7.0 9.0 9.0 9.0 8.0 
1108447 1994 4 26 82 8.0 7.0 9.0 9.0 9.0 9.0 9.0 10.0 10.0 10.0 10.0 9.0 10.0 9.0 9.0 9.0 9.0 9.0 10.0 10.0 9.0 10.0 9.0 6.0 
1108447 1994 4 27 82 10.0 9.0 9.0 10.0 10.0 10.0 9.0 9.0 9.0 6.0 2.0 2.0 1.0 1.0 1.0 1.0 1.0 1.0 1.0 1.0 3.0 2.0 2.0 2.0 
1108447 1994 4 28 82 3.0 4.0 4.0 5.0 7.0 4.0 7.0 7.0 6.0 8.0 10.0 9.0 10.0 9.0 8.0 8.0 7.0 9.0 10.0 10.0 9.0 10.0 10.0 10.0 
1108447 1994 4 29 82 10.0 10.0 8.0 8.0 9.0 9.0 9.0 10.0 9.0 10.0 10.0 10.0 10.0 10.0 10.0 10.0 10.0 10.0 10.0 9.0 9.0 10.0 10.0 10.0 
1108447 1994 4 30 82 10.0 9.0 10.0 9.0 9.0 9.0 6.0 7.0 4.0 1.0 2.0 2.0 2.0 4.0 2.0 2.0 2.0 3.0 4.0 4.0 1.0 1.0 4.0 4.0 
1108447 1994 5 1 82 5.0 1.0 2.0 1.0 7.0 6.0 7.0 8.0 8.0 9.0 10.0 10.0 10.0 10.0 10.0 10.0 9.0 9.0 9.0 9.0 9.0 10.0 10.0 10.0 
1108447 1994 5 2 82 10.0 10.0 10.0 10.0 10.0 10.0 9.0 8.0 7.0 9.0 9.0 8.0 5.0 4.0 2.0 2.0 1.0 1.0 1.0 1.0 0.0 0.0 0.0 0.0 
1108447 1994 5 3 82 0.0 2.0 3.0 4.0 3.0 1.0 8.0 9.0 8.0 7.0 9.0 8.0 10.0 10.0 10.0 10.0 10.0 10.0 10.0 10.0 10.0 10.0 10.0 10.0 
1108447 1994 5 4 82 10.0 10.0 10.0 10.0 10.0 10.0 10.0 10.0 10.0 10.0 10.0 10.0 10.0 9.0 9.0 7.0 4.0 3.0 2.0 2.0 3.0 4.0 2.0 2.0 
1108447 1994 5 5 82 2.0 0.0 0.0 1.0 1.0 1.0 2.0 9.0 9.0 4.0 3.0 1.0 0.0 0.0 1.0 2.0 8.0 4.0 7.0 7.0 5.0 5.0 3.0 3.0 
1108447 1994 5 6 82 0.0 0.0 0.0 0.0 3.0 8.0 6.0 6.0 8.0 8.0 5.0 4.0 4.0 4.0 4.0 8.0 9.0 9.0 9.0 9.0 5.0 3.0 2.0 1.0 
1108447 1994 5 7 82 0.0 0.0 0.0 0.0 5.0 4.0 6.0 3.0 3.0 3.0 3.0 1.0 1.0 3.0 3.0 3.0 7.0 9.0 6.0 8.0 8.0 8.0 5.0 0.0 
1108447 1994 5 8 82 0.0 0.0 0.0 0.0 3.0 3.0 3.0 6.0 7.0 8.0 8.0 8.0 3.0 3.0 2.0 3.0 3.0 4.0 7.0 7.0 7.0 7.0 2.0 3.0 
1108447 1994 5 9 82 2.0 4.0 6.0 6.0 9.0 9.0 9.0 9.0 10.0 10.0 10.0 9.0 10.0 9.0 10.0 10.0 10.0 10.0 10.0 10.0 10.0 10.0 9.0 9.0 
1108447 1994 5 10 82 10.0 10.0 10.0 10.0 10.0 10.0 10.0 10.0 10.0 10.0 10.0 10.0 9.0 8.0 10.0 10.0 8.0 5.0 1.0 1.0 1.0 1.0 3.0 3.0 
1108447 1994 5 11 82 4.0 4.0 4.0 4.0 2.0 3.0 4.0 2.0 2.0 9.0 9.0 9.0 7.0 8.0 8.0 9.0 10.0 10.0 10.0 9.0 10.0 7.0 7.0 4.0 
1108447 1994 5 12 82 5.0 4.0 6.0 2.0 2.0 2.0 4.0 3.0 3.0 9.0 10.0 10.0 10.0 10.0 10.0 10.0 9.0 8.0 9.0 8.0 8.0 5.0 3.0 7.0 
1108447 1994 5 13 82 9.0 10.0 6.0 7.0 10.0 10.0 9.0 9.0 9.0 9.0 9.0 9.0 9.0 9.0 9.0 10.0 10.0 10.0 10.0 10.0 7.0 9.0 7.0 2.0 
1108447 1994 5 14 82 5.0 5.0 8.0 8.0 6.0 3.0 1.0 6.0 8.0 10.0 10.0 10.0 10.0 10.0 10.0 10.0 10.0 10.0 10.0 10.0 10.0 10.0 10.0 10.0 
1108447 1994 5 15 82 10.0 10.0 10.0 9.0 9.0 10.0 9.0 8.0 8.0 8.0 8.0 8.0 8.0 8.0 7.0 6.0 6.0 9.0 9.0 9.0 9.0 9.0 9.0 10.0 
1108447 1994 5 16 82 10.0 10.0 10.0 10.0 10.0 10.0 10.0 10.0 10.0 10.0 10.0 10.0 10.0 9.0 9.0 9.0 9.0 9.0 9.0 6.0 6.0 9.0 10.0 10.0 
1108447 1994 5 17 82 10.0 10.0 10.0 10.0 10.0 10.0 10.0 9.0 10.0 10.0 9.0 5.0 3.0 2.0 2.0 2.0 3.0 3.0 3.0 4.0 4.0 5.0 8.0 4.0 
1108447 1994 5 18 82 2.0 1.0 2.0 4.0 6.0 8.0 9.0 9.0 8.0 6.0 1.0 1.0 1.0 2.0 2.0 2.0 2.0 2.0 2.0 2.0 3.0 3.0 3.0 2.0 
1108447 1994 5 19 82 2.0 2.0 2.0 2.0 2.0 1.0 1.0 0.0 0.0 0.0 1.0 2.0 1.0 2.0 1.0 1.0 1.0 1.0 1.0 1.0 1.0 1.0 1.0 3.0 
1108447 1994 5 20 82 5.0 5.0 5.0 8.0 9.0 9.0 9.0 9.0 8.0 9.0 9.0 9.0 10.0 10.0 10.0 10.0 10.0 10.0 9.0 10.0 9.0 9.0 9.0 8.0 
1108447 1994 5 21 82 8.0 8.0 7.0 7.0 9.0 6.0 6.0 8.0 3.0 4.0 7.0 8.0 2.0 2.0 2.0 2.0 2.0 2.0 3.0 5.0 4.0 2.0 2.0 2.0 
1108447 1994 5 22 82 2.0 1.0 1.0 1.0 1.0 1.0 3.0 7.0 9.0 9.0 9.0 9.0 7.0 3.0 5.0 9.0 9.0 9.0 8.0 2.0 2.0 2.0 2.0 2.0 
1108447 1994 5 23 82 1.0 0.0 1.0 1.0 5.0 3.0 3.0 3.0 3.0 3.0 4.0 5.0 6.0 8.0 9.0 9.0 9.0 9.0 9.0 6.0 5.0 4.0 3.0 3.0 
1108447 1994 5 24 82 5.0 5.0 5.0 6.0 8.0 8.0 7.0 9.0 9.0 9.0 9.0 10.0 10.0 6.0 7.0 8.0 7.0 9.0 9.0 9.0 9.0 9.0 9.0 9.0 
1108447 1994 5 25 82 10.0 10.0 10.0 10.0 10.0 9.0 9.0 9.0 7.0 6.0 5.0 7.0 7.0 7.0 4.0 3.0 2.0 2.0 2.0 1.0 1.0 1.0 1.0 2.0 
1108447 1994 5 26 82 4.0 3.0 2.0 2.0 9.0 9.0 9.0 9.0 9.0 9.0 5.0 7.0 4.0 4.0 4.0 7.0 7.0 5.0 6.0 2.0 4.0 3.0 3.0 4.0 
1108447 1994 5 27 82 3.0 2.0 3.0 2.0 3.0 2.0 2.0 2.0 2.0 2.0 2.0 2.0 2.0 1.0 3.0 4.0 9.0 10.0 10.0 9.0 10.0 10.0 8.0 10.0 
1108447 1994 5 28 82 10.0 10.0 10.0 10.0 10.0 10.0 10.0 9.0 10.0 10.0 10.0 10.0 10.0 10.0 10.0 10.0 10.0 10.0 9.0 9.0 10.0 8.0 9.0 10.0 
1108447 1994 5 29 82 9.0 10.0 10.0 10.0 10.0 10.0 10.0 9.0 9.0 9.0 9.0 10.0 10.0 9.0 10.0 9.0 9.0 9.0 8.0 6.0 8.0 7.0 5.0 2.0 
1108447 1994 5 30 82 8.0 9.0 9.0 9.0 9.0 3.0 1.0 5.0 7.0 4.0 6.0 6.0 7.0 9.0 9.0 9.0 9.0 4.0 7.0 8.0 8.0 7.0 3.0 7.0 
1108447 1994 5 31 82 10.0 9.0 10.0 8.0 9.0 10.0 10.0 10.0 10.0 10.0 10.0 10.0 10.0 10.0 10.0 10.0 10.0 10.0 9.0 10.0 10.0 10.0 9.0 7.0 
1108447 1994 6 1 82 8.0 8.0 4.0 4.0 6.0 5.0 9.0 9.0 9.0 7.0 7.0 3.0 3.0 3.0 1.0 1.0 1.0 3.0 2.0 0.0 0.0 0.0 0.0 0.0 
1108447 1994 6 2 82 3.0 3.0 3.0 0.0 3.0 9.0 10.0 10.0 10.0 9.0 10.0 10.0 10.0 10.0 10.0 10.0 10.0 10.0 10.0 9.0 10.0 10.0 8.0 7.0 
1108447 1994 6 3 82 7.0 2.0 3.0 3.0 1.0 6.0 8.0 9.0 9.0 10.0 10.0 10.0 10.0 10.0 9.0 10.0 10.0 10.0 10.0 10.0 10.0 10.0 9.0 9.0 
1108447 1994 6 4 82 10.0 10.0 10.0 9.0 10.0 10.0 10.0 10.0 10.0 10.0 10.0 9.0 9.0 9.0 9.0 10.0 9.0 9.0 10.0 10.0 10.0 10.0 10.0 10.0 
1108447 1994 6 5 82 8.0 10.0 8.0 8.0 3.0 9.0 10.0 10.0 10.0 10.0 10.0 10.0 10.0 10.0 10.0 10.0 10.0 10.0 10.0 10.0 10.0 10.0 10.0 10.0 
1108447 1994 6 6 82 10.0 10.0 10.0 10.0 10.0 10.0 10.0 9.0 10.0 10.0 10.0 10.0 10.0 10.0 10.0 10.0 9.0 9.0 10.0 9.0 8.0 7.0 10.0 5.0 
1108447 1994 6 7 82 2.0 3.0 4.0 6.0 9.0 9.0 9.0 9.0 9.0 9.0 9.0 10.0 10.0 10.0 10.0 10.0 9.0 9.0 9.0 8.0 8.0 9.0 7.0 7.0 
1108447 1994 6 8 82 3.0 7.0 8.0 9.0 9.0 9.0 9.0 9.0 9.0 7.0 8.0 8.0 10.0 10.0 10.0 10.0 8.0 8.0 6.0 7.0 7.0 7.0 7.0 5.0 
1108447 1994 6 9 82 3.0 7.0 7.0 8.0 8.0 7.0 6.0 7.0 9.0 9.0 9.0 9.0 7.0 3.0 3.0 1.0 1.0 3.0 5.0 7.0 7.0 8.0 4.0 4.0 
1108447 1994 6 10 82 8.0 9.0 9.0 8.0 10.0 10.0 10.0 9.0 9.0 7.0 8.0 10.0 10.0 10.0 10.0 10.0 10.0 10.0 10.0 10.0 10.0 10.0 9.0 7.0 
1108447 1994 6 11 82 10.0 10.0 7.0 7.0 9.0 10.0 10.0 10.0 10.0 10.0 10.0 10.0 10.0 10.0 9.0 9.0 10.0 10.0 10.0 10.0 9.0 7.0 10.0 10.0 
1108447 1994 6 12 82 10.0 10.0 10.0 8.0 10.0 10.0 10.0 10.0 10.0 10.0 10.0 10.0 10.0 10.0 10.0 10.0 10.0 10.0 10.0 10.0 10.0 10.0 10.0 10.0 
1108447 1994 6 13 82 10.0 7.0 8.0 7.0 7.0 7.0 7.0 7.0 8.0 7.0 9.0 9.0 8.0 5.0 7.0 7.0 9.0 9.0 10.0 10.0 10.0 10.0 10.0 10.0 
1108447 1994 6 14 82 10.0 10.0 10.0 10.0 10.0 10.0 9.0 10.0 10.0 10.0 10.0 10.0 10.0 10.0 10.0 10.0 9.0 8.0 7.0 7.0 8.0 9.0 9.0 8.0 
1108447 1994 6 15 82 8.0 8.0 9.0 9.0 9.0 9.0 9.0 10.0 9.0 9.0 9.0 9.0 9.0 9.0 8.0 7.0 8.0 8.0 8.0 8.0 6.0 9.0 9.0 10.0 
1108447 1994 6 16 82 10.0 10.0 10.0 10.0 9.0 9.0 9.0 10.0 10.0 9.0 9.0 9.0 8.0 7.0 8.0 7.0 6.0 6.0 6.0 9.0 9.0 9.0 9.0 7.0 
1108447 1994 6 17 82 6.0 5.0 4.0 3.0 6.0 8.0 9.0 9.0 9.0 9.0 6.0 3.0 1.0 1.0 1.0 7.0 9.0 9.0 9.0 9.0 9.0 9.0 9.0 8.0 
1108447 1994 6 18 82 8.0 8.0 9.0 10.0 10.0 10.0 10.0 10.0 10.0 10.0 10.0 10.0 10.0 10.0 10.0 10.0 9.0 10.0 10.0 9.0 9.0 9.0 9.0 8.0 
1108447 1994 6 19 82 7.0 7.0 8.0 8.0 9.0 3.0 2.0 3.0 5.0 5.0 5.0 3.0 2.0 8.0 6.0 0.0 0.0 0.0 0.0 0.0 0.0 0.0 0.0 0.0 
1108447 1994 6 20 82 0.0 0.0 0.0 0.0 0.0 0.0 0.0 1.0 1.0 1.0 1.0 1.0 1.0 1.0 1.0 1.0 1.0 1.0 0.0 0.0 0.0 0.0 0.0 0.0 
1108447 1994 6 21 82 0.0 0.0 0.0 1.0 0.0 0.0 0.0 0.0 0.0 0.0 0.0 0.0 1.0 4.0 6.0 7.0 5.0 5.0 2.0 2.0 3.0 2.0 0.0 0.0 
1108447 1994 6 22 82 0.0 6.0 7.0 5.0 1.0 1.0 1.0 4.0 2.0 2.0 4.0 3.0 3.0 7.0 5.0 7.0 2.0 1.0 1.0 1.0 1.0 2.0 4.0 6.0 
1108447 1994 6 23 82 3.0 2.0 3.0 2.0 2.0 4.0 5.0 6.0 8.0 10.0 10.0 10.0 10.0 10.0 10.0 10.0 10.0 10.0 10.0 10.0 10.0 10.0 8.0 10.0 
1108447 1994 6 24 82 10.0 10.0 10.0 9.0 10.0 7.0 4.0 8.0 8.0 9.0 5.0 5.0 3.0 6.0 8.0 7.0 7.0 9.0 9.0 9.0 6.0 3.0 4.0 2.0 
1108447 1994 6 25 82 1.0 1.0 2.0 2.0 9.0 8.0 8.0 6.0 4.0 4.0 3.0 3.0 2.0 1.0 1.0 1.0 1.0 1.0 1.0 2.0 2.0 4.0 4.0 2.0 
1108447 1994 6 26 82 3.0 5.0 3.0 4.0 5.0 9.0 9.0 9.0 9.0 9.0 9.0 9.0 9.0 9.0 9.0 9.0 9.0 9.0 7.0 3.0 4.0 3.0 3.0 2.0 
1108447 1994 6 27 82 1.0 3.0 3.0 1.0 2.0 1.0 1.0 1.0 0.0 0.0 1.0 1.0 1.0 1.0 1.0 1.0 1.0 0.0 0.0 0.0 2.0 2.0 3.0 3.0 
1108447 1994 6 28 82 5.0 4.0 3.0 1.0 3.0 3.0 2.0 3.0 5.0 4.0 3.0 3.0 3.0 2.0 1.0 1.0 1.0 3.0 8.0 9.0 9.0 7.0 8.0 6.0 
1108447 1994 6 29 82 7.0 8.0 7.0 9.0 8.0 9.0 10.0 9.0 9.0 9.0 9.0 9.0 9.0 9.0 8.0 7.0 4.0 4.0 6.0 6.0 5.0 2.0 4.0 2.0 
1108447 1994 6 30 82 2.0 3.0 4.0 8.0 9.0 9.0 9.0 9.0 9.0 9.0 10.0 10.0 10.0 10.0 10.0 10.0 10.0 10.0 10.0 10.0 10.0 10.0 10.0 10.0 
1108447 1994 7 1 82 10.0 10.0 10.0 10.0 10.0 10.0 10.0 10.0 10.0 9.0 9.0 9.0 9.0 9.0 4.0 4.0 3.0 6.0 8.0 7.0 9.0 9.0 9.0 9.0 
1108447 1994 7 2 82 7.0 8.0 6.0 6.0 9.0 8.0 9.0 9.0 9.0 8.0 7.0 9.0 9.0 9.0 9.0 9.0 9.0 9.0 9.0 9.0 8.0 7.0 3.0 5.0 
1108447 1994 7 3 82 5.0 7.0 7.0 8.0 8.0 8.0 8.0 9.0 9.0 9.0 10.0 9.0 8.0 9.0 9.0 9.0 9.0 9.0 8.0 7.0 6.0 5.0 7.0 9.0 
1108447 1994 7 4 82 9.0 9.0 10.0 9.0 10.0 10.0 10.0 10.0 10.0 10.0 10.0 10.0 10.0 10.0 10.0 10.0 10.0 9.0 9.0 2.0 3.0 2.0 1.0 1.0 
1108447 1994 7 5 82 0.0 0.0 1.0 1.0 0.0 0.0 0.0 0.0 0.0 0.0 0.0 0.0 2.0 2.0 3.0 5.0 3.0 3.0 9.0 9.0 5.0 6.0 5.0 4.0 
1108447 1994 7 6 82 4.0 3.0 3.0 4.0 4.0 9.0 9.0 10.0 9.0 9.0 8.0 2.0 1.0 1.0 1.0 0.0 0.0 0.0 0.0 0.0 0.0 0.0 0.0 0.0 
1108447 1994 7 7 82 0.0 0.0 0.0 0.0 1.0 1.0 1.0 1.0 1.0 1.0 1.0 1.0 1.0 1.0 1.0 1.0 1.0 1.0 0.0 0.0 0.0 0.0 0.0 0.0 
1108447 1994 7 8 82 0.0 0.0 0.0 1.0 3.0 8.0 9.0 8.0 7.0 6.0 3.0 4.0 5.0 6.0 6.0 5.0 4.0 1.0 1.0 0.0 0.0 0.0 0.0 0.0 
1108447 1994 7 9 82 0.0 0.0 0.0 0.0 0.0 0.0 0.0 0.0 0.0 0.0 0.0 0.0 1.0 1.0 1.0 1.0 1.0 1.0 0.0 0.0 0.0 0.0 0.0 1.0 
1108447 1994 7 10 82 0.0 0.0 0.0 1.0 0.0 1.0 1.0 0.0 0.0 0.0 1.0 3.0 4.0 6.0 4.0 2.0 2.0 4.0 4.0 3.0 3.0 2.0 2.0 3.0 
1108447 1994 7 11 82 0.0 0.0 0.0 0.0 0.0 0.0 0.0 0.0 0.0 0.0 1.0 2.0 4.0 6.0 6.0 7.0 7.0 8.0 8.0 6.0 9.0 4.0 2.0 2.0 
1108447 1994 7 12 82 2.0 3.0 1.0 1.0 1.0 2.0 2.0 1.0 2.0 1.0 0.0 1.0 1.0 1.0 2.0 2.0 2.0 1.0 0.0 0.0 0.0 1.0 0.0 0.0 
1108447 1994 7 13 82 0.0 0.0 0.0 0.0 0.0 0.0 1.0 2.0 9.0 9.0 9.0 9.0 10.0 10.0 10.0 10.0 10.0 9.0 9.0 8.0 7.0 4.0 3.0 0.0 
1108447 1994 7 14 82 0.0 0.0 0.0 1.0 0.0 0.0 4.0 2.0 2.0 1.0 0.0 0.0 0.0 0.0 0.0 0.0 0.0 0.0 1.0 1.0 1.0 2.0 0.0 0.0 
1108447 1994 7 15 82 0.0 0.0 0.0 0.0 0.0 0.0 1.0 3.0 3.0 6.0 6.0 8.0 8.0 8.0 8.0 9.0 9.0 9.0 9.0 9.0 9.0 9.0 9.0 8.0 
1108447 1994 7 16 82 8.0 8.0 5.0 4.0 2.0 6.0 8.0 5.0 2.0 1.0 0.0 0.0 1.0 1.0 2.0 6.0 9.0 9.0 9.0 8.0 8.0 5.0 5.0 5.0 
1108447 1994 7 17 82 6.0 6.0 5.0 6.0 8.0 9.0 9.0 10.0 10.0 10.0 10.0 10.0 10.0 10.0 10.0 10.0 10.0 10.0 10.0 6.0 4.0 5.0 7.0 2.0 
1108447 1994 7 18 82 2.0 1.0 1.0 1.0 7.0 9.0 9.0 9.0 9.0 9.0 9.0 5.0 3.0 2.0 2.0 2.0 2.0 1.0 1.0 1.0 0.0 0.0 0.0 0.0 
1108447 1994 7 19 82 0.0 0.0 0.0 0.0 0.0 0.0 0.0 0.0 0.0 0.0 2.0 1.0 3.0 3.0 5.0 5.0 3.0 4.0 3.0 3.0 3.0 3.0 2.0 2.0 
1108447 1994 7 20 82 1.0 1.0 1.0 1.0 0.0 0.0 0.0 0.0 0.0 0.0 0.0 0.0 0.0 0.0 0.0 1.0 1.0 0.0 0.0 0.0 1.0 0.0 0.0 0.0 
1108447 1994 7 21 82 0.0 0.0 0.0 0.0 0.0 0.0 0.0 1.0 0.0 0.0 0.0 0.0 0.0 2.0 3.0 3.0 3.0 3.0 3.0 4.0 6.0 5.0 5.0 5.0 
1108447 1994 7 22 82 5.0 5.0 5.0 5.0 3.0 3.0 8.0 8.0 7.0 3.0 1.0 1.0 1.0 1.0 2.0 5.0 6.0 7.0 8.0 8.0 7.0 5.0 5.0 5.0 
1108447 1994 7 23 82 5.0 5.0 5.0 5.0 8.0 8.0 3.0 2.0 2.0 2.0 8.0 8.0 4.0 3.0 8.0 9.0 10.0 10.0 10.0 9.0 8.0 4.0 1.0 0.0 
1108447 1994 7 24 82 0.0 0.0 0.0 0.0 0.0 0.0 0.0 1.0 1.0 0.0 0.0 0.0 0.0 0.0 0.0 0.0 0.0 8.0 9.0 10.0 10.0 10.0 10.0 10.0 
1108447 1994 7 25 82 10.0 9.0 9.0 9.0 9.0 9.0 9.0 9.0 9.0 10.0 10.0 10.0 10.0 8.0 3.0 1.0 1.0 1.0 1.0 1.0 2.0 1.0 1.0 2.0 
1108447 1994 7 26 82 5.0 6.0 1.0 1.0 8.0 4.0 4.0 8.0 8.0 6.0 2.0 2.0 1.0 1.0 0.0 0.0 0.0 0.0 0.0 0.0 2.0 1.0 1.0 0.0 
1108447 1994 7 27 82 0.0 0.0 0.0 0.0 0.0 0.0 0.0 0.0 0.0 0.0 0.0 0.0 0.0 0.0 0.0 0.0 1.0 1.0 2.0 5.0 8.0 7.0 6.0 5.0 
1108447 1994 7 28 82 4.0 2.0 2.0 0.0 0.0 1.0 6.0 8.0 6.0 5.0 3.0 1.0 1.0 1.0 0.0 1.0 1.0 1.0 1.0 1.0 1.0 1.0 0.0 0.0 
1108447 1994 7 29 82 0.0 0.0 3.0 2.0 0.0 8.0 1.0 3.0 4.0 2.0 7.0 3.0 4.0 4.0 3.0 2.0 3.0 2.0 2.0 3.0 4.0 1.0 4.0 4.0 
1108447 1994 7 30 82 3.0 6.0 7.0 7.0 9.0 8.0 5.0 4.0 7.0 7.0 3.0 2.0 2.0 3.0 4.0 1.0 1.0 1.0 1.0 0.0 0.0 0.0 2.0 2.0 
1108447 1994 7 31 82 2.0 0.0 0.0 0.0 1.0 2.0 2.0 5.0 7.0 7.0 8.0 5.0 3.0 4.0 6.0 5.0 0.5 0.5 0.5 0.0 0.0 0.0 1.0 1.0 
1108447 1994 8 1 82 2.0 2.0 4.0 5.0 8.0 2.0 2.0 0.0 0.0 0.0 0.0 0.0 0.0 0.0 0.0 0.0 0.0 0.0 0.0 0.0 0.0 0.0 0.0 0.0 
1108447 1994 8 2 82 0.0 0.0 0.0 0.0 0.0 0.0 0.0 1.0 1.0 1.0 1.0 1.0 1.0 3.0 3.0 5.0 8.0 8.0 8.0 8.0 8.0 8.0 9.0 10.0 
1108447 1994 8 3 82 10.0 9.0 10.0 10.0 10.0 10.0 10.0 10.0 10.0 9.0 9.0 8.0 9.0 9.0 9.0 9.0 9.0 7.0 4.0 2.0 3.0 2.0 5.0 4.0 
1108447 1994 8 4 82 3.0 4.0 2.0 1.0 4.0 8.0 7.0 10.0 10.0 9.0 7.0 5.0 5.0 3.0 2.0 5.0 5.0 7.0 9.0 9.0 9.0 9.0 10.0 8.0 
1108447 1994 8 5 82 8.0 8.0 10.0 7.0 9.0 9.0 8.0 9.0 7.0 7.0 7.0 6.0 5.0 4.0 7.0 7.0 8.0 8.0 8.0 9.0 7.0 6.0 5.0 3.0 
1108447 1994 8 6 82 0.0 1.0 1.0 1.0 2.0 2.0 2.0 2.0 2.0 4.0 5.0 4.0 2.0 1.0 1.0 2.0 2.0 9.0 9.0 9.0 9.0 8.0 8.0 4.0 
1108447 1994 8 7 82 3.0 3.0 3.0 3.0 8.0 9.0 9.0 9.0 7.0 9.0 9.0 9.0 9.0 10.0 10.0 10.0 10.0 10.0 9.0 10.0 10.0 10.0 10.0 10.0 
1108447 1994 8 8 82 10.0 10.0 10.0 10.0 10.0 10.0 10.0 10.0 9.0 10.0 10.0 10.0 9.0 9.0 8.0 5.0 7.0 8.0 8.0 8.0 9.0 8.0 9.0 8.0 
1108447 1994 8 9 82 9.0 9.0 9.0 10.0 10.0 10.0 10.0 10.0 10.0 10.0 9.0 9.0 9.0 9.0 8.0 7.0 6.0 2.0 1.0 0.0 1.0 1.0 3.0 3.0 
1108447 1994 8 10 82 3.0 0.0 0.0 0.0 0.0 0.0 2.0 3.0 5.0 6.0 3.0 2.0 1.0 0.0 0.0 0.0 2.0 2.0 4.0 4.0 4.0 1.0 0.0 0.0 
1108447 1994 8 11 82 0.0 0.0 0.0 0.0 0.0 0.0 0.0 0.0 0.0 0.0 0.0 0.0 0.0 0.0 0.0 0.0 0.0 0.0 0.0 0.0 1.0 1.0 3.0 2.0 
1108447 1994 8 12 82 3.0 4.0 4.0 6.0 4.0 3.0 3.0 3.0 1.0 0.0 0.0 0.0 0.0 1.0 1.0 0.0 0.0 0.0 0.0 0.0 0.0 0.0 0.0 0.0 
1108447 1994 8 13 82 0.0 2.0 1.0 0.0 0.0 1.0 0.0 0.0 0.0 0.0 0.0 0.0 0.0 0.0 0.0 2.0 4.0 4.0 6.0 4.0 3.0 4.0 4.0 1.0 
1108447 1994 8 14 82 0.0 1.0 0.0 0.0 0.0 3.0 6.0 8.0 9.0 9.0 9.0 9.0 9.0 10.0 10.0 10.0 10.0 9.0 8.0 5.0 6.0 8.0 5.0 2.0 
1108447 1994 8 15 82 1.0 3.0 5.0 4.0 2.0 3.0 4.0 9.0 8.0 6.0 4.0 7.0 5.0 8.0 7.0 5.0 3.0 5.0 2.0 2.0 2.0 1.0 0.0 0.0 
1108447 1994 8 16 82 0.0 1.0 0.0 1.0 1.0 3.0 3.0 7.0 4.0 6.0 8.0 9.0 7.0 7.0 8.0 6.0 6.0 5.0 6.0 5.0 1.0 2.0 2.0 2.0 
1108447 1994 8 17 82 1.0 1.0 1.0 2.0 5.0 6.0 4.0 7.0 9.0 3.0 5.0 9.0 9.0 9.0 9.0 6.0 5.0 3.0 2.0 1.0 1.0 1.0 1.0 1.0 
1108447 1994 8 18 82 1.0 0.0 0.0 0.0 0.0 0.0 0.0 0.0 0.0 0.0 0.0 0.0 1.0 1.0 1.0 1.0 2.0 3.0 7.0 6.0 6.0 6.0 6.0 7.0 
1108447 1994 8 19 82 7.0 7.0 6.0 5.0 8.0 7.0 5.0 5.0 3.0 3.0 8.0 7.0 7.0 5.0 2.0 2.0 2.0 2.0 2.0 2.0 3.0 3.0 6.0 6.0 
1108447 1994 8 20 82 4.0 8.0 9.0 8.0 9.0 8.0 9.0 8.0 8.0 5.0 7.0 3.0 5.0 5.0 8.0 9.0 9.0 9.0 9.0 8.0 6.0 7.0 7.0 8.0 
1108447 1994 8 21 82 8.0 10.0 10.0 10.0 10.0 10.0 10.0 10.0 5.0 4.0 7.0 7.0 7.0 8.0 6.0 5.0 5.0 5.0 6.0 6.0 7.0 7.0 8.0 6.0 
1108447 1994 8 22 82 6.0 6.0 6.0 7.0 9.0 10.0 10.0 10.0 10.0 10.0 10.0 10.0 10.0 10.0 10.0 10.0 10.0 10.0 9.0 9.0 8.0 8.0 6.0 8.0 
1108447 1994 8 23 82 7.0 7.0 7.0 10.0 9.0 9.0 9.0 9.0 6.0 5.0 2.0 1.0 1.0 1.0 1.0 1.0 1.0 7.0 8.0 9.0 7.0 6.0 7.0 4.0 
1108447 1994 8 24 82 4.0 1.0 4.0 3.0 3.0 6.0 9.0 9.0 9.0 9.0 6.0 1.0 1.0 2.0 6.0 9.0 9.0 9.0 9.0 9.0 6.0 4.0 2.0 0.0 
1108447 1994 8 25 82 1.0 2.0 7.0 3.0 8.0 9.0 9.0 9.0 9.0 9.0 8.0 8.0 7.0 5.0 4.0 5.0 5.0 4.0 6.0 5.0 8.0 7.0 5.0 5.0 
1108447 1994 8 26 82 7.0 7.0 7.0 7.0 7.0 2.0 0.0 1.0 0.0 1.0 0.0 0.0 0.0 0.0 0.0 0.0 0.0 0.0 0.0 0.0 1.0 0.0 0.0 0.0 
1108447 1994 8 27 82 0.0 0.0 0.0 0.0 0.0 0.0 0.0 0.0 0.0 0.0 0.0 0.0 0.0 0.0 0.0 0.0 0.0 2.0 8.0 9.0 9.0 9.0 7.0 9.0 
1108447 1994 8 28 82 8.0 7.0 4.0 5.0 8.0 9.0 10.0 10.0 10.0 10.0 9.0 9.0 9.0 9.0 8.0 9.0 10.0 9.0 9.0 9.0 9.0 10.0 9.0 10.0 
1108447 1994 8 29 82 9.0 8.0 4.0 7.0 9.0 10.0 10.0 10.0 9.0 9.0 8.0 7.0 5.0 2.0 2.0 2.0 1.0 1.0 0.0 0.0 0.0 0.0 0.0 0.0 
1108447 1994 8 30 82 0.0 0.0 0.0 0.0 1.0 3.0 3.0 3.0 2.0 4.0 4.0 6.0 1.0 1.0 1.0 0.0 1.0 1.0 2.0 1.0 1.0 1.0 1.0 1.0 
1108447 1994 8 31 82 1.0 1.0 2.0 2.0 0.0 2.0 7.0 6.0 9.0 8.0 8.0 8.0 7.0 8.0 8.0 8.0 9.0 9.0 8.0 5.0 4.0 4.0 3.0 3.0 
1108447 1994 9 1 82 6.0 8.0 7.0 8.0 10.0 8.0 7.0 5.0 5.0 3.0 7.0 8.0 8.0 7.0 8.0 8.0 5.0 4.0 3.0 2.0 2.0 2.0 4.0 3.0 
1108447 1994 9 2 82 3.0 2.0 0.0 0.0 5.0 6.0 9.0 9.0 9.0 9.0 9.0 9.0 9.0 9.0 10.0 9.0 9.0 10.0 10.0 10.0 10.0 10.0 10.0 10.0 
1108447 1994 9 3 82 10.0 10.0 10.0 10.0 8.0 9.0 7.0 9.0 7.0 9.0 9.0 7.0 7.0 8.0 8.0 9.0 9.0 4.0 4.0 3.0 8.0 2.0 2.0 10.0 
1108447 1994 9 4 82 8.0 3.0 8.0 8.0 3.0 3.0 8.0 9.0 10.0 9.0 9.0 9.0 8.0 9.0 9.0 10.0 9.0 8.0 4.0 2.0 2.0 0.0 0.0 0.0 
1108447 1994 9 5 82 0.0 0.0 0.0 0.0 0.0 0.0 0.0 2.0 10.0 10.0 10.0 10.0 9.0 8.0 6.0 2.0 1.0 1.0 1.0 1.0 1.0 0.0 0.0 0.0 
1108447 1994 9 6 82 0.0 0.0 0.0 0.0 0.0 1.0 5.0 9.0 10.0 10.0 9.0 10.0 9.0 9.0 9.0 9.0 10.0 10.0 10.0 10.0 9.0 9.0 9.0 8.0 
1108447 1994 9 7 82 6.0 4.0 6.0 8.0 9.0 10.0 10.0 10.0 10.0 10.0 10.0 10.0 10.0 9.0 9.0 9.0 9.0 9.0 9.0 9.0 9.0 9.0 9.0 10.0 
1108447 1994 9 8 82 10.0 9.0 10.0 10.0 10.0 10.0 10.0 10.0 10.0 9.0 9.0 8.0 9.0 10.0 8.0 10.0 9.0 9.0 9.0 8.0 8.0 7.0 7.0 5.0 
1108447 1994 9 9 82 4.0 6.0 5.0 1.0 4.0 5.0 7.0 9.0 9.0 9.0 9.0 10.0 10.0 10.0 10.0 10.0 10.0 10.0 10.0 10.0 10.0 10.0 10.0 10.0 
1108447 1994 9 10 82 10.0 10.0 10.0 10.0 10.0 10.0 10.0 9.0 10.0 9.0 9.0 9.0 9.0 9.0 6.0 4.0 4.0 4.0 3.0 2.0 2.0 1.0 4.0 4.0 
1108447 1994 9 11 82 1.0 2.0 1.0 1.0 8.0 8.0 6.0 9.0 9.0 9.0 7.0 3.0 4.0 2.0 2.0 2.0 6.0 7.0 4.0 1.0 1.0 1.0 0.0 1.0 
1108447 1994 9 12 82 1.0 5.0 9.0 9.0 10.0 6.0 6.0 6.0 9.0 5.0 6.0 8.0 8.0 9.0 9.0 8.0 7.0 4.0 4.0 5.0 8.0 9.0 8.0 8.0 
1108447 1994 9 13 82 6.0 5.0 5.0 9.0 8.0 9.0 9.0 9.0 10.0 10.0 10.0 9.0 9.0 9.0 10.0 10.0 9.0 10.0 10.0 10.0 10.0 10.0 10.0 10.0 
1108447 1994 9 14 82 10.0 9.0 9.0 10.0 9.0 9.0 9.0 9.0 10.0 10.0 10.0 10.0 10.0 10.0 10.0 10.0 10.0 10.0 9.0 8.0 10.0 7.0 7.0 9.0 
1108447 1994 9 15 82 10.0 10.0 10.0 10.0 9.0 10.0 10.0 10.0 10.0 10.0 10.0 10.0 10.0 9.0 10.0 9.0 9.0 9.0 9.0 8.0 5.0 5.0 5.0 2.0 
1108447 1994 9 16 82 1.0 0.0 0.0 0.0 0.0 0.0 1.0 1.0 1.0 1.0 1.0 2.0 8.0 10.0 9.0 7.0 8.0 8.0 9.0 8.0 6.0 8.0 8.0 8.0 
1108447 1994 9 17 82 8.0 8.0 5.0 5.0 1.0 7.0 9.0 9.0 9.0 9.0 9.0 9.0 9.0 7.0 8.0 8.0 9.0 5.0 4.0 3.0 2.0 0.0 0.0 0.0 
1108447 1994 9 18 82 0.0 0.0 0.0 0.0 0.0 0.0 0.0 0.0 1.0 6.0 1.0 3.0 5.0 4.0 4.0 4.0 5.0 7.0 4.0 4.0 0.0 0.0 0.0 0.0 
1108447 1994 9 19 82 0.0 0.0 0.0 0.0 7.0 7.0 9.0 10.0 10.0 10.0 10.0 9.0 9.0 5.0 4.0 1.0 4.0 6.0 7.0 7.0 7.0 4.0 0.0 0.0 
1108447 1994 9 20 82 0.0 0.0 0.0 0.0 0.0 0.0 8.0 7.0 2.0 0.0 2.0 0.0 0.0 0.0 0.0 2.0 5.0 3.0 2.0 2.0 1.0 0.0 0.0 0.0 
1108447 1994 9 21 82 0.0 0.0 0.0 0.0 0.0 0.0 0.0 1.0 0.0 0.0 0.0 0.0 1.0 2.0 2.0 4.0 3.0 3.0 2.0 0.0 0.0 0.0 0.0 0.0 
1108447 1994 9 22 82 0.0 0.0 0.0 0.0 0.0 0.0 0.0 0.0 0.0 0.0 0.0 0.0 0.0 0.0 0.0 0.0 0.0 0.0 0.0 0.0 0.0 0.0 0.0 0.0 
1108447 1994 9 23 82 0.0 0.0 0.0 0.0 0.0 0.0 3.0 3.0 2.0 2.0 3.0 3.0 1.0 3.0 3.0 4.0 4.0 3.0 2.0 2.0 2.0 3.0 2.0 3.0 
1108447 1994 9 24 82 2.0 2.0 2.0 2.0 3.0 3.0 3.0 3.0 3.0 3.0 3.0 2.0 0.0 0.0 0.0 0.0 0.0 0.0 0.0 0.0 0.0 0.0 0.0 0.0 
1108447 1994 9 25 82 0.0 0.0 0.0 4.0 3.0 1.0 3.0 7.0 7.0 5.0 3.0 2.0 6.0 4.0 4.0 7.0 8.0 7.0 4.0 4.0 3.0 3.0 2.0 1.0 
1108447 1994 9 26 82 2.0 5.0 3.0 3.0 10.0 10.0 10.0 9.0 9.0 9.0 9.0 10.0 10.0 9.0 7.0 5.0 4.0 5.0 7.0 6.0 3.0 0.0 0.0 1.0 
1108447 1994 9 27 82 1.0 0.0 0.0 1.0 2.0 2.0 2.0 1.0 1.0 1.0 4.0 2.0 1.0 1.0 1.0 1.0 1.0 0.0 0.0 0.0 0.0 0.0 2.0 2.0 
1108447 1994 9 28 82 3.0 3.0 5.0 4.0 4.0 9.0 3.0 2.0 3.0 6.0 5.0 7.0 8.0 9.0 8.0 8.0 8.0 7.0 7.0 7.0 7.0 9.0 8.0 8.0 
1108447 1994 9 29 82 8.0 9.0 10.0 10.0 10.0 8.0 10.0 9.0 10.0 10.0 9.0 9.0 8.0 8.0 9.0 9.0 8.0 9.0 10.0 10.0 10.0 10.0 10.0 10.0 
1108447 1994 9 30 82 10.0 10.0 10.0 10.0 10.0 10.0 10.0 10.0 9.0 9.0 10.0 10.0 9.0 9.0 9.0 9.0 10.0 9.0 9.0 10.0 10.0 10.0 8.0 7.0 
1108447 1994 10 1 82 10.0 10.0 10.0 10.0 10.0 10.0 10.0 9.0 8.0 5.0 4.0 2.0 3.0 1.0 0.0 0.0 0.0 0.0 2.0 2.0 1.0 0.0 1.0 1.0 
1108447 1994 10 2 82 1.0 1.0 4.0 2.0 1.0 1.0 1.0 1.0 1.0 1.0 1.0 4.0 5.0 3.0 1.0 1.0 1.0 1.0 1.0 1.0 0.0 0.0 0.0 0.0 
1108447 1994 10 3 82 0.0 0.0 0.0 0.0 0.0 0.0 0.0 1.0 4.0 5.0 8.0 0.0 0.0 0.0 0.0 0.0 0.0 1.0 1.0 1.0 1.0 1.0 0.0 0.0 
1108447 1994 10 4 82 0.0 0.0 0.0 0.0 0.0 0.0 0.0 1.0 1.0 1.0 0.0 0.0 0.0 0.0 0.0 0.0 0.0 0.0 0.0 0.0 0.0 0.0 0.0 0.0 
1108447 1994 10 5 82 0.0 0.0 0.0 0.0 7.0 9.0 9.0 9.0 10.0 10.0 9.0 9.0 9.0 7.0 4.0 2.0 2.0 1.0 1.0 1.0 0.0 0.0 1.0 0.0 
1108447 1994 10 6 82 0.0 8.0 8.0 9.0 9.0 8.0 9.0 3.0 9.0 10.0 10.0 10.0 10.0 10.0 9.0 9.0 4.0 8.0 2.0 1.0 1.0 1.0 0.0 1.0 
1108447 1994 10 7 82 0.0 0.0 1.0 3.0 3.0 9.0 8.0 7.0 4.0 5.0 7.0 5.0 5.0 6.0 8.0 8.0 9.0 9.0 9.0 9.0 9.0 8.0 9.0 9.0 
1108447 1994 10 8 82 9.0 9.0 9.0 9.0 9.0 8.0 9.0 9.0 9.0 9.0 9.0 9.0 9.0 9.0 9.0 10.0 10.0 10.0 10.0 10.0 10.0 10.0 8.0 6.0 
1108447 1994 10 9 82 9.0 10.0 8.0 9.0 10.0 10.0 10.0 10.0 10.0 10.0 10.0 10.0 10.0 10.0 10.0 10.0 10.0 10.0 10.0 10.0 10.0 10.0 9.0 9.0 
1108447 1994 10 10 82 10.0 10.0 10.0 10.0 10.0 10.0 9.0 9.0 9.0 9.0 9.0 9.0 10.0 10.0 10.0 9.0 9.0 9.0 10.0 10.0 10.0 9.0 7.0 9.0 
1108447 1994 10 11 82 8.0 8.0 10.0 9.0 8.0 8.0 9.0 9.0 9.0 9.0 9.0 9.0 9.0 9.0 7.0 3.0 6.0 6.0 5.0 5.0 7.0 1.0 2.0 3.0 
1108447 1994 10 12 82 7.0 7.0 9.0 10.0 9.0 9.0 9.0 9.0 8.0 3.0 3.0 3.0 5.0 8.0 9.0 9.0 6.0 7.0 6.0 6.0 6.0 6.0 2.0 9.0 
1108447 1994 10 13 82 9.0 1.0 3.0 3.0 9.0 1.0 2.0 9.0 10.0 10.0 10.0 10.0 10.0 10.0 10.0 10.0 10.0 10.0 10.0 10.0 10.0 10.0 10.0 10.0 
1108447 1994 10 14 82 10.0 10.0 10.0 10.0 10.0 9.0 9.0 9.0 8.0 9.0 9.0 9.0 9.0 9.0 9.0 7.0 4.0 6.0 5.0 3.0 5.0 3.0 6.0 5.0 
1108447 1994 10 15 82 4.0 6.0 6.0 8.0 8.0 9.0 9.0 9.0 9.0 8.0 2.0 1.0 1.0 1.0 0.0 0.0 0.0 0.0 1.0 0.0 0.0 0.0 0.0 0.0 
1108447 1994 10 16 82 0.0 0.0 0.0 3.0 6.0 6.0 8.0 10.0 10.0 9.0 9.0 9.0 9.0 9.0 8.0 5.0 4.0 3.0 1.0 2.0 4.0 3.0 2.0 10.0 
1108447 1994 10 17 82 10.0 10.0 10.0 10.0 10.0 10.0 10.0 10.0 10.0 10.0 10.0 10.0 10.0 10.0 10.0 4.0 4.0 7.0 6.0 5.0 2.0 2.0 5.0 5.0 
1108447 1994 10 18 82 8.0 8.0 10.0 10.0 10.0 10.0 10.0 10.0 10.0 10.0 10.0 10.0 10.0 10.0 10.0 9.0 10.0 10.0 9.0 9.0 9.0 9.0 9.0 9.0 
1108447 1994 10 19 82 10.0 10.0 10.0 10.0 9.0 8.0 9.0 10.0 10.0 10.0 10.0 10.0 10.0 10.0 10.0 10.0 10.0 10.0 10.0 10.0 10.0 10.0 10.0 10.0 
1108447 1994 10 20 82 10.0 10.0 10.0 10.0 10.0 10.0 10.0 10.0 10.0 10.0 10.0 10.0 10.0 10.0 10.0 10.0 10.0 9.0 8.0 4.0 7.0 4.0 3.0 2.0 
1108447 1994 10 21 82 4.0 5.0 7.0 7.0 7.0 7.0 8.0 7.0 2.0 1.0 1.0 1.0 1.0 2.0 3.0 2.0 1.0 1.0 2.0 1.0 1.0 3.0 2.0 3.0 
1108447 1994 10 22 82 1.0 2.0 1.0 4.0 8.0 10.0 10.0 10.0 10.0 10.0 10.0 10.0 10.0 10.0 10.0 10.0 10.0 10.0 10.0 10.0 10.0 10.0 10.0 10.0 
1108447 1994 10 23 82 10.0 10.0 10.0 10.0 9.0 10.0 10.0 10.0 10.0 10.0 10.0 10.0 9.0 9.0 9.0 7.0 4.0 5.0 3.0 2.0 2.0 0.0 0.0 1.0 
1108447 1994 10 24 82 1.0 1.0 1.0 2.0 7.0 0.0 3.0 2.0 3.0 8.0 7.0 9.0 8.0 9.0 9.0 9.0 9.0 9.0 9.0 9.0 10.0 9.0 7.0 5.0 
1108447 1994 10 25 82 8.0 9.0 8.0 10.0 10.0 7.0 7.0 8.0 7.0 9.0 9.0 10.0 10.0 10.0 10.0 10.0 10.0 10.0 10.0 10.0 10.0 10.0 7.0 9.0 
1108447 1994 10 26 82 10.0 10.0 10.0 6.0 1.0 7.0 10.0 10.0 10.0 10.0 10.0 10.0 10.0 10.0 9.0 9.0 9.0 9.0 8.0 10.0 10.0 10.0 10.0 10.0 
1108447 1994 10 27 82 10.0 10.0 10.0 10.0 10.0 10.0 9.0 7.0 9.0 9.0 9.0 9.0 9.0 7.0 4.0 8.0 3.0 1.0 3.0 2.0 4.0 2.0 6.0 7.0 
1108447 1994 10 28 82 8.0 9.0 10.0 10.0 10.0 10.0 9.0 9.0 9.0 9.0 9.0 9.0 7.0 6.0 3.0 4.0 3.0 4.0 3.0 3.0 2.0 2.0 5.0 5.0 
1108447 1994 10 29 82 8.0 6.0 2.0 5.0 6.0 7.0 4.0 8.0 9.0 9.0 9.0 9.0 9.0 7.0 8.0 9.0 8.0 9.0 10.0 10.0 10.0 10.0 10.0 10.0 
1108447 1994 10 30 82 10.0 10.0 10.0 8.0 5.0 3.0 6.0 9.0 9.0 9.0 8.0 9.0 10.0 10.0 10.0 10.0 10.0 10.0 10.0 10.0 10.0 10.0 10.0 10.0 
1108447 1994 10 31 82 10.0 10.0 10.0 10.0 10.0 10.0 10.0 10.0 10.0 10.0 10.0 10.0 10.0 10.0 10.0 10.0 10.0 10.0 9.0 9.0 8.0 6.0 4.0 2.0 
1108447 1994 11 1 82 2.0 7.0 2.0 6.0 8.0 7.0 8.0 3.0 4.0 8.0 7.0 6.0 6.0 5.0 3.0 4.0 5.0 7.0 8.0 8.0 7.0 6.0 4.0 5.0 
1108447 1994 11 2 82 4.0 5.0 9.0 9.0 9.0 7.0 5.0 6.0 2.0 4.0 3.0 5.0 3.0 2.0 2.0 2.0 2.0 2.0 2.0 2.0 2.0 2.0 2.0 4.0 
1108447 1994 11 3 82 8.0 9.0 8.0 7.0 10.0 10.0 10.0 10.0 10.0 10.0 10.0 10.0 10.0 10.0 10.0 10.0 10.0 10.0 10.0 10.0 10.0 10.0 10.0 10.0 
1108447 1994 11 4 82 10.0 10.0 10.0 10.0 10.0 10.0 10.0 10.0 10.0 8.0 3.0 2.0 3.0 2.0 3.0 3.0 2.0 0.0 0.0 0.0 0.0 7.0 8.0 9.0 
1108447 1994 11 5 82 2.0 5.0 3.0 7.0 6.0 7.0 3.0 8.0 8.0 9.0 10.0 9.0 9.0 9.0 10.0 10.0 10.0 10.0 10.0 10.0 10.0 10.0 10.0 8.0 
1108447 1994 11 6 82 9.0 10.0 10.0 10.0 10.0 10.0 10.0 10.0 10.0 10.0 10.0 10.0 10.0 9.0 7.0 9.0 9.0 6.0 9.0 9.0 9.0 7.0 5.0 3.0 
1108447 1994 11 7 82 3.0 8.0 10.0 10.0 10.0 10.0 10.0 10.0 9.0 10.0 10.0 10.0 9.0 9.0 10.0 10.0 8.0 9.0 9.0 9.0 9.0 8.0 8.0 10.0 
1108447 1994 11 8 82 10.0 10.0 10.0 7.0 9.0 4.0 10.0 10.0 10.0 10.0 10.0 10.0 10.0 10.0 10.0 10.0 10.0 10.0 10.0 10.0 10.0 10.0 10.0 10.0 
1108447 1994 11 9 82 10.0 10.0 10.0 10.0 10.0 10.0 10.0 10.0 10.0 10.0 10.0 10.0 10.0 10.0 10.0 10.0 10.0 10.0 10.0 10.0 10.0 4.0 6.0 7.0 
1108447 1994 11 10 82 10.0 8.0 1.0 3.0 5.0 1.0 0.0 2.0 1.0 9.0 7.0 7.0 3.0 7.0 9.0 8.0 3.0 4.0 8.0 10.0 10.0 10.0 10.0 10.0 
1108447 1994 11 11 82 10.0 10.0 10.0 10.0 10.0 10.0 10.0 10.0 10.0 10.0 10.0 10.0 10.0 10.0 10.0 10.0 10.0 9.0 9.0 9.0 8.0 8.0 2.0 7.0 
1108447 1994 11 12 82 6.0 2.0 2.0 2.0 3.0 1.0 1.0 1.0 1.0 1.0 0.0 2.0 2.0 2.0 1.0 1.0 8.0 8.0 8.0 8.0 9.0 9.0 9.0 9.0 
1108447 1994 11 13 82 6.0 4.0 6.0 5.0 7.0 5.0 8.0 7.0 9.0 9.0 10.0 10.0 10.0 10.0 10.0 10.0 9.0 9.0 9.0 10.0 10.0 10.0 10.0 8.0 
1108447 1994 11 14 82 10.0 10.0 10.0 10.0 10.0 10.0 10.0 10.0 10.0 10.0 10.0 10.0 10.0 9.0 9.0 9.0 9.0 10.0 10.0 10.0 10.0 10.0 10.0 10.0 
1108447 1994 11 15 82 10.0 10.0 10.0 10.0 10.0 10.0 10.0 10.0 10.0 10.0 10.0 10.0 10.0 10.0 10.0 10.0 10.0 10.0 10.0 10.0 10.0 10.0 10.0 10.0 
1108447 1994 11 16 82 10.0 10.0 10.0 10.0 10.0 10.0 6.0 9.0 9.0 7.0 8.0 9.0 8.0 9.0 9.0 9.0 8.0 6.0 6.0 6.0 8.0 8.0 9.0 7.0 
1108447 1994 11 17 82 5.0 5.0 6.0 7.0 7.0 3.0 0.0 0.0 0.0 0.0 0.0 0.0 0.0 0.0 0.0 0.0 0.0 0.0 0.0 0.0 0.0 0.0 0.0 0.0 
1108447 1994 11 18 82 0.0 1.0 2.0 7.0 9.0 4.0 4.0 8.0 9.0 10.0 10.0 10.0 10.0 10.0 10.0 10.0 10.0 10.0 10.0 10.0 10.0 10.0 10.0 10.0 
1108447 1994 11 19 82 10.0 10.0 10.0 10.0 10.0 10.0 10.0 10.0 10.0 10.0 10.0 10.0 10.0 10.0 10.0 10.0 9.0 5.0 6.0 9.0 9.0 2.0 1.0 1.0 
1108447 1994 11 20 82 1.0 1.0 1.0 4.0 2.0 1.0 2.0 1.0 1.0 2.0 1.0 1.0 1.0 2.0 2.0 2.0 2.0 1.0 1.0 1.0 0.0 0.0 0.0 0.0 
1108447 1994 11 21 82 0.0 0.0 0.0 0.0 2.0 3.0 2.0 1.0 3.0 8.0 9.0 9.0 9.0 9.0 9.0 9.0 9.0 10.0 10.0 10.0 10.0 10.0 10.0 10.0 
1108447 1994 11 22 82 10.0 10.0 10.0 10.0 10.0 10.0 10.0 9.0 9.0 10.0 10.0 10.0 10.0 10.0 10.0 10.0 10.0 10.0 10.0 10.0 10.0 10.0 10.0 10.0 
1108447 1994 11 23 82 10.0 10.0 7.0 2.0 5.0 5.0 10.0 10.0 10.0 10.0 10.0 10.0 10.0 9.0 9.0 9.0 9.0 10.0 10.0 8.0 4.0 8.0 10.0 10.0 
1108447 1994 11 24 82 10.0 9.0 10.0 10.0 10.0 10.0 10.0 10.0 10.0 10.0 10.0 10.0 10.0 10.0 10.0 10.0 10.0 10.0 10.0 10.0 10.0 10.0 10.0 9.0 
1108447 1994 11 25 82 10.0 10.0 10.0 10.0 10.0 10.0 9.0 9.0 9.0 9.0 8.0 8.0 8.0 8.0 8.0 8.0 8.0 7.0 6.0 2.0 1.0 0.0 4.0 6.0 
1108447 1994 11 26 82 8.0 8.0 7.0 7.0 9.0 9.0 10.0 10.0 10.0 10.0 10.0 10.0 10.0 9.0 9.0 9.0 9.0 10.0 10.0 10.0 9.0 10.0 10.0 10.0 
1108447 1994 11 27 82 10.0 10.0 10.0 10.0 10.0 10.0 10.0 10.0 9.0 10.0 10.0 9.0 9.0 6.0 5.0 5.0 1.0 1.0 1.0 1.0 0.0 0.0 0.0 1.0 
1108447 1994 11 28 82 1.0 4.0 4.0 4.0 3.0 7.0 7.0 8.0 9.0 9.0 10.0 10.0 10.0 10.0 10.0 10.0 10.0 10.0 10.0 10.0 10.0 10.0 10.0 10.0 
1108447 1994 11 29 82 10.0 10.0 10.0 10.0 10.0 10.0 10.0 10.0 10.0 10.0 10.0 10.0 10.0 10.0 10.0 10.0 10.0 10.0 10.0 10.0 10.0 10.0 10.0 10.0 
1108447 1994 11 30 82 10.0 10.0 10.0 10.0 10.0 10.0 10.0 10.0 9.0 4.0 3.0 9.0 8.0 7.0 9.0 8.0 8.0 4.0 3.0 3.0 2.0 1.0 6.0 7.0 
1108447 1994 12 1 82 7.0 6.0 9.0 10.0 8.0 9.0 10.0 9.0 9.0 9.0 10.0 7.0 10.0 8.0 3.0 3.0 9.0 9.0 9.0 8.0 9.0 9.0 10.0 10.0 
1108447 1994 12 2 82 8.0 10.0 10.0 10.0 10.0 9.0 10.0 9.0 7.0 7.0 8.0 8.0 8.0 8.0 8.0 5.0 5.0 3.0 3.0 3.0 3.0 3.0 5.0 2.0 
1108447 1994 12 3 82 1.0 0.0 1.0 1.0 2.0 2.0 0.0 1.0 2.0 5.0 4.0 6.0 5.0 3.0 3.0 2.0 1.0 1.0 1.0 1.0 0.0 0.0 0.0 1.0 
1108447 1994 12 4 82 0.0 0.0 0.0 2.0 0.0 0.0 0.0 0.0 0.0 0.0 1.0 2.0 3.0 4.0 7.0 7.0 7.0 4.0 3.0 2.0 2.0 2.0 1.0 3.0 
1108447 1994 12 5 82 5.0 8.0 9.0 10.0 10.0 10.0 10.0 10.0 10.0 10.0 10.0 9.0 9.0 9.0 9.0 9.0 9.0 9.0 10.0 10.0 10.0 10.0 10.0 10.0 
1108447 1994 12 6 82 10.0 10.0 10.0 10.0 10.0 10.0 9.0 9.0 10.0 10.0 10.0 10.0 10.0 10.0 10.0 9.0 9.0 9.0 10.0 10.0 10.0 10.0 10.0 10.0 
1108447 1994 12 7 82 10.0 10.0 10.0 10.0 10.0 10.0 10.0 10.0 10.0 8.0 8.0 8.0 7.0 9.0 9.0 9.0 9.0 10.0 10.0 10.0 10.0 10.0 10.0 10.0 
1108447 1994 12 8 82 10.0 10.0 10.0 10.0 10.0 10.0 10.0 10.0 10.0 10.0 10.0 10.0 10.0 10.0 10.0 10.0 9.0 10.0 8.0 5.0 7.0 6.0 2.0 3.0 
1108447 1994 12 9 82 8.0 3.0 8.0 3.0 6.0 7.0 7.0 9.0 10.0 10.0 10.0 10.0 9.0 10.0 10.0 10.0 10.0 10.0 10.0 10.0 10.0 10.0 10.0 10.0 
1108447 1994 12 10 82 10.0 10.0 10.0 10.0 10.0 10.0 10.0 10.0 10.0 10.0 10.0 10.0 10.0 10.0 10.0 10.0 10.0 10.0 10.0 10.0 10.0 10.0 10.0 10.0 
1108447 1994 12 11 82 10.0 10.0 10.0 10.0 10.0 10.0 10.0 9.0 9.0 9.0 9.0 1.0 1.0 1.0 2.0 4.0 7.0 9.0 9.0 9.0 10.0 10.0 10.0 10.0 
1108447 1994 12 12 82 10.0 10.0 10.0 10.0 10.0 10.0 10.0 10.0 10.0 10.0 9.0 9.0 9.0 9.0 9.0 7.0 2.0 1.0 5.0 3.0 2.0 7.0 8.0 5.0 
1108447 1994 12 13 82 4.0 5.0 4.0 5.0 7.0 9.0 8.0 9.0 10.0 10.0 10.0 10.0 10.0 10.0 10.0 9.0 10.0 10.0 9.0 9.0 6.0 8.0 6.0 4.0 
1108447 1994 12 14 82 7.0 8.0 5.0 8.0 9.0 10.0 9.0 9.0 10.0 10.0 10.0 10.0 10.0 10.0 10.0 10.0 10.0 10.0 10.0 10.0 10.0 10.0 10.0 10.0 
1108447 1994 12 15 82 10.0 10.0 10.0 10.0 10.0 10.0 10.0 10.0 10.0 10.0 10.0 10.0 10.0 10.0 10.0 10.0 10.0 10.0 10.0 10.0 10.0 10.0 10.0 10.0 
1108447 1994 12 16 82 10.0 10.0 10.0 10.0 10.0 9.0 8.0 9.0 9.0 9.0 9.0 9.0 9.0 10.0 10.0 10.0 10.0 10.0 10.0 10.0 10.0 9.0 10.0 10.0 
1108447 1994 12 17 82 10.0 10.0 10.0 10.0 10.0 10.0 10.0 10.0 10.0 10.0 10.0 10.0 10.0 10.0 10.0 10.0 10.0 10.0 10.0 10.0 10.0 10.0 10.0 10.0 
1108447 1994 12 18 82 10.0 10.0 10.0 10.0 10.0 10.0 10.0 10.0 8.0 6.0 9.0 9.0 9.0 9.0 9.0 9.0 10.0 10.0 10.0 10.0 10.0 10.0 10.0 10.0 
1108447 1994 12 19 82 10.0 10.0 10.0 10.0 10.0 10.0 10.0 10.0 10.0 10.0 10.0 10.0 10.0 10.0 10.0 10.0 10.0 10.0 10.0 10.0 10.0 10.0 10.0 10.0 
1108447 1994 12 20 82 10.0 10.0 10.0 10.0 10.0 10.0 10.0 10.0 10.0 10.0 10.0 10.0 10.0 10.0 10.0 10.0 10.0 10.0 10.0 10.0 10.0 4.0 8.0 8.0 
1108447 1994 12 21 82 9.0 10.0 8.0 7.0 6.0 7.0 8.0 9.0 9.0 9.0 9.0 10.0 10.0 10.0 10.0 10.0 10.0 10.0 10.0 10.0 6.0 4.0 8.0 7.0 
1108447 1994 12 22 82 7.0 10.0 10.0 9.0 7.0 7.0 9.0 9.0 10.0 10.0 10.0 10.0 10.0 10.0 10.0 10.0 10.0 10.0 10.0 10.0 10.0 9.0 10.0 9.0 
1108447 1994 12 23 82 10.0 10.0 10.0 10.0 10.0 10.0 10.0 10.0 10.0 10.0 10.0 10.0 10.0 10.0 10.0 10.0 10.0 10.0 10.0 10.0 10.0 10.0 10.0 10.0 
1108447 1994 12 24 82 10.0 10.0 9.0 9.0 10.0 10.0 10.0 10.0 10.0 10.0 10.0 10.0 10.0 10.0 10.0 10.0 10.0 10.0 10.0 10.0 9.0 8.0 9.0 10.0 
1108447 1994 12 25 82 4.0 3.0 7.0 8.0 10.0 10.0 10.0 10.0 10.0 10.0 10.0 10.0 10.0 10.0 10.0 10.0 10.0 10.0 10.0 10.0 10.0 10.0 10.0 10.0 
1108447 1994 12 26 82 10.0 10.0 10.0 10.0 10.0 6.0 8.0 9.0 6.0 9.0 9.0 9.0 10.0 9.0 10.0 10.0 10.0 10.0 10.0 10.0 10.0 10.0 10.0 10.0 
1108447 1994 12 27 82 10.0 10.0 10.0 10.0 10.0 10.0 10.0 10.0 10.0 10.0 10.0 10.0 10.0 10.0 10.0 10.0 10.0 10.0 10.0 10.0 8.0 10.0 10.0 10.0 
1108447 1994 12 28 82 10.0 10.0 10.0 10.0 10.0 10.0 10.0 9.0 9.0 8.0 2.0 2.0 2.0 3.0 6.0 7.0 7.0 8.0 9.0 5.0 9.0 3.0 3.0 3.0 
1108447 1994 12 29 82 4.0 6.0 3.0 2.0 2.0 1.0 0.0 0.0 1.0 2.0 1.0 2.0 5.0 5.0 3.0 5.0 7.0 4.0 3.0 2.0 2.0 2.0 1.0 1.0 
1108447 1994 12 30 82 2.0 2.0 2.0 2.0 2.0 3.0 3.0 4.0 6.0 9.0 8.0 7.0 8.0 8.0 8.0 7.0 6.0 5.0 2.0 2.0 1.0 1.0 2.0 0.0 
1108447 1994 12 31 82 1.0 1.0 0.0 0.0 0.0 0.0 0.0 0.0 2.0 2.0 5.0 3.0 4.0 5.0 4.0 4.0 5.0 5.0 5.0 4.0 3.0 1.0 1.0 0.0 
1108447 1995 1 1 82 0.0 0.0 0.0 0.0 0.0 0.0 0.0 0.0 2.0 1.0 0.0 1.0 1.0 2.0 2.0 5.0 5.0 5.0 4.0 3.0 3.0 1.0 1.0 0.0 
