1108447 1996 1 1 82 10.0 10.0 10.0 10.0 10.0 10.0 10.0 10.0 10.0 10.0 10.0 10.0 10.0 10.0 10.0 10.0 10.0 10.0 10.0 10.0 10.0 10.0 10.0 10.0 
1108447 1996 1 2 82 10.0 10.0 10.0 10.0 10.0 10.0 10.0 10.0 10.0 9.0 9.0 9.0 10.0 10.0 10.0 10.0 9.0 9.0 10.0 10.0 10.0 10.0 10.0 9.0 
1108447 1996 1 3 82 10.0 10.0 10.0 10.0 8.0 1.0 3.0 3.0 2.0 1.0 1.0 2.0 7.0 9.0 7.0 3.0 2.0 2.0 3.0 8.0 5.0 9.0 9.0 9.0 
1108447 1996 1 4 82 10.0 10.0 10.0 9.0 10.0 10.0 9.0 9.0 9.0 9.0 9.0 9.0 9.0 10.0 9.0 9.0 9.0 8.0 7.0 7.0 6.0 5.0 4.0 9.0 
1108447 1996 1 5 82 9.0 9.0 9.0 9.0 9.0 8.0 8.0 7.0 8.0 9.0 9.0 9.0 9.0 10.0 10.0 10.0 10.0 10.0 10.0 10.0 10.0 10.0 10.0 10.0 
1108447 1996 1 6 82 10.0 10.0 10.0 10.0 10.0 10.0 10.0 10.0 10.0 10.0 10.0 10.0 10.0 10.0 10.0 10.0 9.0 9.0 8.0 8.0 9.0 10.0 10.0 10.0 
1108447 1996 1 7 82 10.0 9.0 10.0 10.0 10.0 10.0 10.0 10.0 10.0 10.0 10.0 8.0 3.0 5.0 4.0 6.0 5.0 8.0 8.0 10.0 10.0 10.0 10.0 10.0 
1108447 1996 1 8 82 10.0 10.0 9.0 10.0 8.0 8.0 10.0 9.0 9.0 9.0 8.0 10.0 10.0 9.0 9.0 9.0 9.0 10.0 10.0 10.0 10.0 10.0 10.0 10.0 
1108447 1996 1 9 82 10.0 10.0 10.0 10.0 10.0 10.0 10.0 10.0 10.0 10.0 9.0 9.0 9.0 10.0 9.0 8.0 3.0 2.0 3.0 5.0 10.0 7.0 9.0 7.0 
1108447 1996 1 10 82 7.0 8.0 8.0 7.0 10.0 9.0 10.0 10.0 9.0 10.0 10.0 9.0 10.0 10.0 10.0 9.0 9.0 9.0 10.0 10.0 9.0 10.0 8.0 8.0 
1108447 1996 1 11 82 10.0 10.0 10.0 10.0 10.0 10.0 10.0 10.0 9.0 9.0 9.0 9.0 9.0 9.0 9.0 9.0 8.0 9.0 8.0 6.0 6.0 4.0 3.0 2.0 
1108447 1996 1 12 82 2.0 1.0 1.0 3.0 3.0 6.0 7.0 9.0 7.0 7.0 9.0 8.0 6.0 9.0 9.0 9.0 9.0 9.0 10.0 10.0 10.0 10.0 10.0 10.0 
1108447 1996 1 13 82 10.0 10.0 10.0 10.0 10.0 10.0 10.0 10.0 10.0 10.0 10.0 10.0 10.0 10.0 10.0 10.0 10.0 10.0 10.0 10.0 10.0 10.0 10.0 10.0 
1108447 1996 1 14 82 10.0 10.0 10.0 10.0 10.0 10.0 10.0 10.0 10.0 10.0 10.0 10.0 10.0 10.0 10.0 10.0 10.0 10.0 10.0 10.0 10.0 10.0 10.0 7.0 
1108447 1996 1 15 82 8.0 9.0 10.0 10.0 10.0 10.0 10.0 10.0 10.0 10.0 9.0 9.0 9.0 10.0 10.0 9.0 9.0 9.0 9.0 9.0 9.0 9.0 7.0 9.0 
1108447 1996 1 16 82 8.0 9.0 9.0 9.0 3.0 2.0 7.0 8.0 9.0 9.0 9.0 1.0 1.0 2.0 2.0 3.0 8.0 8.0 7.0 5.0 3.0 3.0 4.0 2.0 
1108447 1996 1 17 82 1.0 1.0 0.0 2.0 3.0 7.0 9.0 9.0 7.0 9.0 9.0 8.0 3.0 3.0 2.0 2.0 2.0 2.0 7.0 8.0 9.0 9.0 10.0 10.0 
1108447 1996 1 18 82 10.0 10.0 10.0 9.0 10.0 10.0 10.0 10.0 9.0 9.0 9.0 10.0 10.0 10.0 10.0 10.0 10.0 10.0 10.0 10.0 10.0 10.0 10.0 10.0 
1108447 1996 1 19 82 8.0 10.0 10.0 10.0 10.0 10.0 10.0 9.0 9.0 9.0 10.0 10.0 10.0 10.0 10.0 10.0 10.0 10.0 9.0 10.0 10.0 10.0 10.0 10.0 
1108447 1996 1 20 82 10.0 10.0 10.0 10.0 10.0 10.0 10.0 10.0 10.0 10.0 10.0 10.0 10.0 10.0 10.0 10.0 10.0 10.0 10.0 10.0 10.0 10.0 10.0 10.0 
1108447 1996 1 21 82 10.0 10.0 10.0 10.0 10.0 10.0 10.0 10.0 10.0 9.0 9.0 9.0 9.0 9.0 9.0 7.0 7.0 5.0 6.0 5.0 8.0 9.0 8.0 9.0 
1108447 1996 1 22 82 10.0 10.0 10.0 10.0 10.0 10.0 10.0 10.0 10.0 10.0 10.0 10.0 10.0 10.0 10.0 10.0 10.0 10.0 10.0 10.0 10.0 10.0 9.0 10.0 
1108447 1996 1 23 82 10.0 9.0 7.0 10.0 10.0 10.0 10.0 10.0 10.0 10.0 10.0 10.0 10.0 10.0 10.0 10.0 10.0 10.0 10.0 10.0 10.0 9.0 9.0 10.0 
1108447 1996 1 24 82 10.0 10.0 10.0 10.0 10.0 9.0 9.0 10.0 10.0 8.0 9.0 6.0 8.0 7.0 5.0 8.0 8.0 5.0 7.0 5.0 2.0 1.0 2.0 1.0 
1108447 1996 1 25 82 1.0 8.0 8.0 8.0 8.0 9.0 9.0 9.0 10.0 10.0 10.0 10.0 10.0 10.0 10.0 9.0 9.0 9.0 8.0 5.0 6.0 7.0 7.0 7.0 
1108447 1996 1 26 82 8.0 10.0 7.0 4.0 8.0 8.0 9.0 9.0 9.0 9.0 9.0 9.0 4.0 8.0 9.0 8.0 9.0 8.0 9.0 9.0 9.0 8.0 7.0 8.0 
1108447 1996 1 27 82 6.0 8.0 10.0 10.0 10.0 10.0 10.0 8.0 9.0 9.0 9.0 5.0 4.0 7.0 7.0 8.0 8.0 8.0 7.0 6.0 5.0 4.0 8.0 8.0 
1108447 1996 1 28 82 9.0 10.0 10.0 10.0 10.0 10.0 10.0 10.0 10.0 10.0 10.0 10.0 10.0 10.0 10.0 10.0 9.0 9.0 8.0 3.0 1.0 4.0 6.0 9.0 
1108447 1996 1 29 82 9.0 7.0 7.0 5.0 2.0 2.0 2.0 1.0 1.0 1.0 1.0 1.0 1.0 1.0 1.0 0.0 0.0 0.0 0.0 1.0 1.0 1.0 1.0 0.0 
1108447 1996 1 30 82 0.0 0.0 0.0 0.0 0.0 0.0 0.0 0.0 0.0 0.0 0.0 0.0 0.0 0.0 0.0 0.0 0.0 0.0 0.0 0.0 0.0 1.0 1.0 0.0 
1108447 1996 1 31 82 0.0 0.0 0.0 0.0 0.0 0.0 0.0 0.0 0.0 0.0 0.0 0.0 0.0 0.0 0.0 0.0 0.0 0.0 0.0 0.0 0.0 0.0 0.0 0.0 
1108447 1996 2 1 82 0.0 0.0 0.0 0.0 0.0 0.0 0.0 0.0 0.0 0.0 0.0 0.0 0.0 0.0 0.0 0.0 0.0 0.0 0.0 0.0 0.0 0.0 0.0 0.0 
1108447 1996 2 2 82 0.0 0.0 0.0 0.0 0.0 0.0 0.0 0.0 1.0 1.0 1.0 2.0 5.0 8.0 5.0 8.0 6.0 5.0 4.0 4.0 4.0 4.0 4.0 8.0 
1108447 1996 2 3 82 4.0 4.0 7.0 4.0 8.0 8.0 3.0 4.0 8.0 9.0 9.0 10.0 8.0 10.0 10.0 10.0 10.0 10.0 10.0 10.0 10.0 10.0 10.0 10.0 
1108447 1996 2 4 82 10.0 10.0 10.0 10.0 10.0 10.0 10.0 10.0 10.0 10.0 10.0 10.0 10.0 10.0 10.0 10.0 10.0 10.0 10.0 10.0 9.0 10.0 10.0 10.0 
1108447 1996 2 5 82 9.0 10.0 10.0 10.0 10.0 10.0 10.0 10.0 10.0 10.0 6.0 9.0 10.0 10.0 10.0 10.0 10.0 10.0 4.0 3.0 5.0 4.0 10.0 5.0 
1108447 1996 2 6 82 3.0 5.0 8.0 9.0 9.0 10.0 10.0 10.0 10.0 10.0 10.0 10.0 10.0 10.0 10.0 10.0 10.0 10.0 10.0 10.0 10.0 10.0 9.0 8.0 
1108447 1996 2 7 82 4.0 2.0 3.0 1.0 3.0 2.0 1.0 1.0 9.0 10.0 10.0 10.0 10.0 10.0 10.0 10.0 10.0 10.0 10.0 10.0 10.0 10.0 10.0 10.0 
1108447 1996 2 8 82 10.0 10.0 10.0 10.0 10.0 10.0 10.0 10.0 10.0 10.0 10.0 10.0 10.0 10.0 10.0 10.0 10.0 10.0 10.0 10.0 10.0 10.0 10.0 9.0 
1108447 1996 2 9 82 9.0 8.0 4.0 2.0 2.0 1.0 1.0 1.0 1.0 1.0 1.0 3.0 5.0 4.0 2.0 1.0 1.0 0.0 0.0 0.0 0.0 0.0 0.0 0.0 
1108447 1996 2 10 82 0.0 0.0 0.0 0.0 0.0 0.0 0.0 0.0 1.0 1.0 1.0 1.0 1.0 1.0 0.0 0.0 0.0 0.0 0.0 1.0 1.0 2.0 2.0 1.0 
1108447 1996 2 11 82 0.0 0.0 0.0 0.0 3.0 2.0 2.0 4.0 7.0 9.0 9.0 9.0 8.0 9.0 9.0 10.0 10.0 10.0 9.0 10.0 10.0 9.0 8.0 8.0 
1108447 1996 2 12 82 9.0 9.0 9.0 8.0 8.0 8.0 7.0 8.0 9.0 9.0 3.0 4.0 8.0 9.0 4.0 9.0 5.0 9.0 3.0 2.0 1.0 1.0 1.0 0.0 
1108447 1996 2 13 82 0.0 0.0 0.0 0.0 1.0 0.0 0.0 2.0 3.0 2.0 2.0 2.0 3.0 2.0 3.0 7.0 8.0 4.5 3.0 1.0 1.0 1.0 3.0 4.0 
1108447 1996 2 14 82 8.0 8.0 8.0 6.0 4.0 0.0 0.0 2.0 2.0 0.0 0.0 0.0 0.0 0.0 0.0 0.0 0.0 0.0 0.0 0.0 0.0 0.0 0.0 0.0 
1108447 1996 2 15 82 0.0 0.0 0.0 0.0 0.0 0.0 2.0 4.0 4.0 4.0 3.0 2.0 2.0 2.0 1.0 1.0 1.0 1.0 0.0 0.0 0.0 0.0 0.0 0.0 
1108447 1996 2 16 82 0.0 0.0 0.0 0.0 0.0 0.0 1.0 1.0 1.0 1.0 0.0 1.0 1.0 1.0 1.0 6.0 9.0 10.0 10.0 10.0 10.0 10.0 10.0 10.0 
1108447 1996 2 17 82 10.0 10.0 10.0 10.0 10.0 10.0 10.0 10.0 10.0 10.0 10.0 10.0 10.0 10.0 10.0 10.0 10.0 10.0 10.0 10.0 10.0 10.0 10.0 10.0 
1108447 1996 2 18 82 10.0 10.0 10.0 10.0 10.0 10.0 10.0 10.0 9.0 10.0 9.0 9.0 9.0 9.0 9.0 9.0 10.0 10.0 9.0 10.0 9.0 9.0 10.0 10.0 
1108447 1996 2 19 82 10.0 10.0 10.0 10.0 10.0 10.0 3.0 2.0 3.0 10.0 8.0 9.0 9.0 10.0 10.0 10.0 10.0 10.0 10.0 10.0 10.0 10.0 10.0 10.0 
1108447 1996 2 20 82 8.0 1.0 10.0 10.0 10.0 10.0 10.0 10.0 8.0 9.0 10.0 9.0 6.0 10.0 10.0 10.0 10.0 10.0 10.0 9.0 9.0 10.0 8.0 4.0 
1108447 1996 2 21 82 8.0 9.0 9.0 2.0 9.0 3.0 2.0 8.0 9.0 9.0 9.0 9.0 9.0 10.0 10.0 9.0 9.0 9.0 10.0 10.0 10.0 10.0 10.0 10.0 
1108447 1996 2 22 82 10.0 9.0 4.0 4.0 8.0 7.0 8.0 4.0 8.0 5.0 9.0 10.0 10.0 10.0 10.0 10.0 10.0 10.0 10.0 10.0 5.0 5.0 7.0 10.0 
1108447 1996 2 23 82 10.0 3.0 2.0 4.0 3.0 4.0 5.0 9.0 9.0 6.0 8.0 9.0 9.0 9.0 10.0 10.0 10.0 10.0 9.0 9.0 9.0 8.0 10.0 5.5 
1108447 1996 2 24 82 9.0 9.0 9.0 9.0 9.0 7.0 7.0 8.0 8.0 4.0 3.0 2.0 2.0 4.0 7.0 3.0 1.0 0.0 0.0 1.0 0.0 0.0 1.0 1.0 
1108447 1996 2 25 82 1.0 0.0 0.0 0.0 0.0 0.0 0.0 0.0 1.0 1.0 1.0 0.0 0.0 1.0 3.0 3.0 5.0 3.0 2.0 2.0 1.0 0.0 0.0 0.0 
1108447 1996 2 26 82 0.0 0.0 0.0 0.0 0.0 2.0 4.0 5.0 3.0 2.0 1.0 1.0 1.0 2.0 2.0 1.0 1.0 1.0 1.0 1.0 1.0 1.0 1.0 0.0 
1108447 1996 2 27 82 0.0 0.0 0.0 0.0 0.0 2.0 4.0 7.0 6.0 5.0 4.0 8.0 5.0 6.0 3.0 2.0 2.0 2.0 2.0 2.0 2.0 1.0 0.0 0.0 
1108447 1996 2 28 82 0.0 0.0 0.0 0.0 0.0 0.0 0.0 0.0 0.0 0.0 0.0 0.0 0.0 0.0 0.0 0.0 0.0 1.0 1.0 1.0 2.0 1.0 1.0 0.0 
1108447 1996 2 29 82 0.0 0.0 0.0 0.0 0.0 0.0 0.0 2.0 0.0 0.0 0.0 0.0 0.0 1.0 1.0 2.0 2.0 2.0 2.0 2.0 2.0 2.0 2.0 0.0 
1108447 1996 3 1 82 0.0 0.0 0.0 0.0 0.0 0.0 0.0 0.0 0.0 0.0 0.0 0.0 0.0 0.0 0.0 0.0 0.0 0.0 0.0 0.0 0.0 0.0 0.0 0.0 
1108447 1996 3 2 82 0.0 0.0 0.0 0.0 0.0 0.0 0.0 0.0 0.0 0.0 0.0 0.0 0.0 0.0 0.0 0.0 0.0 0.0 1.0 0.0 0.0 0.0 0.0 0.0 
1108447 1996 3 3 82 1.0 2.0 3.0 9.0 10.0 10.0 10.0 10.0 10.0 10.0 10.0 10.0 10.0 10.0 10.0 10.0 10.0 10.0 10.0 10.0 10.0 10.0 10.0 10.0 
1108447 1996 3 4 82 10.0 10.0 10.0 10.0 10.0 10.0 10.0 10.0 10.0 10.0 10.0 8.0 4.0 3.0 8.0 5.0 9.0 9.0 9.0 9.0 9.0 8.0 8.0 10.0 
1108447 1996 3 5 82 10.0 10.0 5.0 4.0 5.0 4.0 4.0 3.0 1.0 1.0 1.0 1.0 0.0 0.0 0.0 0.0 0.0 1.0 7.0 5.0 7.0 8.0 10.0 10.0 
1108447 1996 3 6 82 10.0 10.0 10.0 10.0 10.0 10.0 10.0 9.0 9.0 9.0 9.0 9.0 9.0 9.0 9.0 9.0 9.0 5.5 9.0 9.0 9.0 9.0 9.0 10.0 
1108447 1996 3 7 82 10.0 10.0 10.0 10.0 10.0 10.0 10.0 10.0 10.0 10.0 10.0 10.0 10.0 10.0 10.0 10.0 10.0 10.0 10.0 10.0 10.0 10.0 10.0 10.0 
1108447 1996 3 8 82 10.0 10.0 10.0 10.0 10.0 10.0 10.0 10.0 10.0 10.0 10.0 10.0 10.0 10.0 10.0 10.0 10.0 10.0 10.0 10.0 10.0 10.0 10.0 10.0 
1108447 1996 3 9 82 10.0 10.0 10.0 10.0 10.0 10.0 10.0 10.0 10.0 10.0 10.0 10.0 10.0 10.0 10.0 10.0 10.0 10.0 10.0 10.0 10.0 10.0 10.0 10.0 
1108447 1996 3 10 82 10.0 10.0 8.0 10.0 10.0 10.0 10.0 10.0 10.0 10.0 10.0 10.0 10.0 10.0 10.0 10.0 10.0 10.0 10.0 10.0 10.0 10.0 10.0 10.0 
1108447 1996 3 11 82 10.0 10.0 10.0 10.0 10.0 10.0 9.0 9.0 9.0 8.0 5.0 3.0 3.0 3.0 4.0 4.0 4.0 4.0 7.0 6.0 5.0 5.0 4.0 0.0 
1108447 1996 3 12 82 0.0 0.0 0.0 2.0 9.0 10.0 10.0 10.0 9.0 8.0 8.0 5.0 9.0 4.0 3.0 1.0 2.0 3.0 6.0 5.0 7.0 5.0 4.0 4.0 
1108447 1996 3 13 82 4.0 4.0 4.0 4.0 4.0 4.0 5.0 5.0 7.0 8.0 9.0 9.0 9.0 9.0 9.0 9.0 3.0 3.0 3.0 3.0 3.0 3.0 3.0 3.0 
1108447 1996 3 14 82 3.0 3.0 5.0 5.0 5.0 5.0 5.0 5.0 1.0 1.0 1.0 0.0 0.0 0.0 0.0 0.0 0.0 7.0 9.0 9.0 10.0 10.0 10.0 3.0 
1108447 1996 3 15 82 2.0 3.0 9.0 1.0 1.0 1.0 1.0 5.0 6.0 5.0 9.0 9.0 9.0 7.0 6.0 6.0 3.0 5.0 7.0 5.0 6.0 0.0 0.0 2.0 
1108447 1996 3 16 82 8.0 10.0 8.0 9.0 10.0 10.0 10.0 10.0 10.0 10.0 10.0 10.0 10.0 10.0 10.0 10.0 10.0 10.0 10.0 10.0 10.0 10.0 8.0 10.0 
1108447 1996 3 17 82 10.0 10.0 10.0 10.0 10.0 10.0 10.0 10.0 10.0 10.0 10.0 10.0 8.0 6.0 7.0 7.0 4.0 1.0 1.0 0.0 0.0 0.0 0.0 0.0 
1108447 1996 3 18 82 0.0 0.0 0.0 0.0 0.0 2.0 4.0 9.0 9.0 9.0 8.0 2.0 2.0 2.0 2.0 5.0 9.0 10.0 10.0 10.0 10.0 9.0 9.0 9.0 
1108447 1996 3 19 82 10.0 10.0 10.0 10.0 7.0 10.0 9.0 7.0 9.0 9.0 9.0 10.0 10.0 9.0 9.0 10.0 10.0 10.0 9.0 8.0 7.0 9.0 9.0 10.0 
1108447 1996 3 20 82 10.0 10.0 10.0 10.0 10.0 10.0 10.0 10.0 10.0 10.0 9.0 9.0 9.0 9.0 7.0 9.0 8.0 9.0 10.0 8.0 2.0 5.0 7.0 6.0 
1108447 1996 3 21 82 3.0 8.0 9.0 9.0 9.0 9.0 10.0 9.0 9.0 9.0 9.0 9.0 9.0 9.0 9.0 6.0 5.0 9.0 7.0 8.0 10.0 10.0 9.0 10.0 
1108447 1996 3 22 82 10.0 10.0 10.0 10.0 10.0 10.0 10.0 10.0 10.0 10.0 9.0 8.0 9.0 7.0 7.0 4.0 3.0 3.0 3.0 2.0 1.0 1.0 0.0 5.0 
1108447 1996 3 23 82 8.0 9.0 8.0 10.0 10.0 10.0 9.0 10.0 10.0 9.0 8.0 6.0 8.0 9.0 8.0 6.0 6.0 7.0 6.0 5.0 4.0 2.0 2.0 0.0 
1108447 1996 3 24 82 0.0 0.0 0.0 0.0 0.0 2.0 2.0 2.0 2.0 2.0 2.0 2.0 2.0 2.0 2.0 1.0 1.0 0.0 0.0 0.0 1.0 1.0 1.0 1.0 
1108447 1996 3 25 82 0.0 0.0 0.0 0.0 0.0 0.0 1.0 1.0 4.0 6.0 8.0 9.0 10.0 10.0 10.0 10.0 10.0 9.0 9.0 9.0 9.0 9.0 9.0 8.0 
1108447 1996 3 26 82 9.0 9.0 9.0 7.0 6.0 5.0 4.0 4.0 2.0 1.0 1.0 1.0 1.0 1.0 1.0 0.0 1.0 1.0 6.0 8.0 8.0 9.0 9.0 10.0 
1108447 1996 3 27 82 10.0 10.0 10.0 10.0 10.0 10.0 10.0 9.0 9.0 6.0 7.0 9.0 8.0 6.0 5.0 3.0 2.0 2.0 2.0 1.0 1.0 0.0 0.0 0.0 
1108447 1996 3 28 82 0.0 0.0 0.0 0.0 0.0 0.0 2.0 2.0 3.0 7.0 4.0 3.0 5.0 7.0 8.0 3.0 3.0 5.0 5.0 8.0 7.0 8.0 7.0 9.0 
1108447 1996 3 29 82 8.0 8.0 0.0 10.0 10.0 10.0 10.0 10.0 10.0 10.0 8.0 7.0 3.0 2.0 2.0 3.0 3.0 7.0 8.0 10.0 9.0 8.0 7.0 3.0 
1108447 1996 3 30 82 1.0 0.0 0.0 0.0 0.0 1.0 1.0 3.0 5.0 9.0 9.0 8.0 9.0 7.0 9.0 9.0 9.0 9.0 9.0 10.0 10.0 8.0 10.0 9.0 
1108447 1996 3 31 82 9.0 9.0 9.0 9.0 9.0 10.0 10.0 10.0 9.0 10.0 10.0 10.0 10.0 10.0 10.0 10.0 10.0 10.0 10.0 10.0 10.0 10.0 10.0 10.0 
1108447 1996 4 1 82 10.0 10.0 10.0 9.0 9.0 9.0 10.0 10.0 10.0 10.0 10.0 10.0 10.0 10.0 10.0 9.0 9.0 9.0 9.0 9.0 9.0 10.0 8.0 2.0 
1108447 1996 4 2 82 4.0 5.0 7.0 9.0 10.0 9.0 10.0 3.0 3.0 2.0 2.0 4.0 6.0 7.0 7.0 8.0 8.0 7.0 6.0 4.0 2.0 3.0 8.0 7.0 
1108447 1996 4 3 82 4.0 6.0 10.0 10.0 10.0 10.0 10.0 10.0 9.0 9.0 10.0 10.0 10.0 10.0 10.0 10.0 10.0 10.0 10.0 10.0 8.0 10.0 7.0 9.0 
1108447 1996 4 4 82 9.0 9.0 10.0 10.0 10.0 10.0 9.0 10.0 10.0 10.0 10.0 9.0 10.0 10.0 10.0 10.0 10.0 10.0 10.0 10.0 10.0 10.0 10.0 10.0 
1108447 1996 4 5 82 10.0 10.0 10.0 10.0 10.0 10.0 10.0 10.0 10.0 10.0 10.0 10.0 10.0 10.0 10.0 10.0 10.0 10.0 10.0 10.0 10.0 10.0 10.0 10.0 
1108447 1996 4 6 82 10.0 10.0 10.0 10.0 10.0 10.0 10.0 10.0 10.0 10.0 10.0 10.0 10.0 10.0 10.0 10.0 10.0 10.0 10.0 10.0 10.0 10.0 10.0 10.0 
1108447 1996 4 7 82 10.0 10.0 10.0 10.0 10.0 10.0 10.0 10.0 10.0 10.0 10.0 10.0 9.0 8.0 9.0 9.0 9.0 9.0 9.0 8.0 6.0 5.0 4.0 4.0 
1108447 1996 4 8 82 4.0 4.0 8.0 8.0 9.0 9.0 9.0 10.0 9.0 10.0 10.0 8.0 8.0 7.0 8.0 10.0 10.0 10.0 10.0 10.0 10.0 10.0 10.0 8.0 
1108447 1996 4 9 82 6.0 7.0 7.0 8.0 10.0 10.0 10.0 10.0 10.0 10.0 10.0 10.0 10.0 10.0 10.0 8.0 8.0 7.0 8.0 10.0 7.0 6.0 7.0 8.0 
1108447 1996 4 10 82 7.0 5.0 9.0 9.0 9.0 8.0 9.0 9.0 9.0 9.0 10.0 10.0 10.0 10.0 10.0 9.0 10.0 10.0 10.0 10.0 10.0 10.0 10.0 10.0 
1108447 1996 4 11 82 10.0 10.0 10.0 10.0 10.0 10.0 10.0 10.0 10.0 10.0 10.0 10.0 10.0 10.0 10.0 10.0 10.0 10.0 10.0 9.0 9.0 10.0 10.0 10.0 
1108447 1996 4 12 82 10.0 10.0 10.0 9.0 9.0 10.0 10.0 10.0 10.0 10.0 10.0 10.0 9.0 9.0 8.0 8.0 7.0 5.0 4.0 7.0 8.0 8.0 10.0 9.0 
1108447 1996 4 13 82 7.0 7.0 9.0 10.0 10.0 10.0 10.0 10.0 9.0 9.0 9.0 8.0 7.0 7.0 7.0 3.0 2.0 2.0 4.0 4.0 4.0 6.0 8.0 9.0 
1108447 1996 4 14 82 9.0 9.0 9.0 9.0 9.0 9.0 9.0 9.0 9.0 8.0 9.0 8.0 7.0 8.0 9.0 10.0 10.0 10.0 10.0 10.0 9.0 9.0 9.0 9.0 
1108447 1996 4 15 82 10.0 10.0 10.0 10.0 10.0 10.0 10.0 10.0 10.0 10.0 10.0 10.0 10.0 10.0 10.0 9.0 10.0 9.0 9.0 10.0 10.0 10.0 10.0 10.0 
1108447 1996 4 16 82 10.0 10.0 10.0 10.0 10.0 10.0 10.0 10.0 10.0 10.0 9.0 9.0 10.0 9.0 9.0 9.0 9.0 9.0 9.0 9.0 9.0 9.0 8.0 9.0 
1108447 1996 4 17 82 9.0 9.0 9.0 10.0 10.0 9.0 9.0 9.0 9.0 8.0 9.0 8.0 8.0 9.0 9.0 9.0 10.0 10.0 9.0 9.0 9.0 9.0 10.0 10.0 
1108447 1996 4 18 82 10.0 10.0 10.0 9.0 9.0 10.0 10.0 10.0 9.0 9.0 9.0 9.0 10.0 10.0 10.0 9.0 9.0 9.0 8.0 7.0 9.0 9.0 5.0 10.0 
1108447 1996 4 19 82 10.0 10.0 8.0 10.0 10.0 9.0 9.0 9.0 9.0 9.0 9.0 9.0 10.0 10.0 9.0 10.0 10.0 10.0 10.0 10.0 9.0 8.0 7.0 8.0 
1108447 1996 4 20 82 3.0 4.0 1.0 7.0 9.0 9.0 9.0 8.0 9.0 9.0 8.0 8.0 5.0 7.0 5.0 4.0 2.0 1.0 1.0 1.0 1.0 0.0 0.0 0.0 
1108447 1996 4 21 82 2.0 4.0 0.0 0.0 0.0 0.0 2.0 2.0 2.0 2.0 2.0 2.0 2.0 1.0 1.0 1.0 1.0 3.0 4.0 6.0 5.0 5.0 6.0 8.0 
1108447 1996 4 22 82 8.0 9.0 8.0 8.0 8.0 10.0 10.0 10.0 10.0 10.0 10.0 10.0 10.0 10.0 10.0 10.0 10.0 10.0 10.0 10.0 10.0 10.0 10.0 10.0 
1108447 1996 4 23 82 10.0 10.0 10.0 10.0 10.0 10.0 10.0 10.0 10.0 10.0 10.0 10.0 10.0 10.0 10.0 10.0 9.0 2.0 9.0 3.0 9.0 8.0 10.0 10.0 
1108447 1996 4 24 82 9.0 10.0 10.0 10.0 8.0 9.0 10.0 9.0 9.0 6.0 3.0 4.0 5.0 9.0 8.0 8.0 8.0 8.0 5.0 6.0 5.0 7.0 7.0 7.0 
1108447 1996 4 25 82 9.0 9.0 10.0 10.0 10.0 10.0 10.0 10.0 10.0 10.0 10.0 10.0 10.0 10.0 10.0 7.0 4.0 8.0 5.0 5.0 7.0 8.0 7.0 8.0 
1108447 1996 4 26 82 8.0 7.0 5.0 8.0 9.0 9.0 9.0 10.0 10.0 10.0 10.0 10.0 10.0 9.0 10.0 8.0 8.0 8.0 9.0 7.0 7.0 6.0 7.0 4.0 
1108447 1996 4 27 82 2.0 6.0 4.0 3.0 5.0 4.0 7.0 2.0 3.0 3.0 2.0 2.0 2.0 2.0 2.0 2.0 1.0 3.0 7.0 6.0 6.0 3.0 3.0 0.0 
1108447 1996 4 28 82 0.0 0.0 0.0 0.0 3.0 7.0 8.0 10.0 10.0 10.0 10.0 10.0 10.0 10.0 10.0 10.0 10.0 10.0 10.0 10.0 10.0 10.0 10.0 10.0 
1108447 1996 4 29 82 7.0 8.0 9.0 9.0 9.0 9.0 9.0 7.0 6.0 7.0 7.0 5.0 5.0 4.0 3.0 3.0 4.0 6.0 6.0 7.0 6.0 7.0 8.0 10.0 
1108447 1996 4 30 82 10.0 9.0 6.0 3.0 6.0 8.0 8.0 10.0 9.0 9.0 9.0 10.0 10.0 10.0 10.0 10.0 10.0 10.0 10.0 10.0 10.0 10.0 10.0 10.0 
1108447 1996 5 1 82 10.0 10.0 10.0 8.0 8.0 10.0 8.0 7.0 6.0 7.0 8.0 8.0 8.0 8.0 9.0 9.0 9.0 8.0 7.0 8.0 9.0 8.0 9.0 3.0 
1108447 1996 5 2 82 3.0 6.0 8.0 10.0 8.0 9.0 5.0 7.0 8.0 7.0 7.0 5.0 7.0 3.0 7.0 6.0 7.0 6.0 8.0 8.0 9.0 7.0 3.0 8.0 
1108447 1996 5 3 82 8.0 9.0 9.0 8.0 7.0 8.0 9.0 10.0 9.0 10.0 9.0 9.0 9.0 9.0 8.0 8.0 7.0 7.0 6.0 4.0 2.0 2.0 0.0 0.0 
1108447 1996 5 4 82 0.0 2.0 5.0 9.0 9.0 9.0 8.0 7.0 10.0 9.0 9.0 9.0 9.0 10.0 9.0 9.0 8.0 8.0 8.0 7.0 5.0 3.0 0.0 0.0 
1108447 1996 5 5 82 0.0 0.0 0.0 0.0 0.0 0.0 1.0 1.0 1.0 6.0 3.0 2.0 2.0 2.0 2.0 1.0 3.0 6.0 8.0 10.0 10.0 10.0 4.0 5.0 
1108447 1996 5 6 82 8.0 7.0 8.0 7.0 10.0 9.0 9.0 9.0 8.0 9.0 8.0 9.0 10.0 10.0 10.0 10.0 10.0 10.0 9.0 8.0 9.0 9.0 9.0 10.0 
1108447 1996 5 7 82 8.0 9.0 10.0 10.0 10.0 9.0 9.0 9.0 9.0 9.0 9.0 8.0 7.0 6.0 5.0 7.0 5.0 4.0 3.0 9.0 6.0 9.0 9.0 9.0 
1108447 1996 5 8 82 9.0 9.0 8.0 7.0 7.0 7.0 6.0 7.0 5.0 8.0 8.0 8.0 8.0 8.0 6.0 6.0 6.0 6.0 7.0 5.0 5.0 4.0 4.0 2.0 
1108447 1996 5 9 82 3.0 2.0 1.0 1.0 4.0 6.0 8.0 9.0 8.0 6.0 8.0 6.0 6.0 6.0 7.0 7.0 7.0 9.0 9.0 9.0 5.0 7.0 8.0 6.0 
1108447 1996 5 10 82 9.0 10.0 9.0 9.0 10.0 10.0 9.0 9.0 10.0 10.0 10.0 9.0 9.0 7.0 8.0 8.0 9.0 9.0 9.0 9.0 8.0 8.0 5.0 5.0 
1108447 1996 5 11 82 9.0 8.0 9.0 9.0 10.0 10.0 10.0 10.0 10.0 10.0 10.0 10.0 10.0 10.0 10.0 10.0 10.0 10.0 10.0 10.0 10.0 10.0 9.0 9.0 
1108447 1996 5 12 82 9.0 4.0 9.0 9.0 10.0 10.0 10.0 10.0 10.0 10.0 10.0 10.0 9.0 10.0 10.0 10.0 10.0 10.0 10.0 10.0 10.0 10.0 10.0 10.0 
1108447 1996 5 13 82 10.0 10.0 10.0 10.0 10.0 10.0 9.0 10.0 8.0 10.0 9.0 9.0 10.0 9.0 9.0 9.0 9.0 9.0 9.0 9.0 9.0 9.0 8.0 9.0 
1108447 1996 5 14 82 9.0 9.0 10.0 10.0 9.0 10.0 10.0 10.0 9.0 9.0 9.0 9.0 8.0 8.0 6.0 8.0 7.0 7.0 7.0 8.0 9.0 8.0 7.0 8.0 
1108447 1996 5 15 82 8.0 8.0 9.0 9.0 9.0 9.0 10.0 10.0 10.0 9.0 9.0 10.0 9.0 9.0 10.0 10.0 10.0 10.0 9.0 9.0 9.0 5.0 2.0 2.0 
1108447 1996 5 16 82 2.0 2.0 7.0 8.0 6.0 5.0 4.0 2.0 3.0 3.0 5.0 6.0 6.0 8.0 5.0 8.0 8.0 8.0 9.0 9.0 9.0 9.0 10.0 10.0 
1108447 1996 5 17 82 10.0 10.0 10.0 10.0 10.0 10.0 10.0 10.0 10.0 10.0 10.0 10.0 10.0 10.0 8.0 10.0 10.0 9.0 9.0 8.0 9.0 9.0 10.0 10.0 
1108447 1996 5 18 82 10.0 10.0 10.0 10.0 10.0 10.0 10.0 10.0 10.0 10.0 10.0 10.0 10.0 9.0 8.0 7.0 9.0 10.0 10.0 9.0 9.0 8.0 9.0 9.0 
1108447 1996 5 19 82 9.0 10.0 10.0 10.0 10.0 10.0 9.0 9.0 10.0 10.0 9.0 10.0 9.0 10.0 10.0 9.0 7.0 8.0 6.0 8.0 8.0 9.0 8.0 9.0 
1108447 1996 5 20 82 10.0 10.0 10.0 10.0 10.0 9.0 9.0 5.0 6.0 8.0 8.0 8.0 9.0 10.0 10.0 10.0 9.0 9.0 9.0 8.0 9.0 9.0 9.0 9.0 
1108447 1996 5 21 82 9.0 9.0 8.0 8.0 9.0 9.0 9.0 10.0 10.0 10.0 10.0 10.0 10.0 10.0 10.0 10.0 10.0 10.0 10.0 10.0 10.0 10.0 10.0 10.0 
1108447 1996 5 22 82 10.0 10.0 10.0 10.0 10.0 10.0 10.0 10.0 10.0 10.0 9.0 10.0 9.0 9.0 9.0 9.0 9.0 9.0 9.0 9.0 10.0 10.0 10.0 10.0 
1108447 1996 5 23 82 10.0 10.0 10.0 10.0 10.0 10.0 10.0 10.0 10.0 6.0 4.0 8.0 6.0 8.0 2.0 2.0 3.0 2.0 1.0 4.0 3.0 4.0 6.0 6.0 
1108447 1996 5 24 82 5.0 5.0 4.0 4.0 4.0 4.0 3.0 3.0 3.0 3.0 3.0 4.0 4.0 4.0 4.0 4.0 5.0 7.0 8.0 9.0 9.0 8.0 8.0 9.0 
1108447 1996 5 25 82 10.0 9.0 6.0 8.0 9.0 9.0 9.0 9.0 9.0 9.0 9.0 9.0 7.0 7.0 7.0 5.0 4.0 2.0 1.0 1.0 5.0 4.0 2.0 0.0 
1108447 1996 5 26 82 0.0 0.0 0.0 0.0 1.0 1.0 2.0 2.0 2.0 2.0 2.0 2.0 1.0 1.0 1.0 1.0 1.0 1.0 1.0 1.0 1.0 1.0 1.0 1.0 
1108447 1996 5 27 82 6.0 5.0 4.0 8.0 8.0 8.0 9.0 8.0 8.0 8.0 7.0 8.0 5.0 5.0 3.0 3.0 3.0 3.0 3.0 3.0 3.0 3.0 4.0 2.0 
1108447 1996 5 28 82 6.0 6.0 7.0 6.0 10.0 9.0 9.0 9.0 10.0 9.0 9.0 9.0 9.0 7.0 4.0 5.0 5.0 5.0 5.0 4.0 3.0 4.0 3.0 4.0 
1108447 1996 5 29 82 7.0 8.0 6.0 7.0 10.0 9.0 10.0 9.0 9.0 10.0 9.0 7.0 7.0 5.0 5.0 6.0 7.0 7.0 8.0 7.0 6.0 7.0 7.0 7.0 
1108447 1996 5 30 82 7.0 6.0 7.0 7.0 10.0 10.0 10.0 9.0 10.0 10.0 10.0 10.0 9.0 8.0 7.0 7.0 9.0 8.0 8.0 7.0 9.0 5.0 3.0 5.0 
1108447 1996 5 31 82 8.0 8.0 5.0 4.0 3.0 3.0 4.0 4.0 1.0 3.0 5.0 8.0 6.0 9.0 9.0 8.0 8.0 8.0 5.0 4.0 3.0 2.0 8.0 8.0 
1108447 1996 6 1 82 8.0 9.0 9.0 8.0 4.0 5.0 5.0 10.0 10.0 10.0 10.0 10.0 10.0 10.0 10.0 10.0 10.0 10.0 10.0 10.0 10.0 10.0 10.0 10.0 
1108447 1996 6 2 82 10.0 10.0 10.0 10.0 10.0 10.0 9.0 9.0 9.0 9.0 7.0 7.0 7.0 10.0 10.0 9.0 9.0 8.0 9.0 9.0 9.0 10.0 10.0 10.0 
1108447 1996 6 3 82 10.0 9.0 9.0 9.0 8.0 9.0 9.0 9.0 9.0 9.0 9.0 9.0 9.0 9.0 10.0 10.0 9.0 8.0 9.0 9.0 10.0 10.0 10.0 10.0 
1108447 1996 6 4 82 10.0 8.0 10.0 9.0 9.0 9.0 8.0 8.0 8.0 9.0 9.0 5.0 8.0 8.0 7.0 9.0 9.0 8.0 9.0 9.0 9.0 9.0 9.0 10.0 
1108447 1996 6 5 82 10.0 10.0 10.0 8.0 7.0 8.0 9.0 9.0 7.0 7.0 6.0 2.0 4.0 3.0 3.0 2.0 0.0 0.0 6.0 8.0 10.0 10.0 7.0 7.0 
1108447 1996 6 6 82 8.0 8.0 8.0 9.0 10.0 10.0 10.0 10.0 10.0 10.0 10.0 10.0 10.0 9.0 8.0 10.0 10.0 8.0 7.0 3.0 8.0 8.0 6.0 6.0 
1108447 1996 6 7 82 6.0 4.0 3.0 3.0 6.0 6.0 8.0 6.0 7.0 7.0 8.0 7.0 7.0 7.0 8.0 7.0 5.0 4.0 3.0 1.0 1.0 1.0 2.0 2.0 
1108447 1996 6 8 82 3.0 4.0 4.0 3.0 4.0 6.0 6.0 4.0 2.0 2.0 1.0 3.0 3.0 4.0 7.0 4.0 5.0 5.0 8.0 9.0 8.0 7.0 4.0 4.0 
1108447 1996 6 9 82 2.0 5.0 6.0 8.0 9.0 9.0 9.0 9.0 10.0 9.0 9.0 7.0 8.0 8.0 9.0 9.0 9.0 9.0 9.0 9.0 9.0 9.0 8.0 6.0 
1108447 1996 6 10 82 7.0 8.0 6.0 8.0 9.0 9.0 9.0 9.0 10.0 10.0 10.0 10.0 9.0 10.0 10.0 10.0 10.0 9.0 9.0 8.0 8.0 8.0 9.0 8.0 
1108447 1996 6 11 82 9.0 5.0 4.0 8.0 8.0 7.0 7.0 7.0 8.0 8.0 7.0 7.0 6.0 5.0 3.0 4.0 4.0 3.0 3.0 1.0 1.0 1.0 2.0 2.0 
1108447 1996 6 12 82 1.0 1.0 0.0 2.0 2.0 3.0 4.0 7.0 8.0 8.0 8.0 8.0 10.0 10.0 10.0 10.0 10.0 9.0 7.0 9.0 3.0 9.0 9.0 7.0 
1108447 1996 6 13 82 5.0 5.0 5.0 7.0 9.0 9.0 9.0 9.0 10.0 10.0 8.0 3.0 4.0 2.0 2.0 2.0 2.0 1.0 1.0 0.0 1.0 0.0 0.0 0.0 
1108447 1996 6 14 82 0.0 0.0 1.0 4.5 4.0 8.0 9.0 9.0 9.0 7.0 9.0 7.0 8.0 7.0 6.0 4.0 2.0 2.0 1.0 2.0 1.0 1.0 0.0 0.0 
1108447 1996 6 15 82 0.0 0.0 0.0 2.0 3.0 8.0 9.0 9.0 9.0 9.0 8.0 9.0 9.0 7.0 4.0 2.0 3.0 2.0 1.0 1.0 1.0 1.0 0.0 0.0 
1108447 1996 6 16 82 0.0 0.0 0.0 2.0 5.0 8.0 8.0 9.0 9.0 10.0 10.0 10.0 9.0 10.0 10.0 9.0 9.0 8.0 8.0 7.0 3.0 6.0 4.0 4.0 
1108447 1996 6 17 82 3.0 4.0 4.0 5.0 10.0 9.0 8.0 9.0 5.0 6.0 8.0 7.0 9.0 8.0 9.0 9.0 8.0 9.0 8.0 8.0 9.0 8.0 9.0 9.0 
1108447 1996 6 18 82 9.0 10.0 8.0 9.0 10.0 9.0 5.0 8.0 5.0 5.0 8.0 8.0 5.0 4.0 5.0 6.0 9.0 7.0 8.0 8.0 8.0 8.0 3.0 2.0 
1108447 1996 6 19 82 2.0 1.0 0.0 0.0 1.0 5.0 5.0 2.0 1.0 4.0 3.0 2.0 2.0 2.0 1.0 1.0 1.0 0.0 0.0 0.0 0.0 0.0 0.0 0.0 
1108447 1996 6 20 82 0.0 0.0 0.0 0.0 0.0 0.0 1.0 1.0 1.0 0.0 1.0 1.0 1.0 1.0 2.0 2.0 2.0 2.0 2.0 2.0 2.0 3.0 3.0 2.0 
1108447 1996 6 21 82 2.0 2.0 1.0 2.0 3.0 3.0 3.0 1.0 1.0 2.0 3.0 3.0 3.0 2.0 2.0 2.0 1.0 1.0 1.0 3.0 2.0 3.0 2.0 1.0 
1108447 1996 6 22 82 1.0 3.0 2.0 3.0 5.0 5.0 6.0 6.0 7.0 10.0 9.0 9.0 8.0 7.0 9.0 9.0 10.0 10.0 10.0 10.0 10.0 10.0 10.0 10.0 
1108447 1996 6 23 82 10.0 10.0 10.0 10.0 9.0 10.0 10.0 10.0 10.0 10.0 10.0 10.0 10.0 10.0 10.0 10.0 10.0 10.0 9.0 9.0 10.0 10.0 10.0 10.0 
1108447 1996 6 24 82 10.0 10.0 10.0 10.0 10.0 10.0 10.0 10.0 10.0 10.0 9.0 8.0 8.0 7.0 5.0 7.0 3.0 3.0 1.0 1.0 0.0 0.0 1.0 2.0 
1108447 1996 6 25 82 7.0 6.0 4.0 4.0 5.0 8.0 6.0 7.0 5.0 5.0 5.0 4.0 3.0 4.0 3.0 3.0 2.0 1.0 3.0 3.0 0.0 0.0 1.0 1.0 
1108447 1996 6 26 82 1.0 1.0 1.0 3.0 7.0 6.0 8.0 8.0 8.0 8.0 7.0 7.0 7.0 7.0 7.0 4.0 2.0 2.0 3.0 2.0 2.0 2.0 2.0 1.0 
1108447 1996 6 27 82 1.0 3.0 4.0 7.0 9.0 9.0 10.0 10.0 10.0 10.0 9.0 8.0 9.0 9.0 10.0 9.0 9.0 9.0 9.0 9.0 8.0 7.0 8.0 9.0 
1108447 1996 6 28 82 10.0 10.0 9.0 9.0 9.0 9.0 9.0 9.0 9.0 8.0 8.0 8.0 9.0 9.0 9.0 9.0 9.0 9.0 9.0 9.0 8.0 7.0 8.0 5.0 
1108447 1996 6 29 82 3.0 1.0 3.0 3.0 3.0 4.0 10.0 10.0 10.0 10.0 10.0 10.0 10.0 10.0 9.0 9.0 9.0 9.0 9.0 9.0 9.0 9.0 7.0 8.0 
1108447 1996 6 30 82 9.0 8.0 9.0 8.0 6.0 8.0 9.0 9.0 7.0 9.0 9.0 9.0 9.0 8.0 9.0 9.0 9.0 9.0 9.0 9.0 9.0 7.0 9.0 9.0 
1108447 1996 7 1 82 6.0 9.0 8.0 7.0 8.0 6.0 6.0 5.0 5.0 2.0 3.0 3.0 3.0 3.0 8.0 6.0 4.0 3.0 3.0 0.0 2.0 2.0 3.0 3.0 
1108447 1996 7 2 82 2.0 3.0 3.0 5.0 5.0 7.0 6.0 8.0 9.0 8.0 7.0 5.0 8.0 8.0 9.0 9.0 10.0 10.0 10.0 9.0 9.0 10.0 10.0 10.0 
1108447 1996 7 3 82 10.0 10.0 10.0 10.0 10.0 10.0 10.0 10.0 10.0 10.0 9.0 9.0 10.0 10.0 9.0 9.0 9.0 9.0 8.0 8.0 7.0 7.0 8.0 8.0 
1108447 1996 7 4 82 8.0 6.0 4.0 3.0 7.0 7.0 7.0 7.0 7.0 6.0 6.0 3.0 2.0 3.0 3.0 3.0 4.0 4.0 5.0 3.0 4.0 3.0 1.0 0.0 
1108447 1996 7 5 82 0.0 0.0 0.0 1.0 1.0 1.0 1.0 1.0 7.0 2.0 1.0 1.0 2.0 1.0 1.0 1.0 0.0 0.0 0.0 0.0 0.0 0.0 0.0 0.0 
1108447 1996 7 6 82 0.0 0.0 0.0 1.0 0.0 0.0 0.0 0.0 0.0 0.0 1.0 0.0 0.0 0.0 0.0 0.0 0.0 0.0 4.0 5.0 3.0 2.0 0.0 1.0 
1108447 1996 7 7 82 1.0 0.0 0.0 0.0 1.0 1.0 0.0 1.0 1.0 2.0 2.0 1.0 1.0 1.0 1.0 0.0 1.0 1.0 1.0 0.0 1.0 0.0 1.0 0.0 
1108447 1996 7 8 82 0.0 0.0 0.0 1.0 1.0 1.0 1.0 0.0 0.0 0.0 0.0 0.0 0.0 6.0 3.0 3.0 2.0 3.0 6.0 8.0 3.0 5.0 3.0 2.0 
1108447 1996 7 9 82 2.0 2.0 3.0 5.0 7.0 9.0 9.0 10.0 9.0 10.0 9.0 8.0 9.0 7.0 9.0 9.0 9.0 9.0 9.0 9.0 9.0 8.0 4.0 4.0 
1108447 1996 7 10 82 5.0 4.0 4.0 4.0 2.0 3.0 2.0 3.0 4.0 3.0 3.0 1.0 1.0 1.0 1.0 1.0 0.0 0.0 0.0 0.0 0.0 0.0 1.0 0.0 
1108447 1996 7 11 82 0.0 0.0 0.0 0.0 2.0 2.0 2.0 2.0 5.0 6.0 5.0 7.0 7.0 8.0 7.0 6.0 6.0 7.0 3.0 2.0 2.0 0.0 0.0 0.0 
1108447 1996 7 12 82 0.0 0.0 0.0 0.0 1.0 1.0 1.0 1.0 1.0 1.0 1.0 1.0 0.0 1.0 1.0 1.0 0.0 0.0 0.0 0.0 0.0 0.0 0.0 0.0 
1108447 1996 7 13 82 0.0 0.0 0.0 0.0 0.0 0.0 0.0 0.0 0.0 0.0 0.0 0.0 0.0 0.0 0.0 0.0 0.0 0.0 0.0 0.0 0.0 0.0 0.0 0.0 
1108447 1996 7 14 82 0.0 0.0 0.0 0.0 0.0 0.0 1.0 0.0 0.0 0.0 0.0 0.0 0.0 0.0 0.0 0.0 0.0 0.0 0.0 0.0 0.0 0.0 0.0 0.0 
1108447 1996 7 15 82 0.0 0.0 0.0 0.0 0.0 0.0 0.0 0.0 0.0 0.0 0.0 0.0 0.0 1.0 1.0 0.0 0.0 0.0 1.0 2.0 1.0 2.0 2.0 0.0 
1108447 1996 7 16 82 3.0 0.0 0.0 6.0 6.0 8.0 9.0 9.0 9.0 8.0 8.0 8.0 9.0 9.0 10.0 9.0 9.0 9.0 9.0 9.0 9.0 9.0 9.0 9.0 
1108447 1996 7 17 82 10.0 10.0 10.0 10.0 10.0 10.0 10.0 10.0 10.0 10.0 10.0 10.0 10.0 9.0 9.0 9.0 9.0 9.0 8.0 7.0 7.0 7.0 7.0 7.0 
1108447 1996 7 18 82 7.0 7.0 8.0 8.0 9.0 10.0 9.0 10.0 10.0 10.0 9.0 10.0 10.0 10.0 9.0 10.0 10.0 9.0 9.0 7.0 9.0 9.0 10.0 10.0 
1108447 1996 7 19 82 10.0 10.0 9.0 10.0 10.0 9.0 9.0 10.0 10.0 10.0 10.0 10.0 10.0 9.0 9.0 9.0 8.0 7.0 8.0 7.0 9.0 9.0 8.0 8.0 
1108447 1996 7 20 82 9.0 10.0 10.0 10.0 10.0 9.0 9.0 9.0 8.0 9.0 8.0 9.0 9.0 9.0 8.0 8.0 8.0 8.0 8.0 8.0 8.0 8.0 7.0 8.0 
1108447 1996 7 21 82 4.0 3.0 2.0 2.0 3.0 3.0 2.0 2.0 3.0 3.0 3.0 3.0 3.0 2.0 2.0 2.0 1.0 1.0 0.0 0.0 0.0 0.0 0.0 0.0 
1108447 1996 7 22 82 0.0 0.0 0.0 0.0 0.0 0.0 0.0 0.0 0.0 0.0 0.0 0.0 0.0 0.0 0.0 0.0 0.0 0.0 0.0 0.0 0.0 0.0 0.0 0.0 
1108447 1996 7 23 82 0.0 0.0 0.0 0.0 0.0 0.0 0.0 0.0 0.0 0.0 0.0 0.0 0.0 0.0 0.0 0.0 0.0 1.0 0.0 0.0 0.0 0.0 0.0 0.0 
1108447 1996 7 24 82 0.0 0.0 0.0 0.0 0.0 1.0 1.0 2.0 2.0 1.0 1.0 1.0 1.0 1.0 1.0 0.0 0.0 0.0 0.0 0.0 0.0 0.0 0.0 0.0 
1108447 1996 7 25 82 0.0 0.0 0.0 0.0 0.0 0.0 0.0 0.0 0.0 0.0 0.0 0.0 0.0 0.0 0.0 0.0 1.0 1.0 1.0 1.0 1.0 1.0 1.0 0.0 
1108447 1996 7 26 82 0.0 0.0 0.0 0.0 0.0 0.0 2.0 3.0 4.0 2.0 1.0 1.0 0.0 0.0 1.0 1.0 0.0 0.0 0.0 0.0 0.0 0.0 0.0 0.0 
1108447 1996 7 27 82 0.0 0.0 0.0 0.0 0.0 0.0 1.0 0.0 0.0 1.0 1.0 2.0 2.0 4.0 4.0 3.0 4.0 4.0 3.0 3.0 4.0 3.0 3.0 4.0 
1108447 1996 7 28 82 3.0 4.0 4.0 2.0 5.0 6.0 7.0 9.0 9.0 9.0 8.0 7.0 7.0 8.0 10.0 9.0 9.0 9.0 7.0 8.0 7.0 7.0 8.0 6.0 
1108447 1996 7 29 82 3.0 1.0 0.0 0.0 1.0 2.0 2.0 3.0 3.0 3.0 3.0 3.0 3.0 3.0 3.0 0.0 0.0 0.0 0.0 0.0 0.0 0.0 0.0 1.0 
1108447 1996 7 30 82 1.0 1.0 0.0 1.0 3.0 3.0 1.0 4.0 3.0 5.0 5.0 5.0 3.0 2.0 2.0 0.0 0.0 2.0 5.0 3.0 0.0 0.0 0.0 0.0 
1108447 1996 7 31 82 0.0 0.0 0.0 0.0 0.0 1.0 2.0 2.0 4.0 4.0 3.0 2.0 1.0 1.0 1.0 1.0 1.0 1.0 0.0 0.0 0.0 0.0 0.0 0.0 
1108447 1996 8 1 82 0.0 0.0 0.0 0.0 0.0 0.0 1.0 1.0 1.0 1.0 2.0 3.0 4.0 8.0 8.0 8.0 9.0 9.0 9.0 10.0 10.0 10.0 10.0 10.0 
1108447 1996 8 2 82 10.0 10.0 10.0 10.0 10.0 10.0 10.0 10.0 10.0 10.0 10.0 9.0 7.0 8.0 9.0 10.0 9.0 8.0 8.0 8.0 8.0 9.0 8.0 7.0 
1108447 1996 8 3 82 9.0 10.0 8.0 10.0 10.0 10.0 10.0 10.0 10.0 10.0 9.0 9.0 9.0 9.0 10.0 10.0 9.0 9.0 8.0 9.0 9.0 9.0 7.0 8.0 
1108447 1996 8 4 82 8.0 7.0 8.0 9.0 9.0 10.0 10.0 10.0 10.0 10.0 10.0 10.0 10.0 10.0 10.0 9.0 9.0 9.0 9.0 10.0 10.0 10.0 10.0 9.0 
1108447 1996 8 5 82 8.0 5.0 4.0 4.0 4.0 3.0 2.0 2.0 5.0 8.0 9.0 8.0 4.0 3.0 2.0 2.0 1.0 2.0 2.0 3.0 2.0 1.0 1.0 0.0 
1108447 1996 8 6 82 2.0 0.0 4.0 1.0 0.0 0.0 1.0 4.0 2.0 4.0 2.0 6.0 2.0 1.0 1.0 2.0 1.0 1.0 1.0 2.0 1.0 1.0 0.0 4.0 
1108447 1996 8 7 82 0.0 0.0 0.0 0.0 0.0 1.0 0.0 0.0 1.0 1.0 1.0 0.0 0.0 1.0 0.0 1.0 1.0 0.0 0.0 0.0 1.0 1.0 0.0 0.0 
1108447 1996 8 8 82 0.0 0.0 0.0 0.0 0.0 0.0 1.0 3.0 4.0 7.0 8.0 7.0 5.0 3.0 3.0 1.0 1.0 0.0 1.0 1.0 1.0 0.0 0.0 0.0 
1108447 1996 8 9 82 0.0 0.0 0.0 0.0 0.0 1.0 1.0 1.0 1.0 1.0 3.0 5.0 5.0 6.0 6.0 6.0 6.0 7.0 7.0 8.0 9.0 9.0 8.0 6.0 
1108447 1996 8 10 82 7.0 5.0 4.0 4.0 3.0 3.0 5.0 5.0 7.0 4.0 3.0 2.0 1.0 1.0 1.0 1.0 1.0 1.0 1.0 2.0 1.0 1.0 0.0 0.0 
1108447 1996 8 11 82 0.0 0.0 0.0 0.0 1.0 4.0 6.0 2.0 3.0 7.0 4.0 9.0 4.0 7.0 2.0 3.0 3.0 2.0 4.0 2.0 1.0 1.0 0.0 0.0 
1108447 1996 8 12 82 0.0 0.0 0.0 0.0 0.0 0.0 0.0 0.0 1.0 1.0 1.0 1.0 1.0 1.0 1.0 0.0 0.0 0.0 0.0 0.0 0.0 0.0 0.0 0.0 
1108447 1996 8 13 82 0.0 0.0 3.0 0.0 4.0 6.0 3.0 1.0 1.0 2.0 3.0 1.0 3.0 2.0 3.0 2.0 2.0 1.0 1.0 1.0 1.0 0.0 0.0 0.0 
1108447 1996 8 14 82 0.0 0.0 0.0 0.0 0.0 1.0 1.0 2.0 1.0 2.0 2.0 2.0 1.0 1.0 4.0 5.0 5.0 3.0 3.0 1.0 1.0 0.0 0.0 0.0 
1108447 1996 8 15 82 0.0 0.0 0.0 0.0 1.0 4.0 6.0 7.0 3.0 6.0 4.0 7.0 9.0 9.0 9.0 9.0 9.0 9.0 9.0 9.0 8.0 8.0 7.0 7.0 
1108447 1996 8 16 82 8.0 8.0 8.0 10.0 10.0 10.0 9.0 9.0 9.0 8.0 7.0 8.0 8.0 8.0 9.0 9.0 7.0 5.0 8.0 8.0 8.0 4.0 5.0 5.0 
1108447 1996 8 17 82 7.0 7.0 7.0 8.0 9.0 7.0 7.0 5.0 5.0 8.0 7.0 8.0 6.0 6.0 7.0 7.0 6.0 3.0 4.0 5.0 5.0 2.0 0.0 0.0 
1108447 1996 8 18 82 0.0 0.0 0.0 0.0 0.0 5.0 8.0 7.0 7.0 9.0 10.0 10.0 9.0 10.0 10.0 10.0 10.0 9.0 9.0 8.0 8.0 8.0 10.0 10.0 
1108447 1996 8 19 82 9.0 9.0 10.0 10.0 10.0 10.0 10.0 10.0 10.0 10.0 10.0 9.0 10.0 9.0 9.0 8.0 9.0 9.0 10.0 8.0 8.0 8.0 8.0 8.0 
1108447 1996 8 20 82 8.0 7.0 7.0 5.0 7.0 8.0 7.0 6.0 7.0 6.0 4.0 4.0 2.0 2.0 2.0 2.0 3.0 7.0 6.0 5.0 4.0 3.0 4.0 3.0 
1108447 1996 8 21 82 1.0 0.0 0.0 1.0 2.0 4.0 7.0 7.0 9.0 9.0 9.0 9.0 10.0 10.0 10.0 10.0 10.0 10.0 10.0 8.0 8.0 6.0 2.0 2.0 
1108447 1996 8 22 82 0.0 0.0 0.0 0.0 0.0 0.0 7.0 7.0 6.0 7.0 5.0 4.0 4.0 1.0 1.0 1.0 2.0 3.0 3.0 3.0 2.0 2.0 2.0 0.0 
1108447 1996 8 23 82 0.0 0.0 0.0 0.0 0.0 1.0 2.0 0.0 0.0 1.0 1.0 1.0 1.0 3.0 1.0 1.0 2.0 1.0 1.0 1.0 1.0 1.0 0.0 0.0 
1108447 1996 8 24 82 0.0 0.0 0.0 0.0 0.0 0.0 0.0 0.0 3.0 0.0 1.0 0.0 0.0 0.0 0.0 1.0 1.0 1.0 1.0 1.0 1.0 0.0 0.0 0.0 
1108447 1996 8 25 82 0.0 0.0 0.0 0.0 0.0 0.0 0.0 0.0 0.0 0.0 1.0 1.0 1.0 1.0 4.0 5.0 3.0 4.0 6.0 6.0 6.0 6.0 5.0 6.0 
1108447 1996 8 26 82 7.0 4.0 4.0 4.0 4.0 6.0 7.0 4.0 4.0 4.0 4.0 7.0 5.0 6.0 9.0 9.0 9.0 8.0 8.0 9.0 9.0 8.0 7.0 8.0 
1108447 1996 8 27 82 7.0 8.0 6.0 6.0 5.0 4.0 5.0 6.0 10.0 10.0 10.0 10.0 10.0 10.0 10.0 9.0 9.0 9.0 8.0 10.0 10.0 10.0 10.0 10.0 
1108447 1996 8 28 82 10.0 10.0 9.0 10.0 10.0 10.0 10.0 9.0 9.0 10.0 8.0 4.0 3.0 5.0 5.0 5.0 7.0 9.0 9.0 9.0 9.0 9.0 5.0 9.0 
1108447 1996 8 29 82 10.0 9.0 10.0 10.0 9.0 4.0 1.0 1.0 0.0 1.0 1.0 1.0 3.0 3.0 2.0 4.0 7.0 7.0 7.0 8.0 5.0 7.0 8.0 8.0 
1108447 1996 8 30 82 9.0 8.0 5.0 3.0 7.0 10.0 10.0 9.0 9.0 10.0 9.0 8.0 7.0 7.0 7.0 9.0 8.0 8.0 7.0 9.0 9.0 8.0 2.0 9.0 
1108447 1996 8 31 82 5.0 7.0 3.0 8.0 9.0 8.0 5.0 5.0 3.0 2.0 1.0 1.0 1.0 1.0 1.0 2.0 1.0 1.0 1.0 1.0 1.0 1.0 1.0 1.0 
1108447 1996 9 1 82 1.0 2.0 4.0 7.0 7.0 7.0 7.0 8.0 8.0 7.0 7.0 6.0 4.0 4.0 1.0 1.0 1.0 3.0 9.0 6.0 4.0 6.0 9.0 9.0 
1108447 1996 9 2 82 8.0 8.0 8.0 4.0 4.0 5.0 7.0 5.0 5.0 7.0 6.0 4.0 4.0 6.0 6.0 9.0 9.0 9.0 8.0 9.0 9.0 10.0 10.0 10.0 
1108447 1996 9 3 82 10.0 10.0 10.0 10.0 10.0 10.0 10.0 9.0 10.0 10.0 10.0 10.0 9.0 9.0 7.0 5.0 7.0 9.0 5.0 6.0 7.0 3.0 4.0 2.0 
1108447 1996 9 4 82 2.0 2.0 2.0 3.0 2.0 7.0 9.0 9.0 9.0 9.0 9.0 9.0 9.0 9.0 9.0 10.0 10.0 10.0 10.0 10.0 10.0 9.0 9.0 9.0 
1108447 1996 9 5 82 8.0 7.0 8.0 10.0 10.0 10.0 10.0 10.0 10.0 10.0 10.0 10.0 9.0 9.0 9.0 10.0 9.0 10.0 10.0 7.0 7.0 7.0 4.0 4.0 
1108447 1996 9 6 82 5.0 5.0 4.0 5.0 8.0 9.0 10.0 10.0 10.0 10.0 10.0 10.0 10.0 10.0 10.0 10.0 10.0 10.0 10.0 10.0 10.0 10.0 10.0 10.0 
1108447 1996 9 7 82 10.0 10.0 10.0 10.0 10.0 10.0 10.0 10.0 10.0 10.0 10.0 10.0 9.0 9.0 10.0 10.0 10.0 10.0 10.0 9.0 7.0 9.0 9.0 9.0 
1108447 1996 9 8 82 10.0 10.0 10.0 10.0 8.0 8.0 10.0 10.0 10.0 10.0 10.0 10.0 9.0 9.0 9.0 9.0 8.0 8.0 8.0 8.0 9.0 7.0 8.0 7.0 
1108447 1996 9 9 82 5.0 5.0 5.0 5.0 5.0 8.0 8.0 5.0 5.0 4.0 3.0 4.0 3.0 3.0 3.0 4.0 4.0 3.0 2.0 1.0 1.0 1.0 0.0 0.0 
1108447 1996 9 10 82 0.0 0.0 0.0 0.0 0.0 0.0 0.0 2.0 1.0 1.0 0.0 0.0 0.0 0.0 0.0 0.0 0.0 0.0 0.0 0.0 0.0 0.0 0.0 0.0 
1108447 1996 9 11 82 0.0 0.0 0.0 0.0 0.0 0.0 1.0 4.0 5.0 4.0 7.0 7.0 7.0 9.0 8.0 7.0 8.0 9.0 9.0 0.0 0.0 2.0 1.0 7.0 
1108447 1996 9 12 82 5.0 5.0 7.0 8.0 9.0 10.0 4.0 2.0 2.0 1.0 9.0 7.0 5.0 8.0 7.0 9.0 8.0 8.0 9.0 9.0 10.0 10.0 10.0 10.0 
1108447 1996 9 13 82 10.0 10.0 10.0 10.0 10.0 8.0 8.0 9.0 10.0 10.0 10.0 10.0 10.0 10.0 10.0 10.0 10.0 10.0 10.0 10.0 10.0 10.0 10.0 10.0 
1108447 1996 9 14 82 10.0 10.0 7.0 10.0 10.0 10.0 10.0 10.0 10.0 10.0 9.0 9.0 9.0 6.0 9.0 9.0 10.0 10.0 9.0 9.0 9.0 9.0 8.0 9.0 
1108447 1996 9 15 82 9.0 9.0 10.0 10.0 10.0 10.0 10.0 10.0 10.0 9.0 9.0 8.0 9.0 8.0 8.0 7.0 8.0 8.0 7.0 9.0 8.0 7.0 5.0 3.0 
1108447 1996 9 16 82 0.0 0.0 5.0 8.0 8.0 9.0 9.0 5.0 9.0 9.0 9.0 9.0 9.0 9.0 3.0 4.0 7.0 6.0 4.0 7.0 4.0 2.0 0.0 0.0 
1108447 1996 9 17 82 5.0 5.0 5.0 1.0 0.0 2.0 7.0 6.0 2.0 3.0 3.0 4.0 2.0 2.0 2.0 3.0 3.0 4.0 4.0 3.0 2.0 2.0 0.0 3.0 
1108447 1996 9 18 82 4.0 0.0 4.0 6.0 5.0 8.0 7.0 9.0 10.0 10.0 10.0 10.0 10.0 10.0 10.0 10.0 10.0 10.0 10.0 10.0 10.0 10.0 10.0 10.0 
1108447 1996 9 19 82 10.0 10.0 10.0 10.0 10.0 10.0 10.0 9.0 8.0 6.0 3.0 3.0 7.0 7.0 8.0 5.0 6.0 7.0 9.0 7.0 6.0 5.0 5.0 5.0 
1108447 1996 9 20 82 5.0 7.0 7.0 9.0 9.0 7.0 10.0 10.0 9.0 9.0 10.0 10.0 10.0 10.0 9.0 9.0 9.0 9.0 8.0 9.0 10.0 10.0 8.0 9.0 
1108447 1996 9 21 82 9.0 4.0 5.0 3.0 6.0 7.0 7.0 8.0 9.0 9.0 9.0 10.0 10.0 9.0 9.0 9.0 4.0 4.0 7.0 8.0 9.0 9.0 9.0 10.0 
1108447 1996 9 22 82 10.0 10.0 5.0 6.0 2.0 2.0 2.0 3.0 3.0 3.0 5.0 8.0 7.0 5.0 3.0 3.0 2.0 2.0 2.0 0.0 1.0 1.0 0.0 0.0 
1108447 1996 9 23 82 0.0 0.0 0.0 0.0 0.0 1.0 2.0 3.0 5.0 5.0 5.0 4.0 5.0 7.0 7.0 6.0 5.0 7.0 8.0 8.0 8.0 8.0 9.0 10.0 
1108447 1996 9 24 82 10.0 10.0 10.0 10.0 10.0 10.0 8.0 9.0 9.0 9.0 10.0 9.0 9.0 9.0 8.0 8.0 7.0 6.0 4.0 4.0 4.0 1.0 0.0 0.0 
1108447 1996 9 25 82 1.0 2.0 8.0 9.0 9.0 9.0 8.0 9.0 7.0 1.0 1.0 2.0 1.0 3.0 5.0 5.0 5.0 8.0 7.0 5.0 4.0 3.0 1.0 1.0 
1108447 1996 9 26 82 2.0 3.0 3.0 5.0 2.0 3.0 2.0 2.0 1.0 2.0 3.0 3.0 3.0 3.0 3.0 3.0 3.0 3.0 3.0 3.0 3.0 2.0 1.0 1.0 
1108447 1996 9 27 82 4.0 5.0 5.0 5.0 1.0 1.0 4.0 2.0 2.0 2.0 1.0 3.0 3.0 3.0 3.0 3.0 3.0 3.0 3.0 3.0 3.0 3.0 0.0 0.0 
1108447 1996 9 28 82 0.0 0.0 0.0 1.0 1.0 2.0 10.0 5.0 9.0 9.0 8.0 7.0 2.0 2.0 1.0 3.0 2.0 2.0 3.0 3.0 2.0 2.0 0.0 0.0 
1108447 1996 9 29 82 0.0 0.0 2.0 1.0 1.0 3.0 3.0 10.0 10.0 10.0 10.0 10.0 8.0 8.0 8.0 8.0 8.0 9.0 8.0 5.0 3.0 3.0 4.0 4.0 
1108447 1996 9 30 82 2.0 2.0 1.0 1.0 3.0 2.0 8.0 9.0 9.0 4.0 2.0 2.0 2.0 2.0 2.0 4.0 5.0 5.0 6.0 6.0 4.0 4.0 1.0 0.0 
1108447 1996 10 1 82 0.0 0.0 0.0 0.0 0.0 3.0 2.0 4.0 3.0 4.0 3.0 4.0 8.0 8.0 8.0 10.0 10.0 10.0 10.0 10.0 10.0 9.0 5.0 7.0 
1108447 1996 10 2 82 8.0 10.0 8.0 8.0 9.0 5.0 9.0 10.0 10.0 10.0 10.0 10.0 10.0 10.0 10.0 9.0 8.0 10.0 10.0 10.0 10.0 10.0 10.0 10.0 
1108447 1996 10 3 82 10.0 10.0 10.0 10.0 10.0 10.0 10.0 10.0 10.0 10.0 10.0 10.0 10.0 10.0 10.0 10.0 10.0 10.0 10.0 10.0 10.0 10.0 10.0 10.0 
1108447 1996 10 4 82 10.0 10.0 10.0 10.0 10.0 10.0 10.0 10.0 10.0 10.0 10.0 9.0 10.0 9.0 9.0 9.0 9.0 8.0 6.0 10.0 5.0 10.0 10.0 9.0 
1108447 1996 10 5 82 9.0 5.0 8.0 9.0 10.0 10.0 10.0 10.0 10.0 10.0 10.0 10.0 10.0 9.0 8.0 6.0 3.0 1.0 2.0 2.0 1.0 1.0 1.0 1.0 
1108447 1996 10 6 82 4.0 7.0 10.0 9.0 8.0 9.0 8.0 9.0 8.0 9.0 8.0 10.0 9.0 10.0 10.0 10.0 10.0 10.0 10.0 10.0 10.0 8.0 8.0 10.0 
1108447 1996 10 7 82 10.0 10.0 8.0 8.0 7.0 9.0 9.0 9.0 9.0 8.0 8.0 7.0 7.0 7.0 5.0 3.0 1.0 2.0 2.0 2.0 1.0 1.0 1.0 0.0 
1108447 1996 10 8 82 0.0 0.0 0.0 0.0 0.0 0.0 1.0 3.0 5.0 8.0 6.0 4.0 3.0 1.0 1.0 0.0 0.0 0.0 0.0 0.0 0.0 0.0 0.0 0.0 
1108447 1996 10 9 82 0.0 0.0 0.0 0.0 0.0 0.0 0.0 0.0 1.0 3.0 7.0 8.0 8.0 5.0 3.0 4.0 2.0 2.0 1.0 1.0 1.0 1.0 1.0 1.0 
1108447 1996 10 10 82 3.0 5.0 6.0 6.0 7.0 3.0 7.0 9.0 10.0 10.0 10.0 10.0 10.0 10.0 9.0 10.0 10.0 10.0 10.0 10.0 10.0 10.0 10.0 10.0 
1108447 1996 10 11 82 10.0 10.0 10.0 10.0 10.0 10.0 10.0 9.0 8.0 7.0 3.0 3.0 3.0 7.0 5.0 6.0 6.0 8.0 8.0 7.0 6.0 6.0 6.0 5.0 
1108447 1996 10 12 82 6.0 6.0 3.0 8.0 9.0 8.0 9.0 9.0 9.0 10.0 10.0 10.0 10.0 10.0 10.0 10.0 10.0 10.0 10.0 10.0 10.0 10.0 10.0 10.0 
1108447 1996 10 13 82 8.0 7.0 10.0 10.0 8.0 10.0 10.0 10.0 10.0 10.0 10.0 10.0 10.0 10.0 9.0 8.0 7.0 7.0 8.0 9.0 9.0 8.0 8.0 9.0 
1108447 1996 10 14 82 10.0 9.0 10.0 10.0 10.0 10.0 10.0 10.0 10.0 10.0 10.0 10.0 9.0 9.0 8.0 6.0 7.0 5.0 6.0 4.0 4.0 3.0 2.0 1.0 
1108447 1996 10 15 82 0.0 0.0 0.0 4.0 5.0 8.0 8.0 7.0 8.0 10.0 10.0 10.0 10.0 9.0 3.0 3.0 2.0 2.0 1.0 1.0 1.0 1.0 1.0 1.0 
1108447 1996 10 16 82 1.0 1.0 1.0 1.0 1.0 5.0 5.0 6.0 9.0 9.0 9.0 9.0 9.0 4.0 4.0 4.0 4.0 5.0 7.0 8.0 10.0 8.0 8.0 7.0 
1108447 1996 10 17 82 7.0 4.0 3.0 5.0 7.0 7.0 9.0 10.0 10.0 10.0 10.0 10.0 10.0 10.0 10.0 10.0 10.0 10.0 10.0 10.0 10.0 10.0 10.0 8.0 
1108447 1996 10 18 82 8.0 9.0 6.0 4.0 4.0 10.0 7.0 8.0 6.0 8.0 6.0 6.0 7.0 9.0 10.0 9.0 7.0 9.0 8.0 7.0 6.0 9.0 10.0 9.0 
1108447 1996 10 19 82 9.0 9.0 6.0 6.0 5.0 2.0 6.0 4.0 4.0 7.0 8.0 8.0 8.0 3.0 3.0 5.0 6.0 6.0 7.0 5.0 4.0 5.0 5.0 4.0 
1108447 1996 10 20 82 4.0 0.0 0.0 3.0 9.0 8.0 8.0 9.0 7.0 5.0 7.0 8.0 8.0 9.0 9.0 10.0 9.0 9.0 9.0 9.0 9.0 6.0 9.0 10.0 
1108447 1996 10 21 82 10.0 10.0 10.0 10.0 10.0 10.0 10.0 10.0 10.0 10.0 10.0 10.0 10.0 10.0 10.0 10.0 10.0 10.0 10.0 10.0 10.0 10.0 10.0 10.0 
1108447 1996 10 22 82 10.0 10.0 9.0 9.0 10.0 1.0 8.0 9.0 9.0 10.0 1.0 2.0 2.0 4.0 2.0 5.0 5.0 4.0 5.0 4.0 7.0 9.0 9.0 9.0 
1108447 1996 10 23 82 6.0 9.0 9.0 9.0 10.0 10.0 10.0 10.0 10.0 10.0 10.0 10.0 10.0 10.0 10.0 10.0 10.0 10.0 10.0 10.0 10.0 10.0 10.0 10.0 
1108447 1996 10 24 82 10.0 10.0 10.0 10.0 10.0 10.0 4.0 8.0 9.0 8.0 6.0 8.0 9.0 10.0 10.0 10.0 10.0 10.0 10.0 10.0 10.0 10.0 10.0 8.0 
1108447 1996 10 25 82 9.0 9.0 8.0 5.0 9.0 9.0 10.0 9.0 9.0 4.0 3.0 6.0 3.0 3.0 3.0 3.0 2.0 2.0 2.0 1.0 1.0 0.0 0.0 0.0 
1108447 1996 10 26 82 0.0 0.0 0.0 1.0 6.0 1.0 0.0 2.0 5.0 8.0 8.0 9.0 10.0 10.0 10.0 9.0 9.0 8.0 9.0 9.0 10.0 10.0 10.0 10.0 
1108447 1996 10 27 82 10.0 10.0 10.0 10.0 10.0 10.0 10.0 10.0 10.0 10.0 10.0 10.0 10.0 10.0 10.0 10.0 10.0 10.0 10.0 10.0 10.0 10.0 10.0 10.0 
1108447 1996 10 28 82 10.0 10.0 10.0 10.0 10.0 10.0 10.0 10.0 10.0 10.0 10.0 10.0 9.0 9.0 9.0 9.0 9.0 10.0 10.0 10.0 10.0 10.0 8.0 8.0 
1108447 1996 10 29 82 4.0 1.0 0.0 0.0 0.0 0.0 0.0 0.0 0.0 0.0 0.0 1.0 4.0 8.0 6.0 3.0 1.0 1.0 0.0 0.0 0.0 1.0 0.0 0.0 
1108447 1996 10 30 82 2.0 2.0 3.0 0.0 0.0 0.0 0.0 1.0 0.0 0.0 0.0 0.0 0.0 0.0 0.0 0.0 1.0 1.0 0.0 0.0 0.0 0.0 1.0 2.0 
1108447 1996 10 31 82 2.0 0.0 0.0 1.0 0.0 0.0 0.0 2.0 1.0 2.0 1.0 1.0 3.0 4.0 4.0 4.0 3.0 3.0 1.0 0.0 0.0 0.0 0.0 0.0 
1108447 1996 11 1 82 0.0 0.0 0.0 0.0 0.0 0.0 1.0 3.0 3.0 3.0 7.0 7.0 6.0 3.0 7.0 10.0 9.0 9.0 8.0 9.0 9.0 9.0 9.0 2.0 
1108447 1996 11 2 82 3.0 3.0 4.0 5.0 5.0 6.0 7.0 4.0 6.0 9.0 9.0 9.0 10.0 10.0 10.0 10.0 10.0 10.0 10.0 10.0 10.0 10.0 10.0 10.0 
1108447 1996 11 3 82 10.0 10.0 10.0 10.0 4.0 0.0 0.0 0.0 1.0 3.0 5.0 9.0 10.0 10.0 10.0 10.0 9.0 8.0 8.0 7.0 7.0 9.0 7.0 7.0 
1108447 1996 11 4 82 8.0 8.0 8.0 8.0 9.0 10.0 7.0 9.0 8.0 5.0 7.0 7.0 9.0 9.0 7.0 8.0 5.0 7.0 8.0 8.0 9.0 10.0 10.0 9.0 
1108447 1996 11 5 82 9.0 8.0 5.0 4.0 7.0 5.0 5.0 9.0 9.0 10.0 10.0 10.0 10.0 10.0 10.0 10.0 10.0 10.0 10.0 10.0 10.0 10.0 10.0 10.0 
1108447 1996 11 6 82 10.0 10.0 10.0 10.0 10.0 7.0 8.0 10.0 9.0 7.0 5.0 7.0 6.0 5.0 4.0 3.0 1.0 1.0 1.0 1.0 1.0 1.0 1.0 1.0 
1108447 1996 11 7 82 1.0 4.0 3.0 6.0 4.0 8.0 9.0 9.0 10.0 10.0 10.0 10.0 10.0 10.0 10.0 10.0 10.0 10.0 10.0 10.0 10.0 10.0 10.0 10.0 
1108447 1996 11 8 82 10.0 10.0 10.0 10.0 10.0 9.0 10.0 9.0 9.0 9.0 9.0 9.0 9.0 9.0 9.0 6.0 7.0 7.0 9.0 8.0 10.0 10.0 10.0 10.0 
1108447 1996 11 9 82 10.0 10.0 10.0 9.0 9.0 10.0 10.0 5.0 9.0 9.0 8.0 8.0 9.0 9.0 9.0 9.0 9.0 9.0 9.0 10.0 10.0 10.0 10.0 3.0 
1108447 1996 11 10 82 10.0 10.0 10.0 10.0 10.0 10.0 10.0 9.0 8.0 10.0 10.0 10.0 10.0 10.0 10.0 10.0 10.0 9.0 10.0 10.0 10.0 10.0 10.0 10.0 
1108447 1996 11 11 82 10.0 10.0 10.0 10.0 10.0 10.0 10.0 10.0 9.0 9.0 9.0 9.0 9.0 9.0 9.0 9.0 10.0 10.0 10.0 10.0 10.0 10.0 10.0 10.0 
1108447 1996 11 12 82 10.0 10.0 10.0 10.0 10.0 10.0 10.0 10.0 10.0 10.0 10.0 10.0 10.0 10.0 9.0 9.0 8.0 10.0 7.0 10.0 10.0 10.0 10.0 10.0 
1108447 1996 11 13 82 10.0 10.0 10.0 10.0 9.0 9.0 3.0 9.0 9.0 8.0 8.0 9.0 9.0 8.0 9.0 9.0 7.0 9.0 9.0 8.0 9.0 8.0 10.0 10.0 
1108447 1996 11 14 82 6.0 9.0 10.0 9.0 10.0 10.0 10.0 10.0 9.0 10.0 10.0 9.0 9.0 9.0 9.0 4.0 8.0 7.0 5.0 5.0 3.0 10.0 10.0 10.0 
1108447 1996 11 15 82 10.0 10.0 10.0 10.0 10.0 10.0 9.0 10.0 8.0 9.0 10.0 10.0 10.0 10.0 10.0 10.0 9.0 9.0 10.0 10.0 10.0 10.0 10.0 10.0 
1108447 1996 11 16 82 10.0 10.0 10.0 10.0 10.0 10.0 10.0 10.0 10.0 10.0 10.0 10.0 10.0 8.0 10.0 10.0 9.0 9.0 9.0 8.0 8.0 9.0 10.0 5.0 
1108447 1996 11 17 82 9.0 3.0 4.0 10.0 10.0 10.0 10.0 10.0 10.0 10.0 10.0 10.0 6.0 9.0 10.0 9.0 9.0 9.0 7.0 8.0 6.0 9.0 9.0 9.0 
1108447 1996 11 18 82 9.0 9.0 9.0 10.0 10.0 10.0 10.0 10.0 10.0 9.0 10.0 10.0 10.0 10.0 9.0 10.0 9.0 10.0 9.0 9.0 10.0 6.0 5.0 9.0 
1108447 1996 11 19 82 9.0 5.0 8.0 5.0 5.0 6.0 8.0 9.0 9.0 9.0 8.0 5.0 8.0 8.0 8.0 9.0 8.0 9.0 8.0 10.0 10.0 10.0 10.0 10.0 
1108447 1996 11 20 82 10.0 10.0 10.0 10.0 10.0 10.0 6.0 8.0 8.0 9.0 8.0 9.0 10.0 10.0 10.0 10.0 9.0 10.0 10.0 10.0 10.0 10.0 10.0 10.0 
1108447 1996 11 21 82 10.0 10.0 10.0 10.0 9.0 9.0 10.0 9.0 9.0 8.0 9.0 9.0 8.0 9.0 8.0 8.0 8.0 7.0 6.0 5.0 6.0 5.0 7.0 5.0 
1108447 1996 11 22 82 3.0 3.0 4.0 6.0 7.0 8.0 9.0 9.0 9.0 9.0 9.0 9.0 8.0 3.0 3.0 2.0 2.0 2.0 2.0 2.0 2.0 1.0 1.0 0.0 
1108447 1996 11 23 82 0.0 0.0 0.0 0.0 0.0 1.0 2.0 7.0 8.0 9.0 9.0 10.0 10.0 10.0 10.0 10.0 10.0 10.0 10.0 10.0 10.0 10.0 10.0 10.0 
1108447 1996 11 24 82 10.0 10.0 10.0 10.0 10.0 10.0 10.0 10.0 10.0 10.0 10.0 10.0 10.0 10.0 10.0 10.0 10.0 10.0 10.0 10.0 10.0 10.0 10.0 10.0 
1108447 1996 11 25 82 10.0 10.0 10.0 10.0 10.0 10.0 10.0 10.0 10.0 10.0 10.0 10.0 10.0 10.0 10.0 10.0 10.0 10.0 10.0 10.0 10.0 10.0 10.0 10.0 
1108447 1996 11 26 82 10.0 10.0 10.0 10.0 10.0 10.0 10.0 10.0 10.0 10.0 10.0 10.0 10.0 10.0 10.0 10.0 10.0 10.0 10.0 10.0 10.0 10.0 10.0 10.0 
1108447 1996 11 27 82 10.0 10.0 10.0 10.0 10.0 10.0 10.0 10.0 10.0 10.0 10.0 10.0 10.0 10.0 10.0 10.0 10.0 10.0 10.0 10.0 10.0 10.0 10.0 10.0 
1108447 1996 11 28 82 10.0 10.0 10.0 10.0 10.0 10.0 10.0 8.0 9.0 7.0 9.0 9.0 6.0 8.0 8.0 9.0 8.0 9.0 9.0 8.0 9.0 9.0 9.0 10.0 
1108447 1996 11 29 82 10.0 10.0 9.0 9.0 6.0 3.0 6.0 9.0 10.0 10.0 10.0 10.0 10.0 10.0 10.0 10.0 10.0 10.0 10.0 10.0 10.0 10.0 10.0 10.0 
1108447 1996 11 30 82 10.0 10.0 10.0 10.0 10.0 10.0 10.0 10.0 10.0 10.0 10.0 10.0 10.0 10.0 10.0 9.0 6.0 9.0 8.0 9.0 10.0 10.0 10.0 10.0 
1108447 1996 12 1 82 10.0 10.0 10.0 10.0 10.0 10.0 10.0 10.0 9.0 9.0 9.0 9.0 9.0 7.0 4.0 9.0 6.0 8.0 10.0 10.0 10.0 10.0 10.0 10.0 
1108447 1996 12 2 82 10.0 10.0 10.0 10.0 10.0 10.0 10.0 10.0 10.0 10.0 10.0 10.0 10.0 9.0 9.0 9.0 8.0 7.0 5.0 9.0 5.0 10.0 9.0 4.0 
1108447 1996 12 3 82 6.0 7.0 8.0 9.0 9.0 7.0 7.0 8.0 9.0 9.0 10.0 10.0 9.0 10.0 9.0 9.0 9.0 9.0 8.0 9.0 2.0 0.0 4.0 5.0 
1108447 1996 12 4 82 5.0 5.0 5.0 8.0 10.0 10.0 10.0 10.0 10.0 10.0 10.0 10.0 10.0 10.0 10.0 10.0 10.0 6.0 6.0 8.0 7.0 6.0 7.0 7.0 
1108447 1996 12 5 82 8.0 9.0 10.0 10.0 10.0 7.0 10.0 9.0 9.0 9.0 10.0 9.0 8.0 8.0 10.0 10.0 9.0 7.0 8.0 8.0 8.0 7.0 8.0 10.0 
1108447 1996 12 6 82 10.0 10.0 10.0 10.0 9.0 5.0 10.0 10.0 10.0 10.0 10.0 10.0 10.0 9.0 9.0 9.0 9.0 8.0 10.0 10.0 8.0 6.0 5.0 5.0 
1108447 1996 12 7 82 7.0 9.0 10.0 10.0 10.0 10.0 10.0 10.0 10.0 10.0 10.0 10.0 10.0 10.0 10.0 10.0 10.0 10.0 10.0 10.0 10.0 10.0 10.0 10.0 
1108447 1996 12 8 82 10.0 10.0 10.0 10.0 10.0 10.0 10.0 10.0 10.0 10.0 10.0 10.0 10.0 10.0 10.0 10.0 8.0 6.0 5.0 3.0 3.0 2.0 4.0 5.0 
1108447 1996 12 9 82 5.0 3.0 4.0 5.0 5.0 5.0 6.0 7.0 9.0 9.0 9.0 10.0 10.0 9.0 8.0 7.0 7.0 6.0 7.0 7.0 10.0 10.0 10.0 10.0 
1108447 1996 12 10 82 10.0 10.0 10.0 10.0 10.0 10.0 10.0 10.0 9.0 7.0 8.0 7.0 7.0 8.0 10.0 10.0 10.0 10.0 10.0 10.0 10.0 10.0 8.0 8.0 
1108447 1996 12 11 82 10.0 9.0 2.0 1.0 5.0 9.0 8.0 10.0 8.0 9.0 9.0 8.0 9.0 9.0 5.0 8.0 5.0 9.0 10.0 9.0 8.0 9.0 9.0 10.0 
1108447 1996 12 12 82 10.0 10.0 10.0 9.0 7.0 7.0 5.0 7.0 10.0 10.0 10.0 10.0 10.0 10.0 7.0 8.0 6.0 9.0 9.0 9.0 4.0 2.0 0.0 10.0 
1108447 1996 12 13 82 10.0 10.0 10.0 10.0 10.0 10.0 10.0 10.0 10.0 10.0 10.0 10.0 10.0 10.0 10.0 10.0 8.0 9.0 5.0 2.0 2.0 1.0 1.0 4.0 
1108447 1996 12 14 82 4.0 6.0 5.0 6.0 5.0 8.0 4.0 8.0 9.0 10.0 10.0 10.0 10.0 10.0 10.0 10.0 10.0 5.0 7.0 10.0 10.0 10.0 10.0 10.0 
1108447 1996 12 15 82 10.0 10.0 10.0 10.0 10.0 10.0 10.0 10.0 10.0 10.0 10.0 10.0 10.0 10.0 10.0 10.0 10.0 10.0 10.0 10.0 10.0 9.0 7.0 8.0 
1108447 1996 12 16 82 9.0 4.0 0.0 0.0 0.0 2.0 0.0 1.0 4.0 7.0 9.0 9.0 9.0 10.0 4.0 2.0 2.0 1.0 3.0 3.0 2.0 2.0 1.0 0.0 
1108447 1996 12 17 82 0.0 0.0 0.0 3.0 5.0 2.0 2.0 6.0 9.0 9.0 9.0 8.0 5.0 7.0 10.0 9.0 9.0 9.0 9.0 10.0 10.0 10.0 10.0 10.0 
1108447 1996 12 18 82 9.0 9.0 9.0 6.0 5.0 6.0 4.0 8.0 10.0 10.0 10.0 10.0 9.0 9.0 10.0 10.0 9.0 4.0 3.0 0.0 0.0 0.0 4.0 5.0 
1108447 1996 12 19 82 5.0 5.0 3.0 7.0 5.0 4.0 7.0 8.0 10.0 10.0 10.0 10.0 10.0 10.0 10.0 10.0 10.0 10.0 10.0 10.0 10.0 10.0 10.0 10.0 
1108447 1996 12 20 82 10.0 10.0 10.0 10.0 10.0 10.0 10.0 10.0 10.0 10.0 10.0 9.0 10.0 10.0 10.0 8.0 9.0 9.0 9.0 8.0 10.0 10.0 10.0 10.0 
1108447 1996 12 21 82 10.0 10.0 10.0 10.0 10.0 10.0 10.0 10.0 10.0 10.0 10.0 10.0 10.0 9.0 10.0 10.0 10.0 10.0 10.0 10.0 10.0 10.0 10.0 10.0 
1108447 1996 12 22 82 10.0 10.0 10.0 10.0 10.0 10.0 10.0 10.0 10.0 10.0 10.0 9.0 10.0 10.0 10.0 10.0 10.0 10.0 10.0 10.0 10.0 10.0 10.0 10.0 
1108447 1996 12 23 82 10.0 10.0 10.0 10.0 10.0 10.0 10.0 10.0 10.0 10.0 9.0 9.0 9.0 9.0 10.0 10.0 10.0 8.0 8.0 10.0 9.0 10.0 10.0 9.0 
1108447 1996 12 24 82 10.0 10.0 10.0 10.0 10.0 10.0 10.0 10.0 10.0 10.0 10.0 10.0 10.0 10.0 10.0 10.0 10.0 10.0 10.0 9.0 5.0 7.0 7.0 1.0 
1108447 1996 12 25 82 6.0 6.0 1.0 6.0 3.0 3.0 2.0 0.0 0.0 0.0 0.0 1.0 1.0 1.0 1.0 1.0 2.0 1.0 1.0 2.0 1.0 5.0 5.0 5.0 
1108447 1996 12 26 82 1.0 7.0 6.0 4.0 6.0 7.0 8.0 9.0 8.0 9.0 9.0 9.0 10.0 9.0 9.0 9.0 9.0 9.0 9.0 9.0 10.0 10.0 10.0 10.0 
1108447 1996 12 27 82 10.0 9.0 9.0 10.0 9.0 9.0 10.0 10.0 10.0 10.0 10.0 10.0 10.0 9.0 9.5 9.0 9.0 10.0 10.0 10.0 10.0 9.0 9.0 9.0 
1108447 1996 12 28 82 9.0 9.0 10.0 10.0 6.0 4.0 9.0 10.0 10.0 10.0 10.0 10.0 10.0 10.0 10.0 9.0 9.0 10.0 9.0 9.0 9.0 9.0 10.0 10.0 
1108447 1996 12 29 82 10.0 10.0 10.0 10.0 10.0 10.0 10.0 10.0 10.0 10.0 10.0 10.0 10.0 10.0 10.0 10.0 10.0 10.0 10.0 10.0 10.0 10.0 10.0 10.0 
1108447 1996 12 30 82 10.0 10.0 9.0 9.0 10.0 10.0 10.0 10.0 10.0 10.0 10.0 10.0 8.0 8.0 9.0 10.0 10.0 10.0 10.0 10.0 10.0 10.0 10.0 10.0 
1108447 1996 12 31 82 10.0 10.0 10.0 10.0 10.0 10.0 10.0 8.0 7.0 9.0 9.0 10.0 10.0 10.0 10.0 10.0 10.0 10.0 10.0 10.0 10.0 10.0 10.0 5.0 
1108447 1997 1 1 82 10.0 9.0 10.0 10.0 10.0 10.0 10.0 10.0 9.0 9.0 9.0 9.0 10.0 10.0 10.0 10.0 8.0 9.0 10.0 10.0 8.0 10.0 10.0 10.0 
1108447 1997 1 2 82 9.0 10.0 10.0 10.0 7.0 7.0 8.0 10.0 10.0 9.0 9.0 9.0 9.0 10.0 10.0 10.0 9.0 7.0 7.0 8.0 9.0 9.0 10.0 10.0 
1108447 1997 1 3 82 10.0 10.0 10.0 10.0 7.0 5.0 3.0 3.0 2.0 1.0 1.0 2.0 1.0 1.0 1.0 4.0 5.0 9.0 8.0 10.0 10.0 10.0 10.0 8.0 
1108447 1997 1 4 82 8.0 10.0 9.0 9.0 8.0 7.0 9.0 10.0 10.0 10.0 10.0 10.0 10.0 10.0 10.0 10.0 9.0 10.0 10.0 10.0 8.0 9.0 8.0 9.0 
1108447 1997 1 5 82 10.0 10.0 7.0 6.0 5.0 3.0 7.0 8.0 6.0 9.0 8.0 9.0 10.0 9.0 9.0 10.0 10.0 10.0 10.0 10.0 10.0 10.0 10.0 10.0 
1108447 1997 1 6 82 10.0 10.0 10.0 10.0 10.0 10.0 10.0 10.0 10.0 10.0 10.0 10.0 10.0 10.0 10.0 10.0 10.0 10.0 10.0 10.0 10.0 10.0 10.0 10.0 
1108447 1997 1 7 82 10.0 10.0 10.0 10.0 10.0 10.0 10.0 10.0 10.0 10.0 10.0 10.0 10.0 10.0 10.0 10.0 10.0 10.0 10.0 10.0 10.0 10.0 10.0 10.0 
1108447 1997 1 8 82 10.0 10.0 10.0 10.0 10.0 10.0 10.0 10.0 10.0 10.0 10.0 10.0 10.0 10.0 10.0 10.0 10.0 10.0 10.0 10.0 10.0 10.0 10.0 10.0 
1108447 1997 1 9 82 10.0 10.0 10.0 10.0 10.0 10.0 10.0 10.0 10.0 10.0 10.0 10.0 10.0 10.0 10.0 10.0 10.0 10.0 10.0 10.0 10.0 10.0 10.0 10.0 
1108447 1997 1 10 82 10.0 10.0 10.0 10.0 10.0 10.0 10.0 10.0 10.0 10.0 10.0 10.0 10.0 10.0 10.0 10.0 10.0 10.0 10.0 10.0 10.0 10.0 10.0 10.0 
1108447 1997 1 11 82 10.0 9.0 3.0 9.0 10.0 10.0 10.0 10.0 10.0 10.0 10.0 5.0 10.0 7.0 7.0 5.0 7.0 10.0 10.0 10.0 10.0 10.0 10.0 10.0 
1108447 1997 1 12 82 10.0 10.0 10.0 10.0 10.0 10.0 10.0 10.0 10.0 10.0 10.0 10.0 7.0 1.0 0.0 1.0 0.0 0.0 0.0 0.0 0.0 0.0 0.0 0.0 
1108447 1997 1 13 82 0.0 0.0 0.0 2.0 0.0 1.0 2.0 8.0 2.0 7.0 3.0 2.0 2.0 1.0 1.0 1.0 0.0 1.0 0.0 0.0 0.0 0.0 0.0 0.0 
1108447 1997 1 14 82 0.0 0.0 0.0 0.0 0.0 0.0 0.0 0.0 1.0 4.0 3.0 2.0 3.0 3.0 3.0 2.0 1.0 1.0 0.0 0.0 0.0 0.0 0.0 0.0 
1108447 1997 1 15 82 0.0 0.0 2.0 0.0 1.0 0.0 0.0 0.0 0.0 0.0 0.0 0.0 0.0 0.0 1.0 0.0 1.0 1.0 1.0 1.0 1.0 1.0 0.0 0.0 
1108447 1997 1 16 82 0.0 0.0 0.0 0.0 0.0 0.0 5.0 3.0 9.0 10.0 10.0 10.0 10.0 10.0 10.0 10.0 10.0 10.0 10.0 10.0 10.0 10.0 10.0 10.0 
1108447 1997 1 17 82 10.0 10.0 10.0 10.0 10.0 10.0 10.0 10.0 10.0 10.0 10.0 10.0 10.0 10.0 10.0 10.0 10.0 10.0 10.0 10.0 10.0 10.0 10.0 10.0 
1108447 1997 1 18 82 10.0 10.0 10.0 10.0 10.0 10.0 10.0 10.0 10.0 10.0 10.0 10.0 10.0 10.0 10.0 10.0 10.0 10.0 10.0 10.0 10.0 10.0 10.0 10.0 
1108447 1997 1 19 82 10.0 10.0 10.0 10.0 10.0 10.0 10.0 10.0 10.0 10.0 10.0 9.0 10.0 10.0 10.0 10.0 10.0 10.0 10.0 10.0 10.0 10.0 10.0 10.0 
1108447 1997 1 20 82 10.0 10.0 10.0 10.0 10.0 10.0 10.0 10.0 10.0 10.0 10.0 10.0 10.0 10.0 10.0 9.0 9.0 10.0 10.0 10.0 10.0 10.0 5.0 7.0 
1108447 1997 1 21 82 8.0 5.0 5.0 10.0 10.0 10.0 10.0 10.0 10.0 10.0 10.0 10.0 9.0 9.0 9.0 8.0 9.0 8.0 8.0 9.0 9.0 10.0 10.0 10.0 
1108447 1997 1 22 82 10.0 10.0 10.0 10.0 10.0 10.0 10.0 10.0 10.0 9.0 9.0 9.0 9.0 9.0 9.0 10.0 10.0 10.0 10.0 10.0 10.0 10.0 9.0 9.0 
1108447 1997 1 23 82 4.0 7.0 10.0 10.0 8.0 4.0 3.0 7.0 7.0 7.0 8.0 7.0 7.0 3.0 1.0 1.0 4.0 7.0 7.0 9.0 10.0 9.0 8.0 4.0 
1108447 1997 1 24 82 4.0 3.0 3.0 3.0 4.0 4.0 3.0 3.0 1.0 1.0 1.0 3.0 2.0 3.0 4.0 6.0 4.0 6.0 4.0 4.0 7.0 5.0 9.0 7.0 
1108447 1997 1 25 82 5.0 4.0 4.0 2.0 4.0 1.0 0.0 1.0 5.0 5.0 3.0 4.0 5.0 5.0 7.0 5.0 5.0 7.0 4.0 7.0 8.0 8.0 8.0 8.0 
1108447 1997 1 26 82 7.0 7.0 5.0 4.0 3.0 2.0 5.0 4.0 3.0 7.0 9.0 10.0 10.0 10.0 10.0 10.0 10.0 7.0 7.0 6.0 6.0 6.0 5.0 4.0 
1108447 1997 1 27 82 4.0 5.0 6.0 7.0 7.0 8.0 8.0 7.0 10.0 10.0 10.0 10.0 10.0 10.0 10.0 10.0 10.0 10.0 10.0 10.0 10.0 10.0 10.0 10.0 
1108447 1997 1 28 82 10.0 10.0 10.0 10.0 10.0 10.0 10.0 10.0 10.0 10.0 10.0 10.0 10.0 10.0 10.0 10.0 10.0 10.0 10.0 10.0 10.0 10.0 10.0 10.0 
1108447 1997 1 29 82 10.0 10.0 10.0 10.0 10.0 10.0 10.0 10.0 10.0 10.0 10.0 10.0 10.0 10.0 10.0 10.0 10.0 10.0 10.0 10.0 10.0 10.0 10.0 10.0 
1108447 1997 1 30 82 10.0 10.0 10.0 10.0 10.0 10.0 10.0 9.0 8.0 8.0 8.0 8.0 4.0 6.0 8.0 8.0 9.0 8.0 9.0 10.0 10.0 10.0 10.0 10.0 
1108447 1997 1 31 82 10.0 10.0 8.0 7.0 6.0 8.0 5.0 8.0 5.0 8.0 4.0 2.0 2.0 8.0 6.0 2.0 1.0 4.0 7.0 7.0 9.0 10.0 10.0 10.0 
1108447 1997 2 1 82 10.0 10.0 10.0 10.0 10.0 10.0 10.0 10.0 10.0 6.0 2.0 8.0 9.0 9.0 6.0 5.0 3.0 8.0 9.0 9.0 9.0 9.0 7.0 6.0 
1108447 1997 2 2 82 2.0 1.0 2.0 2.0 2.0 1.0 2.0 2.0 5.0 8.0 9.0 9.0 10.0 10.0 10.0 10.0 9.0 10.0 8.0 7.0 4.0 4.0 6.0 6.0 
1108447 1997 2 3 82 7.0 6.0 8.0 8.0 5.0 5.0 3.0 2.0 9.0 8.0 4.0 3.0 3.0 3.0 9.0 10.0 10.0 10.0 5.0 2.0 2.0 2.0 2.0 2.0 
1108447 1997 2 4 82 0.0 0.0 0.0 0.0 0.0 0.0 0.0 1.0 2.0 1.0 3.0 2.0 3.0 1.0 1.0 3.0 3.0 3.0 2.0 2.0 2.0 1.0 0.0 0.0 
1108447 1997 2 5 82 0.0 0.0 0.0 0.0 0.0 0.0 0.0 2.0 4.0 2.0 2.0 1.0 1.0 1.0 1.0 1.0 1.0 3.0 2.0 1.0 2.0 2.0 2.0 2.0 
1108447 1997 2 6 82 0.0 0.0 0.0 0.0 0.0 3.0 3.0 6.0 6.0 8.0 8.0 9.0 8.0 9.0 9.0 9.0 8.0 8.0 9.0 9.0 9.0 10.0 10.0 10.0 
1108447 1997 2 7 82 10.0 10.0 10.0 10.0 10.0 10.0 10.0 9.0 9.0 9.0 9.0 9.0 9.0 9.0 6.0 6.0 9.0 8.0 8.0 8.0 9.0 7.0 9.0 9.0 
1108447 1997 2 8 82 8.0 8.0 10.0 10.0 10.0 10.0 10.0 10.0 10.0 10.0 10.0 10.0 10.0 10.0 10.0 10.0 10.0 10.0 10.0 9.0 9.0 10.0 7.0 9.0 
1108447 1997 2 9 82 9.0 10.0 10.0 7.0 3.0 1.0 1.0 1.0 9.0 9.0 10.0 10.0 10.0 10.0 10.0 10.0 10.0 10.0 10.0 10.0 10.0 10.0 10.0 10.0 
1108447 1997 2 10 82 10.0 10.0 10.0 10.0 8.0 10.0 8.0 7.0 7.0 9.0 9.0 10.0 10.0 10.0 10.0 10.0 10.0 7.0 6.0 6.0 8.0 4.0 3.0 10.0 
1108447 1997 2 11 82 10.0 7.0 9.0 10.0 10.0 10.0 10.0 10.0 10.0 10.0 10.0 10.0 10.0 10.0 10.0 10.0 10.0 10.0 10.0 10.0 10.0 10.0 10.0 10.0 
1108447 1997 2 12 82 10.0 10.0 10.0 10.0 10.0 10.0 10.0 9.0 9.0 5.0 3.0 4.0 4.0 4.0 5.0 5.0 7.0 8.0 8.0 9.0 9.0 10.0 10.0 10.0 
1108447 1997 2 13 82 10.0 10.0 10.0 10.0 10.0 10.0 10.0 10.0 10.0 10.0 10.0 10.0 10.0 10.0 10.0 10.0 10.0 10.0 10.0 10.0 10.0 10.0 10.0 10.0 
1108447 1997 2 14 82 10.0 10.0 10.0 10.0 10.0 10.0 10.0 10.0 10.0 10.0 10.0 10.0 10.0 10.0 10.0 10.0 10.0 10.0 10.0 10.0 10.0 10.0 10.0 10.0 
1108447 1997 2 15 82 10.0 10.0 10.0 10.0 10.0 10.0 10.0 9.0 10.0 10.0 10.0 9.0 9.0 9.0 8.0 9.0 8.0 8.0 8.0 8.0 9.0 9.0 10.0 9.0 
1108447 1997 2 16 82 9.0 10.0 10.0 10.0 10.0 10.0 10.0 9.0 10.0 10.0 10.0 10.0 10.0 10.0 10.0 10.0 10.0 10.0 10.0 10.0 10.0 10.0 10.0 10.0 
1108447 1997 2 17 82 10.0 10.0 10.0 10.0 10.0 10.0 9.0 9.0 7.0 7.0 8.0 5.0 6.0 6.0 6.0 7.0 9.0 9.0 9.0 7.0 8.0 5.0 5.0 8.0 
1108447 1997 2 18 82 9.0 9.0 8.0 9.0 9.0 8.0 9.0 10.0 10.0 10.0 10.0 10.0 10.0 10.0 10.0 10.0 10.0 10.0 10.0 10.0 10.0 10.0 10.0 10.0 
1108447 1997 2 19 82 10.0 10.0 10.0 10.0 9.0 9.0 8.0 8.0 9.0 10.0 10.0 9.0 9.0 9.0 8.0 8.0 9.0 9.0 10.0 10.0 10.0 10.0 10.0 10.0 
1108447 1997 2 20 82 10.0 9.0 5.0 2.0 2.0 3.0 2.0 5.0 4.0 4.0 7.0 7.0 8.0 4.0 4.0 7.0 6.0 9.0 8.0 9.0 9.0 5.0 8.0 8.0 
1108447 1997 2 21 82 9.0 9.0 10.0 10.0 10.0 10.0 10.0 10.0 10.0 10.0 7.0 3.0 2.0 2.0 3.0 4.0 5.0 5.0 5.0 5.0 4.0 4.0 4.0 4.0 
1108447 1997 2 22 82 6.0 0.0 3.0 4.0 4.0 4.0 3.0 2.0 1.0 2.0 6.0 6.0 5.0 4.0 4.0 2.0 2.0 3.0 4.0 4.0 4.0 6.0 4.0 7.0 
1108447 1997 2 23 82 7.0 5.0 7.0 9.0 7.0 5.0 5.0 5.0 5.0 5.0 5.0 5.0 5.0 4.0 4.0 4.0 4.0 4.0 4.0 4.0 4.0 4.0 4.0 2.0 
1108447 1997 2 24 82 0.0 0.0 1.0 0.0 0.0 0.0 0.0 0.0 1.0 1.0 1.0 2.0 8.0 9.0 6.0 8.0 8.0 8.0 9.0 8.0 8.0 10.0 10.0 10.0 
1108447 1997 2 25 82 10.0 10.0 10.0 7.0 5.0 2.0 6.0 4.0 6.0 9.0 10.0 10.0 10.0 10.0 10.0 10.0 10.0 10.0 10.0 10.0 10.0 10.0 10.0 10.0 
1108447 1997 2 26 82 9.0 10.0 10.0 10.0 9.0 10.0 9.0 8.0 3.0 3.0 1.0 3.0 3.0 7.0 9.0 9.0 9.0 9.0 9.0 8.0 7.0 5.0 5.0 1.0 
1108447 1997 2 27 82 1.0 4.0 8.0 6.0 9.0 9.0 8.0 2.0 2.0 2.0 1.0 1.0 1.0 1.0 2.0 1.0 1.0 0.0 1.0 1.0 0.0 0.0 0.0 0.0 
1108447 1997 2 28 82 0.0 1.0 1.0 7.0 9.0 2.0 2.0 5.0 10.0 10.0 10.0 10.0 10.0 10.0 10.0 10.0 10.0 10.0 10.0 10.0 10.0 10.0 10.0 10.0 
1108447 1997 3 1 82 10.0 10.0 10.0 10.0 10.0 10.0 6.0 7.5 9.5 10.0 10.0 10.0 10.0 10.0 6.0 8.0 10.0 10.0 9.0 10.0 10.0 10.0 10.0 10.0 
1108447 1997 3 2 82 8.0 8.0 10.0 10.0 10.0 10.0 10.0 10.0 9.0 10.0 10.0 10.0 10.0 10.0 10.0 10.0 10.0 10.0 6.0 9.0 7.0 3.0 2.0 5.0 
1108447 1997 3 3 82 8.0 8.0 5.0 7.0 10.0 10.0 10.0 9.0 10.0 10.0 10.0 10.0 10.0 9.0 9.0 9.0 9.0 10.0 9.0 8.0 3.0 2.0 1.0 2.0 
1108447 1997 3 4 82 3.0 2.0 2.0 2.0 2.0 2.0 3.0 7.0 8.0 8.0 9.0 9.0 9.0 7.0 8.0 9.0 10.0 10.0 10.0 10.0 10.0 10.0 10.0 10.0 
1108447 1997 3 5 82 10.0 9.0 9.0 9.0 10.0 10.0 10.0 10.0 10.0 10.0 10.0 10.0 10.0 10.0 10.0 10.0 10.0 10.0 10.0 10.0 10.0 10.0 10.0 10.0 
1108447 1997 3 6 82 10.0 10.0 10.0 10.0 10.0 10.0 10.0 10.0 10.0 10.0 10.0 10.0 9.0 10.0 10.0 10.0 10.0 10.0 10.0 10.0 10.0 10.0 10.0 10.0 
1108447 1997 3 7 82 10.0 10.0 7.0 10.0 10.0 4.0 6.0 7.0 8.0 8.0 8.0 6.0 7.0 6.0 5.0 7.0 8.0 8.0 8.0 8.0 9.0 9.0 10.0 4.0 
1108447 1997 3 8 82 4.0 3.0 5.0 3.0 3.0 3.0 2.0 4.0 4.0 10.0 10.0 10.0 10.0 10.0 10.0 10.0 10.0 10.0 10.0 10.0 10.0 10.0 10.0 10.0 
1108447 1997 3 9 82 10.0 10.0 10.0 10.0 10.0 10.0 10.0 10.0 10.0 10.0 10.0 10.0 8.0 8.0 8.0 8.0 8.0 8.0 8.0 8.0 5.0 7.0 7.0 7.0 
1108447 1997 3 10 82 5.0 2.0 2.0 5.0 5.0 3.0 7.0 4.0 4.0 3.0 4.0 5.0 3.0 3.0 3.0 2.0 2.0 1.0 1.0 1.0 1.0 2.0 6.0 6.0 
1108447 1997 3 11 82 9.0 9.0 10.0 10.0 10.0 10.0 10.0 5.0 9.0 10.0 10.0 10.0 10.0 9.0 8.0 8.0 10.0 9.0 10.0 10.0 10.0 10.0 10.0 10.0 
1108447 1997 3 12 82 10.0 7.0 6.0 7.0 8.0 8.0 9.0 9.0 9.0 10.0 9.0 9.0 8.0 8.0 8.0 8.0 8.0 8.0 8.0 8.0 9.0 10.0 10.0 10.0 
1108447 1997 3 13 82 10.0 10.0 10.0 10.0 10.0 10.0 9.0 9.0 10.0 10.0 10.0 10.0 10.0 10.0 10.0 10.0 8.0 4.0 4.0 2.0 3.0 2.0 1.0 1.0 
1108447 1997 3 14 82 1.0 0.0 0.0 7.0 9.0 5.0 4.0 1.0 2.0 0.0 0.0 2.0 2.0 2.0 2.0 3.0 8.0 8.0 8.0 9.0 8.0 7.0 7.0 8.0 
1108447 1997 3 15 82 10.0 10.0 10.0 10.0 10.0 10.0 10.0 10.0 10.0 10.0 10.0 10.0 10.0 10.0 10.0 10.0 10.0 10.0 10.0 10.0 10.0 10.0 10.0 10.0 
1108447 1997 3 16 82 10.0 10.0 10.0 9.0 5.0 7.0 9.0 7.0 6.0 5.0 7.0 8.0 8.0 8.0 9.0 9.0 9.0 9.0 6.0 7.0 9.0 9.0 10.0 10.0 
1108447 1997 3 17 82 10.0 10.0 10.0 9.0 10.0 10.0 10.0 10.0 10.0 10.0 10.0 9.0 10.0 10.0 10.0 10.0 10.0 10.0 10.0 10.0 10.0 10.0 10.0 10.0 
1108447 1997 3 18 82 10.0 10.0 10.0 10.0 10.0 10.0 10.0 10.0 10.0 10.0 10.0 10.0 10.0 10.0 10.0 10.0 10.0 10.0 10.0 10.0 10.0 10.0 10.0 10.0 
1108447 1997 3 19 82 10.0 10.0 10.0 10.0 10.0 10.0 10.0 10.0 10.0 10.0 10.0 10.0 10.0 10.0 10.0 10.0 10.0 10.0 10.0 10.0 10.0 9.0 8.0 5.0 
1108447 1997 3 20 82 4.0 5.0 4.0 7.0 8.0 8.0 9.0 4.0 9.0 9.0 8.0 3.0 3.0 3.0 6.0 4.0 2.0 3.0 5.0 6.0 7.0 7.0 5.0 0.0 
1108447 1997 3 21 82 0.0 0.0 0.0 0.0 1.0 2.0 8.0 9.0 10.0 10.0 10.0 10.0 10.0 10.0 10.0 10.0 10.0 9.0 9.0 5.0 5.0 4.0 4.0 4.0 
1108447 1997 3 22 82 3.0 7.0 6.0 8.0 8.0 8.0 9.0 9.0 10.0 10.0 10.0 10.0 10.0 10.0 10.0 10.0 9.0 9.0 9.0 9.0 10.0 10.0 10.0 8.0 
1108447 1997 3 23 82 9.0 8.0 7.0 5.0 9.0 5.0 7.0 5.0 4.0 4.0 4.0 6.0 3.0 7.0 8.0 5.0 3.0 4.0 5.0 5.0 5.0 9.0 9.0 9.0 
1108447 1997 3 24 82 9.0 9.0 9.0 9.0 9.0 9.0 9.0 10.0 10.0 10.0 10.0 10.0 10.0 10.0 10.0 10.0 10.0 10.0 10.0 10.0 10.0 10.0 10.0 10.0 
1108447 1997 3 25 82 10.0 10.0 10.0 9.0 9.0 9.0 9.0 9.0 9.0 7.0 9.0 8.0 9.0 9.0 10.0 10.0 10.0 10.0 9.0 10.0 10.0 7.0 7.0 9.0 
1108447 1997 3 26 82 7.0 8.0 9.0 8.0 6.0 8.0 8.0 9.0 9.0 10.0 10.0 10.0 10.0 10.0 9.0 8.0 5.0 9.0 7.0 9.0 7.0 8.0 9.0 9.0 
1108447 1997 3 27 82 6.0 8.0 3.0 5.0 8.0 6.0 6.0 6.0 8.0 9.0 10.0 10.0 10.0 10.0 10.0 10.0 10.0 10.0 10.0 10.0 10.0 10.0 10.0 8.0 
1108447 1997 3 28 82 10.0 6.0 3.0 2.0 1.0 2.0 6.0 8.0 4.0 4.0 3.0 2.0 2.0 5.0 10.0 10.0 10.0 10.0 10.0 10.0 10.0 10.0 10.0 10.0 
1108447 1997 3 29 82 10.0 10.0 10.0 10.0 10.0 10.0 10.0 10.0 10.0 10.0 10.0 10.0 10.0 10.0 10.0 10.0 10.0 10.0 10.0 10.0 10.0 10.0 10.0 10.0 
1108447 1997 3 30 82 10.0 10.0 10.0 10.0 10.0 10.0 9.0 9.0 9.0 9.0 9.0 9.0 9.0 9.0 9.0 9.0 9.0 6.0 6.0 9.0 10.0 10.0 10.0 10.0 
1108447 1997 3 31 82 10.0 10.0 10.0 10.0 10.0 10.0 10.0 9.0 9.0 8.0 7.0 5.0 4.0 4.0 5.0 4.0 1.0 1.0 3.0 0.0 0.0 0.0 0.0 0.0 
1108447 1997 4 1 82 0.0 0.0 0.0 0.0 0.0 0.0 4.0 3.0 5.0 0.0 1.0 1.0 0.0 0.0 0.0 2.0 2.0 3.0 3.0 5.0 6.0 3.0 2.0 1.0 
1108447 1997 4 2 82 1.0 2.0 0.0 2.0 2.0 6.0 7.0 10.0 9.0 10.0 9.0 10.0 10.0 8.0 6.0 4.0 4.0 9.0 9.0 10.0 10.0 10.0 7.0 8.0 
1108447 1997 4 3 82 8.0 9.0 7.0 9.0 8.0 7.0 4.0 2.0 0.0 0.0 1.0 1.0 1.0 3.0 6.0 5.0 6.0 2.0 1.0 1.0 0.0 0.0 0.0 0.0 
1108447 1997 4 4 82 0.0 0.0 0.0 0.0 0.0 0.0 1.0 0.0 0.0 0.0 0.0 0.0 0.0 0.0 0.0 0.0 0.0 0.0 0.0 0.0 0.0 0.0 0.0 0.0 
1108447 1997 4 5 82 0.0 0.0 0.0 0.0 0.0 0.0 2.0 1.0 1.0 1.0 1.0 1.0 1.0 1.0 1.0 1.0 1.0 1.0 1.0 1.0 0.0 0.0 0.0 0.0 
1108447 1997 4 6 82 0.0 0.0 0.0 0.0 0.0 0.0 0.0 0.0 0.0 0.0 0.0 0.0 0.0 0.0 0.0 1.0 1.0 1.0 1.0 1.0 0.0 0.0 0.0 0.0 
1108447 1997 4 7 82 0.0 0.0 0.0 0.0 0.0 0.0 0.0 0.0 0.0 1.0 1.0 1.0 1.0 1.0 2.0 4.0 8.0 8.0 3.0 2.0 6.0 3.0 3.0 4.0 
1108447 1997 4 8 82 4.0 6.0 8.0 7.0 10.0 9.0 9.0 10.0 10.0 9.0 9.0 9.0 8.0 7.0 5.0 10.0 10.0 10.0 9.0 3.0 3.0 0.0 0.0 0.0 
1108447 1997 4 9 82 0.0 0.0 0.0 2.0 2.0 9.0 10.0 10.0 10.0 10.0 10.0 8.0 4.0 4.0 4.0 3.0 4.0 2.0 3.0 3.0 3.0 3.0 3.0 2.0 
1108447 1997 4 10 82 2.0 4.0 5.0 7.0 8.0 8.0 4.0 3.0 2.0 4.0 3.0 3.0 2.0 3.0 4.0 2.0 1.0 0.0 0.0 0.0 0.0 0.0 0.0 0.0 
1108447 1997 4 11 82 0.0 0.0 0.0 0.0 0.0 0.0 2.0 5.0 7.0 7.0 8.0 8.0 9.0 9.0 10.0 8.0 10.0 9.0 8.0 10.0 9.0 9.0 6.0 7.0 
1108447 1997 4 12 82 7.0 7.0 7.0 5.0 8.0 10.0 9.0 10.0 10.0 10.0 9.0 9.0 9.0 9.0 9.0 9.0 10.0 10.0 10.0 10.0 10.0 10.0 10.0 10.0 
1108447 1997 4 13 82 10.0 10.0 10.0 10.0 10.0 10.0 9.0 9.0 6.0 3.0 4.0 5.0 7.0 8.0 8.0 8.0 9.0 9.0 9.0 9.0 9.0 10.0 10.0 10.0 
1108447 1997 4 14 82 10.0 8.0 8.0 9.0 10.0 10.0 10.0 10.0 10.0 10.0 10.0 10.0 10.0 10.0 10.0 10.0 10.0 10.0 10.0 10.0 10.0 10.0 10.0 10.0 
1108447 1997 4 15 82 10.0 10.0 10.0 10.0 10.0 10.0 10.0 9.0 10.0 10.0 10.0 10.0 10.0 10.0 10.0 10.0 10.0 10.0 10.0 10.0 10.0 10.0 10.0 10.0 
1108447 1997 4 16 82 10.0 10.0 10.0 10.0 10.0 10.0 9.0 9.0 9.0 5.0 4.0 5.0 4.0 6.0 5.0 5.0 4.0 6.0 7.0 8.0 9.0 9.0 6.0 6.0 
1108447 1997 4 17 82 5.0 4.0 1.0 1.0 1.0 3.0 4.0 5.0 5.0 8.0 7.0 5.0 5.0 5.0 5.0 4.0 5.0 7.0 3.0 5.0 4.0 3.0 4.0 3.0 
1108447 1997 4 18 82 3.0 2.0 1.0 2.0 1.0 10.0 10.0 10.0 10.0 10.0 10.0 10.0 10.0 10.0 10.0 10.0 9.0 7.0 3.0 3.0 2.0 1.0 1.0 3.0 
1108447 1997 4 19 82 5.0 4.0 4.0 2.0 4.0 9.0 9.0 9.0 10.0 10.0 10.0 10.0 10.0 10.0 10.0 10.0 10.0 10.0 10.0 10.0 10.0 10.0 10.0 10.0 
1108447 1997 4 20 82 10.0 10.0 10.0 10.0 10.0 10.0 9.0 8.0 8.0 7.0 3.0 3.0 5.0 9.0 4.0 4.0 3.0 2.0 2.0 2.0 2.0 2.0 2.0 2.0 
1108447 1997 4 21 82 0.0 0.0 0.0 0.0 2.0 1.0 1.0 1.0 1.0 1.0 1.0 1.0 1.0 0.0 0.0 0.0 0.0 0.0 0.0 1.0 1.0 0.0 0.0 0.0 
1108447 1997 4 22 82 0.0 0.0 0.0 0.0 0.0 0.0 0.0 0.0 0.0 0.0 0.0 1.0 8.0 10.0 10.0 10.0 10.0 10.0 10.0 10.0 10.0 10.0 10.0 10.0 
1108447 1997 4 23 82 7.0 3.0 3.0 5.0 9.0 6.0 4.0 4.0 4.0 6.0 5.0 4.0 3.0 4.0 2.0 3.0 5.0 5.0 5.0 4.0 4.0 4.0 3.0 2.0 
1108447 1997 4 24 82 8.0 4.0 2.0 0.0 8.0 7.0 3.0 1.0 1.0 2.0 3.0 4.0 7.0 10.0 10.0 10.0 10.0 10.0 10.0 10.0 10.0 10.0 10.0 10.0 
1108447 1997 4 25 82 9.0 10.0 10.0 10.0 10.0 10.0 10.0 10.0 10.0 10.0 10.0 9.0 10.0 10.0 10.0 10.0 10.0 10.0 10.0 10.0 10.0 10.0 10.0 10.0 
1108447 1997 4 26 82 10.0 10.0 10.0 10.0 9.0 8.0 8.0 9.0 9.0 7.0 9.0 9.0 8.0 9.0 9.0 10.0 10.0 10.0 10.0 9.0 8.0 8.0 8.0 7.0 
1108447 1997 4 27 82 8.0 7.0 4.0 6.0 2.0 1.0 1.0 3.0 3.0 9.0 9.0 9.0 8.0 9.0 10.0 10.0 10.0 9.0 10.0 9.0 8.0 4.0 8.0 7.0 
1108447 1997 4 28 82 7.0 9.0 10.0 10.0 10.0 10.0 10.0 10.0 10.0 10.0 10.0 10.0 10.0 10.0 10.0 10.0 10.0 9.0 10.0 10.0 10.0 10.0 10.0 10.0 
1108447 1997 4 29 82 10.0 5.0 7.0 3.0 3.0 3.0 2.0 4.0 2.0 3.0 3.0 2.0 2.0 2.0 3.0 4.0 4.0 6.0 3.0 9.0 8.0 5.0 7.0 8.0 
1108447 1997 4 30 82 7.0 7.0 9.0 7.0 10.0 9.0 9.0 9.0 10.0 10.0 10.0 10.0 10.0 10.0 10.0 10.0 10.0 10.0 10.0 10.0 10.0 10.0 10.0 10.0 
1108447 1997 5 1 82 10.0 10.0 10.0 10.0 9.0 10.0 7.0 5.0 4.0 3.0 3.0 2.0 2.0 2.0 2.0 2.0 2.0 2.0 1.0 1.0 0.0 0.0 0.0 0.0 
1108447 1997 5 2 82 0.0 0.0 0.0 0.0 0.0 8.0 8.0 10.0 10.0 10.0 10.0 10.0 10.0 10.0 9.0 9.0 9.0 9.0 9.0 10.0 10.0 10.0 10.0 10.0 
1108447 1997 5 3 82 10.0 10.0 10.0 10.0 10.0 10.0 9.0 7.0 9.0 9.0 10.0 8.0 7.0 8.0 8.0 9.0 10.0 10.0 10.0 10.0 10.0 10.0 10.0 10.0 
1108447 1997 5 4 82 10.0 10.0 10.0 10.0 10.0 10.0 9.0 10.0 10.0 10.0 9.0 10.0 10.0 10.0 9.0 10.0 10.0 10.0 10.0 10.0 10.0 10.0 10.0 10.0 
1108447 1997 5 5 82 10.0 10.0 10.0 10.0 10.0 10.0 10.0 10.0 10.0 10.0 10.0 10.0 10.0 9.0 9.0 10.0 10.0 10.0 8.0 7.0 6.0 6.0 9.0 9.0 
1108447 1997 5 6 82 8.0 4.0 3.0 5.0 9.0 9.0 9.0 9.0 10.0 10.0 10.0 10.0 10.0 10.0 10.0 9.0 8.0 7.0 6.0 7.0 8.0 7.0 7.0 5.0 
1108447 1997 5 7 82 4.0 3.0 7.0 7.0 9.0 8.0 8.0 8.0 7.0 7.0 5.0 5.0 7.0 7.0 6.0 9.0 9.0 8.0 7.0 8.0 0.0 0.0 0.0 0.0 
1108447 1997 5 8 82 0.0 0.0 0.0 0.0 0.0 2.0 2.0 8.0 8.0 3.0 2.0 3.0 6.0 8.0 8.0 9.0 6.0 9.0 9.0 9.0 8.0 8.0 7.0 8.0 
1108447 1997 5 9 82 7.0 7.0 9.0 7.0 7.0 8.0 10.0 9.0 5.0 2.0 2.0 3.0 3.0 5.0 6.0 6.0 6.0 7.0 7.0 8.0 6.0 4.0 3.0 2.0 
1108447 1997 5 10 82 0.0 0.0 0.0 0.0 2.0 5.0 5.0 6.0 6.0 7.0 6.0 4.0 2.0 3.0 4.0 4.0 4.0 3.0 4.0 4.0 3.0 3.0 2.0 1.0 
1108447 1997 5 11 82 1.0 0.0 0.0 1.0 3.0 5.0 7.0 5.0 6.0 5.0 5.0 4.0 4.0 3.0 3.0 2.0 1.0 0.0 0.0 0.0 0.0 0.0 0.0 0.0 
1108447 1997 5 12 82 0.0 0.0 0.0 0.0 0.0 0.0 0.0 0.0 0.0 0.0 1.0 1.0 2.0 4.0 6.0 9.0 9.0 10.0 10.0 9.0 9.0 9.0 4.0 7.0 
1108447 1997 5 13 82 7.0 8.0 7.0 6.0 6.0 2.0 0.0 0.0 0.0 0.0 0.0 0.0 0.0 0.0 3.0 7.0 6.0 6.0 7.0 10.0 10.0 10.0 10.0 10.0 
1108447 1997 5 14 82 10.0 10.0 10.0 10.0 10.0 8.0 6.0 4.0 3.0 2.0 2.0 6.0 3.0 4.0 7.0 7.0 8.0 8.0 8.0 7.0 5.0 3.0 8.0 7.0 
1108447 1997 5 15 82 9.0 10.0 6.0 5.0 9.0 10.0 9.0 9.0 9.0 7.0 4.0 2.0 3.0 5.0 7.0 7.0 5.0 5.0 5.0 4.0 3.0 3.0 3.0 2.0 
1108447 1997 5 16 82 4.0 4.0 4.0 3.0 4.0 4.0 4.0 3.0 3.0 2.0 4.0 2.0 2.0 2.0 3.0 1.0 2.0 1.0 1.0 1.0 1.0 1.0 0.0 0.0 
1108447 1997 5 17 82 0.0 0.0 0.0 0.0 2.0 0.0 1.0 1.0 2.0 2.0 2.0 2.0 2.0 3.0 3.0 1.0 0.0 0.0 0.0 0.0 0.0 0.0 0.0 0.0 
1108447 1997 5 18 82 0.0 0.0 0.0 0.0 0.0 0.0 1.0 0.0 0.0 0.0 1.0 1.0 2.0 3.0 3.0 3.0 4.0 4.0 4.0 5.0 1.0 1.0 3.0 4.0 
1108447 1997 5 19 82 4.0 4.0 4.0 4.0 4.0 4.0 5.0 3.0 2.0 2.0 2.0 1.0 1.0 2.0 5.0 7.0 6.0 5.0 4.0 4.0 5.0 5.0 5.0 4.0 
1108447 1997 5 20 82 4.0 4.0 8.0 9.0 9.0 9.0 9.0 9.0 8.0 8.0 9.0 10.0 9.0 9.0 5.0 5.0 5.0 4.0 7.0 6.0 7.0 5.0 5.0 8.0 
1108447 1997 5 21 82 8.0 9.0 9.0 9.0 9.0 10.0 10.0 10.0 9.0 10.0 10.0 9.0 10.0 9.0 9.0 9.0 7.0 8.0 8.0 8.0 8.0 9.0 10.0 10.0 
1108447 1997 5 22 82 10.0 10.0 10.0 9.0 7.0 8.0 9.0 9.0 4.0 8.0 8.0 3.0 5.0 2.0 3.0 3.0 3.0 3.0 3.0 3.0 3.0 3.0 5.0 9.0 
1108447 1997 5 23 82 10.0 10.0 10.0 10.0 10.0 10.0 10.0 10.0 10.0 10.0 10.0 10.0 10.0 10.0 9.0 9.0 9.0 8.0 5.0 4.0 3.0 3.0 2.0 3.0 
1108447 1997 5 24 82 1.0 3.0 5.0 8.0 9.0 8.0 9.0 9.0 9.0 7.0 7.0 9.0 8.0 7.0 6.0 6.0 6.0 6.0 6.0 5.0 5.0 4.0 9.0 4.0 
1108447 1997 5 25 82 2.0 6.0 9.0 9.0 10.0 9.0 9.0 9.0 8.0 7.0 6.0 7.0 9.0 8.0 9.0 8.0 9.0 9.0 8.0 8.0 8.0 9.0 9.0 8.0 
1108447 1997 5 26 82 10.0 10.0 10.0 10.0 10.0 10.0 10.0 10.0 10.0 10.0 10.0 10.0 9.0 10.0 10.0 10.0 10.0 10.0 9.0 9.0 8.0 9.0 8.0 7.0 
1108447 1997 5 27 82 5.0 4.0 5.0 7.0 7.0 7.0 9.0 9.0 7.0 9.0 9.0 10.0 10.0 10.0 10.0 10.0 10.0 10.0 10.0 10.0 10.0 10.0 10.0 10.0 
1108447 1997 5 28 82 10.0 10.0 10.0 10.0 10.0 9.0 9.0 9.0 9.0 10.0 10.0 10.0 10.0 10.0 10.0 10.0 10.0 10.0 10.0 10.0 10.0 10.0 10.0 10.0 
1108447 1997 5 29 82 10.0 10.0 10.0 10.0 10.0 10.0 10.0 10.0 10.0 10.0 10.0 10.0 9.0 8.0 8.0 7.0 7.0 9.0 9.0 9.0 9.0 9.0 9.0 6.0 
1108447 1997 5 30 82 8.0 8.0 9.0 8.0 9.0 9.0 10.0 10.0 10.0 10.0 10.0 10.0 10.0 10.0 10.0 10.0 10.0 10.0 10.0 10.0 10.0 10.0 10.0 10.0 
1108447 1997 5 31 82 10.0 10.0 10.0 10.0 10.0 10.0 10.0 10.0 10.0 10.0 10.0 10.0 9.0 9.0 9.0 9.0 9.0 7.0 3.0 2.0 4.0 9.0 9.0 9.0 
1108447 1997 6 1 82 10.0 4.0 4.0 6.0 5.0 9.0 9.0 9.0 9.0 9.0 9.0 9.0 9.0 10.0 9.0 10.0 9.0 9.0 9.0 10.0 10.0 10.0 10.0 10.0 
1108447 1997 6 2 82 10.0 10.0 8.0 7.0 8.0 9.0 10.0 10.0 10.0 9.0 8.0 9.0 9.0 5.0 4.0 5.0 5.0 5.0 10.0 9.0 9.0 9.0 8.0 10.0 
1108447 1997 6 3 82 10.0 10.0 10.0 10.0 10.0 10.0 10.0 10.0 10.0 10.0 10.0 10.0 10.0 10.0 10.0 10.0 10.0 10.0 9.0 9.0 9.0 10.0 10.0 10.0 
1108447 1997 6 4 82 10.0 10.0 10.0 10.0 10.0 9.0 10.0 9.0 9.0 9.0 9.0 7.0 8.0 9.0 9.0 9.0 9.0 9.0 9.0 9.0 9.0 9.0 9.0 7.0 
1108447 1997 6 5 82 8.0 10.0 7.0 7.0 9.0 8.0 7.0 8.0 8.0 7.0 7.0 5.0 4.0 4.0 2.0 2.0 2.0 2.0 3.0 4.0 4.0 6.0 7.0 5.0 
1108447 1997 6 6 82 7.0 8.0 8.0 9.0 8.0 8.0 7.0 7.0 9.0 9.0 9.0 9.0 9.0 9.0 5.0 5.0 9.0 8.0 6.0 6.0 8.0 8.0 8.0 8.0 
1108447 1997 6 7 82 8.0 8.0 8.0 9.0 10.0 8.0 2.0 4.0 7.0 4.0 3.0 3.0 2.0 2.0 2.0 3.0 3.0 7.0 8.0 7.0 4.0 3.0 6.0 8.0 
1108447 1997 6 8 82 9.0 8.0 8.0 6.0 6.0 6.0 3.0 1.0 5.0 2.0 3.0 2.0 2.0 1.0 1.0 2.0 2.0 2.0 3.0 3.0 2.0 2.0 0.0 0.0 
1108447 1997 6 9 82 0.0 0.0 0.0 0.0 0.0 0.0 0.0 2.0 2.0 2.0 2.0 2.0 2.0 2.0 4.0 6.0 7.0 3.0 2.0 3.0 2.0 2.0 0.0 1.0 
1108447 1997 6 10 82 2.0 2.0 3.0 3.0 3.0 2.0 1.0 1.0 1.0 2.0 2.0 3.0 2.0 2.0 2.0 3.0 3.0 3.0 4.0 6.0 6.0 8.0 9.0 6.0 
1108447 1997 6 11 82 6.0 7.0 4.0 7.0 9.0 8.0 8.0 9.0 9.0 10.0 10.0 10.0 10.0 10.0 10.0 10.0 10.0 10.0 10.0 10.0 10.0 10.0 10.0 10.0 
1108447 1997 6 12 82 10.0 10.0 10.0 10.0 10.0 10.0 10.0 10.0 10.0 10.0 9.0 9.0 8.0 8.0 9.0 9.0 9.0 5.0 4.0 5.0 5.0 4.0 5.0 4.0 
1108447 1997 6 13 82 6.0 8.0 10.0 10.0 10.0 10.0 9.0 7.0 6.0 6.0 7.0 10.0 6.0 4.0 4.0 4.0 6.0 7.0 7.0 7.0 6.0 6.0 4.0 3.0 
1108447 1997 6 14 82 3.0 1.0 0.0 3.0 1.0 2.0 4.0 4.0 4.0 6.0 7.0 6.0 6.0 2.0 2.0 1.0 0.0 0.0 0.0 0.0 0.0 0.0 0.0 0.0 
1108447 1997 6 15 82 0.0 0.0 0.0 1.0 3.0 3.0 3.0 7.0 8.0 8.0 9.0 9.0 8.0 8.0 8.0 8.0 8.0 8.0 8.0 7.0 7.0 7.0 8.0 8.0 
1108447 1997 6 16 82 9.0 8.0 7.0 8.0 10.0 10.0 9.0 9.0 8.0 9.0 10.0 10.0 10.0 10.0 10.0 10.0 10.0 10.0 10.0 10.0 10.0 10.0 10.0 10.0 
1108447 1997 6 17 82 10.0 10.0 10.0 10.0 10.0 10.0 9.0 9.0 9.0 8.0 7.0 7.0 9.0 3.0 4.0 4.0 5.0 5.0 8.0 9.0 10.0 10.0 8.0 8.0 
1108447 1997 6 18 82 3.0 7.0 7.0 7.0 7.0 6.0 6.0 9.0 9.0 9.0 9.0 8.0 5.0 6.0 5.0 8.0 7.0 7.0 8.0 8.0 8.0 8.0 8.0 5.0 
1108447 1997 6 19 82 8.0 9.0 10.0 10.0 9.0 9.0 9.0 9.0 9.0 8.0 7.0 4.0 8.0 8.0 8.0 8.0 6.0 2.0 2.0 2.0 2.0 2.0 1.0 1.0 
1108447 1997 6 20 82 1.0 2.0 1.0 5.0 5.0 5.0 5.0 8.0 6.0 5.0 6.0 5.0 5.0 7.0 8.0 9.0 9.0 9.0 9.0 9.0 9.0 10.0 10.0 10.0 
1108447 1997 6 21 82 10.0 10.0 10.0 10.0 10.0 7.0 9.0 9.0 10.0 10.0 9.0 9.0 9.0 9.0 9.0 9.0 9.0 9.0 9.0 9.0 9.0 9.0 10.0 10.0 
1108447 1997 6 22 82 10.0 10.0 10.0 10.0 10.0 9.0 9.0 9.0 9.0 9.0 9.0 10.0 9.0 9.0 10.0 10.0 10.0 10.0 10.0 9.0 10.0 10.0 10.0 10.0 
1108447 1997 6 23 82 10.0 10.0 10.0 10.0 10.0 10.0 10.0 10.0 10.0 10.0 10.0 10.0 10.0 10.0 10.0 10.0 9.0 9.0 9.0 9.0 9.0 9.0 9.0 10.0 
1108447 1997 6 24 82 10.0 10.0 10.0 9.0 9.0 9.0 10.0 10.0 10.0 10.0 9.0 9.0 9.0 5.0 6.0 8.0 8.0 4.0 0.0 2.0 8.0 7.0 7.0 8.0 
1108447 1997 6 25 82 9.0 9.0 9.0 9.0 9.0 9.0 9.0 9.0 10.0 10.0 9.0 9.0 9.0 9.0 9.0 9.0 10.0 9.0 9.0 9.0 8.0 9.0 9.0 8.0 
1108447 1997 6 26 82 7.0 6.0 9.0 8.0 8.0 7.0 6.0 9.0 8.0 8.0 7.0 9.0 9.0 9.0 9.0 8.0 9.0 9.0 9.0 9.0 9.0 10.0 10.0 10.0 
1108447 1997 6 27 82 10.0 10.0 10.0 10.0 9.0 9.0 9.0 9.0 9.0 9.0 9.0 9.0 9.0 8.0 7.0 6.0 7.0 5.0 5.0 4.0 4.0 3.0 2.0 1.0 
1108447 1997 6 28 82 0.0 0.0 0.0 0.0 0.0 2.0 2.0 1.0 1.0 1.0 1.0 1.0 4.0 5.0 7.0 7.0 8.0 9.0 9.0 7.0 9.0 8.0 9.0 8.0 
1108447 1997 6 29 82 8.0 9.0 9.0 10.0 10.0 10.0 10.0 10.0 10.0 10.0 10.0 10.0 10.0 10.0 10.0 9.0 7.0 6.0 5.0 2.0 1.0 0.0 0.0 0.0 
1108447 1997 6 30 82 0.0 0.0 1.0 1.0 4.0 3.0 3.0 4.0 4.0 5.0 6.0 7.0 6.0 8.0 8.0 9.0 8.0 7.0 6.0 9.0 9.0 8.0 7.0 8.0 
1108447 1997 7 1 82 9.0 10.0 10.0 10.0 10.0 9.0 10.0 10.0 10.0 10.0 10.0 10.0 9.0 9.0 9.0 10.0 9.0 10.0 9.0 10.0 9.0 9.0 9.0 10.0 
1108447 1997 7 2 82 10.0 6.0 3.0 2.0 3.0 5.0 5.0 5.0 8.0 7.0 4.0 8.0 9.0 9.0 8.0 8.0 9.0 10.0 6.0 7.0 6.0 5.0 5.0 3.0 
1108447 1997 7 3 82 4.0 8.0 8.0 7.0 5.0 5.0 9.0 8.0 4.0 5.0 4.0 3.0 3.0 5.0 6.0 6.0 6.0 6.0 6.0 4.0 6.0 4.0 4.0 4.0 
1108447 1997 7 4 82 2.0 2.0 2.0 2.0 6.0 7.0 7.0 8.0 7.0 7.0 7.0 9.0 10.0 10.0 10.0 10.0 9.0 9.0 9.0 9.0 8.0 7.0 6.0 6.0 
1108447 1997 7 5 82 6.0 6.0 6.0 6.0 7.0 8.0 10.0 10.0 10.0 10.0 10.0 10.0 10.0 10.0 9.0 8.0 7.0 6.0 9.0 9.0 10.0 10.0 10.0 10.0 
1108447 1997 7 6 82 10.0 10.0 10.0 10.0 10.0 10.0 9.0 10.0 10.0 10.0 10.0 5.0 3.0 3.0 7.0 7.0 6.0 6.0 7.0 7.0 6.0 7.0 8.0 7.0 
1108447 1997 7 7 82 7.0 7.0 7.0 9.0 10.0 9.0 9.0 9.0 10.0 9.0 10.0 10.0 10.0 10.0 10.0 10.0 10.0 10.0 10.0 10.0 10.0 10.0 10.0 10.0 
1108447 1997 7 8 82 10.0 10.0 10.0 10.0 10.0 10.0 10.0 10.0 10.0 10.0 10.0 10.0 10.0 10.0 10.0 10.0 10.0 10.0 10.0 9.0 8.0 7.0 9.0 4.0 
1108447 1997 7 9 82 3.0 1.0 1.0 7.0 8.0 7.0 7.0 7.0 8.0 7.0 9.0 5.0 7.0 5.0 5.0 8.0 9.0 9.0 9.0 9.0 10.0 10.0 10.0 10.0 
1108447 1997 7 10 82 10.0 10.0 10.0 9.0 10.0 9.0 9.0 9.0 10.0 9.0 9.0 8.0 9.0 9.0 9.0 9.0 9.0 9.0 7.0 8.0 9.0 9.0 9.0 9.0 
1108447 1997 7 11 82 9.0 8.0 8.0 9.0 10.0 10.0 9.0 7.0 7.0 5.0 7.0 4.0 4.0 5.0 4.0 5.0 7.0 5.0 7.0 6.5 9.0 9.0 8.0 8.0 
1108447 1997 7 12 82 9.0 9.0 9.0 9.0 9.0 9.0 10.0 9.0 8.0 5.0 8.0 9.0 7.0 9.0 10.0 10.0 9.0 4.0 4.0 5.0 9.0 9.0 9.0 7.0 
1108447 1997 7 13 82 7.0 7.0 7.0 9.0 8.0 8.0 4.0 9.0 9.0 7.0 8.0 5.0 3.0 5.0 4.0 3.0 4.0 5.0 9.0 9.0 10.0 10.0 10.0 9.0 
1108447 1997 7 14 82 7.0 9.0 10.0 9.0 5.0 7.0 9.0 10.0 10.0 9.0 9.0 9.0 8.0 8.0 6.0 4.0 6.0 3.0 2.0 3.0 3.0 4.0 5.0 0.0 
1108447 1997 7 15 82 0.0 1.0 1.0 2.0 7.0 9.0 9.0 10.0 10.0 9.0 10.0 10.0 10.0 10.0 9.0 9.0 8.0 7.0 5.0 4.0 3.0 2.0 2.0 1.0 
1108447 1997 7 16 82 1.0 1.0 4.0 8.0 8.0 5.0 2.0 4.0 6.0 6.0 6.0 10.0 9.0 10.0 10.0 10.0 10.0 10.0 10.0 10.0 10.0 10.0 9.0 9.0 
1108447 1997 7 17 82 8.0 8.0 7.0 9.0 9.0 9.0 9.0 7.0 8.0 7.0 5.0 4.0 3.0 2.0 2.0 2.0 1.0 1.0 2.0 3.0 5.0 6.0 5.0 5.0 
1108447 1997 7 18 82 4.0 4.0 4.0 4.0 4.0 8.0 6.0 3.0 4.0 8.0 9.0 8.0 8.0 3.0 4.0 3.0 3.0 2.0 2.0 1.0 1.0 1.0 0.0 0.0 
1108447 1997 7 19 82 0.0 0.0 0.0 0.0 0.0 0.0 0.0 0.0 0.0 0.0 0.0 0.0 0.0 0.0 0.0 0.0 0.0 0.0 0.0 0.0 0.0 0.0 0.0 0.0 
1108447 1997 7 20 82 0.0 0.0 0.0 0.0 0.0 0.0 0.0 0.0 0.0 0.0 0.0 0.0 0.0 1.0 1.0 4.0 5.0 2.0 2.0 2.0 2.0 0.0 0.0 3.0 
1108447 1997 7 21 82 4.0 5.0 5.0 7.0 7.0 8.0 7.0 8.0 9.0 9.0 9.0 10.0 10.0 10.0 10.0 10.0 9.0 9.0 8.0 8.0 8.0 8.0 2.0 2.0 
1108447 1997 7 22 82 5.0 10.0 10.0 9.0 10.0 9.0 9.0 9.0 9.0 5.0 5.0 5.0 2.0 2.0 2.0 3.0 3.0 3.0 3.0 2.0 3.0 3.0 1.0 2.0 
1108447 1997 7 23 82 1.0 7.0 2.0 7.0 6.0 1.0 2.0 8.0 7.0 7.0 4.0 7.0 4.0 3.0 4.0 4.0 4.0 5.0 4.0 5.0 4.0 4.0 3.0 1.0 
1108447 1997 7 24 82 2.0 1.0 1.0 2.0 5.0 5.0 7.0 6.0 3.0 2.0 1.0 1.0 2.0 2.0 2.0 3.0 4.0 5.0 5.0 3.0 3.0 2.0 1.0 1.0 
1108447 1997 7 25 82 0.0 0.0 0.0 0.0 1.0 2.0 1.0 3.0 3.0 4.0 1.0 3.0 3.0 1.0 1.0 2.0 3.0 4.0 3.0 1.0 1.0 1.0 1.0 0.0 
1108447 1997 7 26 82 0.0 0.0 0.0 6.0 2.0 1.0 6.0 6.0 1.0 2.0 1.0 2.0 5.0 4.0 3.0 2.0 2.0 0.0 0.0 0.0 0.0 0.0 0.0 0.0 
1108447 1997 7 27 82 0.0 0.0 0.0 0.0 0.0 1.0 3.0 2.0 2.0 3.0 3.0 3.0 0.0 0.0 1.0 0.0 0.0 0.0 0.0 0.0 0.0 0.0 0.0 0.0 
1108447 1997 7 28 82 0.0 0.0 0.0 0.0 1.0 1.0 1.0 1.0 1.0 0.0 0.0 0.0 0.0 0.0 1.0 0.0 0.0 1.0 2.0 3.0 4.0 3.0 2.0 2.0 
1108447 1997 7 29 82 2.0 2.0 1.0 2.0 2.0 2.0 3.0 2.0 1.0 3.0 2.0 2.0 4.0 5.0 6.0 9.0 8.0 8.0 8.0 7.0 7.0 7.0 6.0 7.0 
1108447 1997 7 30 82 7.0 9.0 9.0 9.0 9.0 8.0 8.0 9.0 9.0 9.0 9.0 9.0 9.0 5.0 3.0 1.0 1.0 0.0 0.0 0.0 0.0 0.0 1.0 2.0 
1108447 1997 7 31 82 2.0 2.0 2.0 3.0 3.0 3.0 7.0 8.0 8.0 7.0 8.0 7.0 7.0 4.0 1.0 4.0 4.0 2.0 0.0 0.0 0.0 0.0 0.0 0.0 
1108447 1997 8 1 82 0.0 0.0 0.0 2.0 2.0 1.0 0.0 0.0 0.0 0.0 0.0 1.0 2.0 2.0 2.0 1.0 1.0 2.0 2.0 4.0 2.0 1.0 1.0 3.0 
1108447 1997 8 2 82 4.0 3.0 5.0 5.0 7.0 8.0 9.0 9.0 8.0 8.0 9.0 8.0 5.0 3.0 3.0 3.0 3.0 3.0 3.0 3.0 2.0 3.0 3.0 2.0 
1108447 1997 8 3 82 2.0 2.0 2.0 2.0 2.0 1.0 0.0 1.0 1.0 1.0 1.0 3.0 5.0 8.0 8.0 7.0 6.0 6.0 6.0 6.0 7.0 7.0 5.0 5.0 
1108447 1997 8 4 82 4.0 4.0 7.0 8.0 5.0 4.0 2.0 4.0 7.0 4.0 4.0 4.0 4.0 4.0 4.0 4.0 4.0 7.0 6.0 2.0 1.0 1.0 2.0 2.0 
1108447 1997 8 5 82 2.0 3.0 3.0 3.0 2.0 2.0 1.0 1.0 1.0 0.0 0.0 2.0 7.0 5.0 4.0 5.0 5.0 3.0 3.0 2.0 1.0 0.0 2.0 1.0 
1108447 1997 8 6 82 1.0 1.0 1.0 1.0 2.0 5.0 9.0 8.0 8.0 9.0 10.0 10.0 10.0 10.0 9.0 9.0 7.0 1.0 1.0 2.0 1.0 2.0 2.0 2.0 
1108447 1997 8 7 82 3.0 8.0 8.0 9.0 9.0 9.0 7.0 3.0 4.0 7.0 9.0 9.0 9.0 7.0 6.0 4.0 3.0 5.0 5.0 5.0 4.0 3.0 2.0 2.0 
1108447 1997 8 8 82 1.0 1.0 1.0 1.0 0.0 0.0 0.0 0.0 4.0 9.0 8.0 4.0 2.0 0.0 1.0 0.0 0.0 0.0 0.0 3.0 4.0 0.0 0.0 0.0 
1108447 1997 8 9 82 1.0 1.0 1.0 2.0 2.0 0.0 0.0 2.0 2.0 2.0 2.0 2.0 0.0 1.0 0.0 1.0 1.0 1.0 1.0 1.0 1.0 0.0 0.0 0.0 
1108447 1997 8 10 82 0.0 0.0 0.0 0.0 0.0 0.0 0.0 0.0 0.0 0.0 0.0 0.0 0.0 0.0 0.0 0.0 0.0 0.0 0.0 1.0 1.0 0.0 0.0 0.0 
1108447 1997 8 11 82 0.0 0.0 0.0 0.0 0.0 0.0 0.0 0.0 0.0 0.0 0.0 0.0 0.0 0.0 0.0 0.0 0.0 1.0 1.0 2.0 2.0 2.0 0.0 2.0 
1108447 1997 8 12 82 0.0 2.0 1.0 0.0 5.0 7.0 7.0 9.0 5.0 3.0 2.0 2.0 2.0 3.0 2.0 3.0 4.0 7.0 8.0 8.0 8.0 8.0 9.0 9.0 
1108447 1997 8 13 82 4.0 8.0 3.0 0.0 2.0 6.0 7.0 8.0 10.0 9.0 7.0 7.0 6.0 4.0 3.0 2.0 2.0 2.0 1.0 0.0 0.0 0.0 0.0 0.0 
1108447 1997 8 14 82 0.0 0.0 0.0 0.0 0.0 0.0 0.0 1.0 1.0 2.0 2.0 1.0 1.0 1.0 1.0 1.0 1.0 1.0 0.0 0.0 0.0 0.0 0.0 0.0 
1108447 1997 8 15 82 0.0 2.0 3.0 4.0 4.0 6.0 6.0 4.0 1.0 1.0 1.0 1.0 1.0 2.0 2.0 1.0 1.0 1.0 1.0 1.0 0.0 1.0 1.0 0.0 
1108447 1997 8 16 82 0.0 0.0 0.0 0.0 1.0 2.0 3.0 5.0 5.0 5.0 7.0 4.0 8.0 8.0 8.0 9.0 9.0 9.0 8.0 7.0 5.0 4.0 3.0 2.0 
1108447 1997 8 17 82 1.0 1.0 1.0 0.0 0.0 0.0 0.0 0.0 0.0 1.0 2.0 7.0 6.0 6.0 8.0 7.0 7.0 9.0 9.0 9.0 8.0 8.0 5.0 5.0 
1108447 1997 8 18 82 3.0 4.0 5.0 3.0 3.0 3.0 4.0 5.0 8.0 9.0 9.0 6.0 7.0 8.0 6.0 5.0 3.0 3.0 2.0 2.0 1.0 1.0 0.0 0.0 
1108447 1997 8 19 82 0.0 0.0 0.0 0.0 0.0 0.0 0.0 0.0 0.0 0.0 0.0 0.0 0.0 0.0 0.0 0.0 0.0 0.0 0.0 0.0 0.0 0.0 0.0 0.0 
1108447 1997 8 20 82 0.0 0.0 0.0 0.0 4.0 7.0 9.0 10.0 10.0 10.0 10.0 10.0 10.0 10.0 10.0 10.0 10.0 10.0 10.0 10.0 10.0 10.0 10.0 10.0 
1108447 1997 8 21 82 10.0 10.0 10.0 10.0 10.0 10.0 10.0 10.0 9.0 7.0 9.0 9.0 9.0 9.0 10.0 10.0 10.0 9.0 7.0 8.0 7.0 6.0 2.0 5.0 
1108447 1997 8 22 82 6.0 6.0 7.0 8.0 6.0 9.0 8.0 10.0 10.0 10.0 10.0 10.0 10.0 10.0 9.0 9.0 10.0 10.0 10.0 9.0 9.0 9.0 8.0 9.0 
1108447 1997 8 23 82 7.0 8.0 8.0 9.0 9.0 10.0 10.0 10.0 10.0 10.0 9.0 10.0 10.0 9.0 5.0 7.0 7.0 7.0 7.0 8.0 8.0 7.0 4.0 2.0 
1108447 1997 8 24 82 1.0 1.0 1.0 6.0 7.0 9.0 10.0 10.0 10.0 10.0 10.0 10.0 10.0 10.0 10.0 10.0 10.0 10.0 10.0 10.0 8.5 10.0 10.0 9.0 
1108447 1997 8 25 82 9.0 9.0 9.0 9.0 9.0 10.0 10.0 10.0 10.0 10.0 10.0 10.0 10.0 9.0 9.0 10.0 9.0 8.0 8.0 9.0 9.0 8.0 7.0 7.0 
1108447 1997 8 26 82 7.0 3.0 8.0 10.0 10.0 10.0 10.0 10.0 10.0 10.0 10.0 10.0 10.0 10.0 10.0 10.0 10.0 10.0 10.0 10.0 10.0 10.0 10.0 10.0 
1108447 1997 8 27 82 8.0 8.0 6.0 9.0 9.0 10.0 9.0 9.0 9.0 9.0 9.0 7.0 4.0 4.0 3.0 7.0 9.0 10.0 10.0 8.0 5.0 6.0 5.0 5.0 
1108447 1997 8 28 82 6.0 6.0 9.0 10.0 10.0 10.0 10.0 9.0 9.0 9.0 9.0 9.0 8.0 8.0 9.0 9.0 8.0 9.0 9.0 9.0 9.0 7.0 7.0 7.0 
1108447 1997 8 29 82 7.0 7.0 8.0 7.0 7.0 9.0 9.0 9.0 9.0 10.0 10.0 9.0 10.0 9.0 8.0 9.0 9.0 8.0 9.0 10.0 10.0 10.0 10.0 10.0 
1108447 1997 8 30 82 10.0 10.0 10.0 9.0 7.0 5.0 7.0 9.0 9.0 9.0 9.0 9.0 9.0 6.0 3.0 3.0 4.0 3.0 0.0 3.0 0.0 0.0 0.0 0.0 
1108447 1997 8 31 82 0.0 0.0 3.0 3.0 0.0 2.0 3.0 3.0 1.0 1.0 5.0 2.0 2.0 3.0 4.0 4.0 7.0 5.0 4.0 7.0 7.0 7.0 6.0 3.0 
1108447 1997 9 1 82 4.0 3.0 4.0 4.0 5.0 5.0 5.0 2.0 8.0 7.0 8.0 9.0 10.0 10.0 10.0 8.0 6.0 6.0 6.0 8.0 7.0 8.0 9.0 9.0 
1108447 1997 9 2 82 9.0 9.0 7.0 7.0 6.0 4.0 3.0 3.0 2.0 2.0 2.0 6.0 6.0 4.0 4.0 4.0 1.0 1.0 5.0 2.0 2.0 2.0 2.0 0.0 
1108447 1997 9 3 82 0.0 0.0 0.0 2.0 3.0 7.0 8.0 9.0 9.0 9.0 9.0 9.0 9.0 8.0 8.0 8.0 8.0 8.0 4.0 6.0 5.0 5.0 1.0 1.0 
1108447 1997 9 4 82 1.0 1.0 1.0 1.0 1.0 2.0 2.0 3.0 3.0 7.0 4.0 4.0 3.0 2.0 3.0 2.0 2.0 7.0 8.0 9.0 8.0 5.0 2.0 3.0 
1108447 1997 9 5 82 6.0 7.0 7.0 7.0 8.0 10.0 10.0 10.0 9.0 9.0 9.0 9.0 9.0 8.0 6.0 5.0 9.0 9.0 8.0 8.0 2.0 5.0 4.0 1.0 
1108447 1997 9 6 82 1.0 1.0 1.0 1.0 1.0 1.0 1.0 4.0 7.0 9.0 10.0 9.0 9.0 5.0 3.0 4.0 7.0 4.0 6.0 4.0 4.0 3.0 7.0 8.0 
1108447 1997 9 7 82 9.0 10.0 9.0 8.0 7.0 7.0 9.0 10.0 9.0 7.0 7.0 6.0 6.0 6.0 6.0 7.0 7.0 6.0 2.0 1.0 1.0 0.0 0.0 0.0 
1108447 1997 9 8 82 0.0 0.0 0.0 0.0 0.0 0.0 0.0 1.0 1.0 0.0 0.0 0.0 0.0 0.0 1.0 1.0 1.0 1.0 1.0 1.0 0.0 0.0 0.0 0.0 
1108447 1997 9 9 82 0.0 0.0 0.0 1.0 1.0 0.0 1.0 2.0 5.0 5.0 5.0 5.0 5.0 4.0 2.0 3.0 3.0 4.0 3.0 4.0 2.0 2.0 3.0 3.0 
1108447 1997 9 10 82 4.0 1.0 3.0 2.0 8.0 3.0 5.0 4.0 7.0 7.0 4.0 6.0 5.0 8.0 8.0 8.0 9.0 9.0 9.0 9.0 9.0 9.0 10.0 9.0 
1108447 1997 9 11 82 9.0 7.0 8.0 10.0 10.0 9.0 9.0 9.0 9.0 9.0 9.0 8.0 8.0 9.0 8.0 9.0 8.0 9.0 10.0 9.0 8.0 8.0 10.0 10.0 
1108447 1997 9 12 82 7.0 4.0 8.0 7.0 4.0 8.0 8.0 8.0 6.0 7.0 8.0 8.0 7.0 7.0 7.0 9.0 8.0 8.0 7.0 6.0 6.0 8.0 8.0 8.0 
1108447 1997 9 13 82 10.0 9.0 9.0 4.0 0.0 4.0 5.0 5.0 9.0 9.0 9.0 9.0 10.0 10.0 10.0 10.0 10.0 10.0 10.0 10.0 10.0 10.0 10.0 10.0 
1108447 1997 9 14 82 10.0 10.0 10.0 10.0 10.0 10.0 10.0 10.0 10.0 10.0 10.0 8.0 8.0 8.0 10.0 9.0 10.0 10.0 10.0 10.0 10.0 10.0 9.0 7.0 
1108447 1997 9 15 82 9.0 8.0 6.0 7.0 9.0 10.0 10.0 10.0 10.0 10.0 9.0 9.0 9.0 9.0 8.0 9.0 10.0 10.0 10.0 10.0 10.0 10.0 9.0 7.0 
1108447 1997 9 16 82 9.0 9.0 9.0 9.0 9.0 9.0 8.0 8.0 9.0 10.0 10.0 10.0 10.0 10.0 10.0 10.0 10.0 10.0 10.0 10.0 10.0 10.0 10.0 10.0 
1108447 1997 9 17 82 10.0 10.0 10.0 10.0 10.0 9.0 9.0 9.0 7.0 8.0 7.0 6.0 9.0 9.0 10.0 10.0 10.0 9.0 8.0 8.0 10.0 10.0 10.0 10.0 
1108447 1997 9 18 82 10.0 10.0 9.0 9.0 9.0 8.0 7.0 1.0 1.0 1.0 2.0 2.0 2.0 1.0 3.0 3.0 2.0 1.0 1.0 1.0 1.0 1.0 0.0 0.0 
1108447 1997 9 19 82 0.0 0.0 0.0 0.0 0.0 0.0 1.0 1.0 1.0 2.0 2.0 2.0 1.0 1.0 0.0 0.0 0.0 0.0 1.0 1.0 0.0 0.0 0.0 0.0 
1108447 1997 9 20 82 0.0 0.0 0.0 0.0 0.0 0.0 1.0 1.0 0.0 1.0 1.0 1.0 1.0 1.0 1.0 0.0 0.0 0.0 0.0 0.0 0.0 0.0 0.0 0.0 
1108447 1997 9 21 82 0.0 0.0 0.0 0.0 0.0 0.0 1.0 1.0 1.0 1.0 1.0 1.0 1.0 2.0 3.0 4.0 4.0 5.0 7.0 6.0 6.0 6.0 3.0 6.0 
1108447 1997 9 22 82 7.0 7.0 7.0 7.0 5.0 7.0 7.0 6.0 5.0 4.0 3.0 4.0 5.0 5.0 4.0 2.0 2.0 0.0 0.0 0.0 0.0 0.0 0.0 0.0 
1108447 1997 9 23 82 0.0 0.0 0.0 0.0 0.0 0.0 0.0 0.0 0.0 0.0 0.0 0.0 0.0 0.0 0.0 0.0 0.0 0.0 0.0 0.0 0.0 0.0 0.0 0.0 
1108447 1997 9 24 82 0.0 0.0 0.0 0.0 1.0 0.0 0.0 0.0 0.0 0.0 0.0 0.0 0.0 0.0 0.0 0.0 0.0 0.0 0.0 0.0 7.0 6.0 4.0 1.0 
1108447 1997 9 25 82 0.0 0.0 4.0 8.0 9.0 8.0 9.0 9.0 8.0 8.0 9.0 9.0 9.0 10.0 10.0 10.0 10.0 10.0 10.0 10.0 10.0 10.0 10.0 10.0 
1108447 1997 9 26 82 10.0 10.0 9.0 9.0 4.0 2.0 7.0 7.0 7.0 8.0 9.0 9.0 10.0 10.0 9.0 9.0 9.0 8.0 10.0 9.0 10.0 9.0 8.0 7.0 
1108447 1997 9 27 82 7.0 7.0 10.0 10.0 10.0 10.0 9.0 9.0 9.0 9.0 8.0 10.0 9.0 10.0 10.0 10.0 10.0 10.0 10.0 10.0 10.0 10.0 10.0 10.0 
1108447 1997 9 28 82 10.0 10.0 10.0 10.0 10.0 10.0 10.0 10.0 10.0 9.0 9.0 8.0 7.0 5.0 7.0 9.0 7.0 8.0 8.0 1.0 2.0 0.0 3.0 2.0 
1108447 1997 9 29 82 4.0 6.0 8.0 10.0 10.0 10.0 10.0 10.0 10.0 9.0 10.0 10.0 10.0 10.0 10.0 10.0 10.0 10.0 10.0 10.0 10.0 10.0 10.0 10.0 
1108447 1997 9 30 82 10.0 10.0 10.0 10.0 10.0 10.0 10.0 10.0 10.0 10.0 10.0 10.0 9.0 9.0 7.0 5.0 7.0 4.0 3.0 4.0 4.0 5.0 4.0 9.0 
1108447 1997 10 1 82 10.0 10.0 10.0 10.0 10.0 10.0 10.0 10.0 10.0 10.0 10.0 10.0 10.0 10.0 10.0 10.0 10.0 10.0 10.0 8.0 9.0 10.0 10.0 10.0 
1108447 1997 10 2 82 10.0 10.0 10.0 10.0 10.0 10.0 10.0 10.0 10.0 10.0 8.0 8.0 5.0 3.0 4.0 8.0 10.0 10.0 10.0 10.0 8.0 8.0 9.0 10.0 
1108447 1997 10 3 82 10.0 10.0 10.0 10.0 10.0 10.0 10.0 10.0 10.0 10.0 10.0 10.0 10.0 10.0 9.0 10.0 10.0 9.0 10.0 8.0 9.0 10.0 10.0 10.0 
1108447 1997 10 4 82 10.0 9.0 10.0 10.0 10.0 10.0 10.0 10.0 10.0 10.0 10.0 10.0 10.0 10.0 9.0 10.0 10.0 10.0 10.0 10.0 10.0 10.0 10.0 10.0 
1108447 1997 10 5 82 10.0 10.0 10.0 10.0 10.0 10.0 7.0 9.0 9.0 9.0 9.0 9.0 9.0 8.0 7.0 3.0 3.0 4.0 7.0 9.0 9.0 8.0 8.0 2.0 
1108447 1997 10 6 82 2.0 1.0 1.0 1.0 7.0 2.0 5.0 6.0 9.0 9.0 7.0 5.0 5.0 2.0 2.0 2.0 1.0 3.0 4.0 4.0 6.0 4.0 4.0 8.0 
1108447 1997 10 7 82 4.0 8.0 6.0 6.0 7.0 8.0 7.0 6.0 7.0 7.0 9.0 9.0 9.0 9.0 8.0 10.0 9.0 9.0 10.0 10.0 10.0 10.0 10.0 10.0 
1108447 1997 10 8 82 10.0 10.0 10.0 10.0 10.0 10.0 10.0 10.0 10.0 10.0 10.0 10.0 10.0 10.0 10.0 10.0 9.0 9.0 9.0 10.0 10.0 9.0 7.0 7.0 
1108447 1997 10 9 82 7.0 10.0 10.0 10.0 10.0 10.0 10.0 10.0 10.0 10.0 10.0 10.0 10.0 10.0 10.0 10.0 10.0 10.0 10.0 10.0 10.0 10.0 10.0 10.0 
1108447 1997 10 10 82 10.0 10.0 10.0 10.0 8.0 10.0 9.0 9.0 9.0 8.0 9.0 9.0 9.0 9.0 9.0 9.0 10.0 9.0 10.0 10.0 9.0 9.0 8.0 8.0 
1108447 1997 10 11 82 8.0 8.0 8.0 9.0 9.0 5.0 2.0 2.0 2.0 2.0 2.0 2.0 3.0 3.0 3.0 4.0 4.0 3.0 4.0 1.0 1.0 1.0 9.0 5.0 
1108447 1997 10 12 82 8.0 10.0 10.0 10.0 10.0 10.0 10.0 10.0 10.0 10.0 10.0 10.0 10.0 10.0 10.0 10.0 10.0 10.0 10.0 10.0 10.0 10.0 10.0 10.0 
1108447 1997 10 13 82 10.0 10.0 10.0 10.0 10.0 10.0 10.0 9.0 9.0 9.0 10.0 9.0 10.0 10.0 9.0 9.0 9.0 9.0 9.0 10.0 10.0 10.0 10.0 10.0 
1108447 1997 10 14 82 10.0 10.0 10.0 10.0 10.0 10.0 10.0 10.0 10.0 10.0 10.0 9.0 9.0 9.0 9.0 9.0 7.0 8.0 5.0 3.0 4.0 8.0 8.0 8.0 
1108447 1997 10 15 82 10.0 10.0 10.0 10.0 10.0 10.0 10.0 10.0 10.0 10.0 10.0 10.0 10.0 10.0 10.0 9.0 10.0 9.0 9.0 9.0 10.0 10.0 9.0 9.0 
1108447 1997 10 16 82 8.0 9.0 9.0 9.0 9.0 9.0 9.0 9.0 10.0 10.0 10.0 10.0 9.0 9.0 9.0 7.0 9.0 9.0 9.0 10.0 10.0 10.0 10.0 8.0 
1108447 1997 10 17 82 9.0 10.0 10.0 10.0 10.0 9.0 9.0 7.0 4.0 3.0 1.0 1.0 1.0 1.0 8.0 8.0 7.0 8.0 9.0 9.0 8.0 8.0 8.0 1.0 
1108447 1997 10 18 82 0.0 0.0 0.0 0.0 1.0 1.0 1.0 7.0 8.0 8.0 8.0 7.0 7.0 8.0 7.0 10.0 9.0 8.0 5.0 4.0 2.0 2.0 0.0 0.0 
1108447 1997 10 19 82 0.0 0.0 0.0 1.0 0.0 0.0 2.0 3.0 4.0 5.0 9.0 8.0 6.0 3.0 4.0 3.0 2.0 2.0 1.0 1.0 1.0 0.0 4.0 4.0 
1108447 1997 10 20 82 4.0 2.0 2.0 2.0 0.0 1.0 2.0 4.0 3.0 3.0 4.0 4.0 3.0 6.0 6.0 6.0 8.0 8.0 8.0 8.0 8.0 8.0 5.0 6.0 
1108447 1997 10 21 82 5.0 5.0 6.0 7.0 3.0 5.0 3.0 4.0 6.0 9.0 9.0 9.0 10.0 10.0 10.0 9.0 10.0 9.0 9.0 9.0 10.0 10.0 10.0 10.0 
1108447 1997 10 22 82 10.0 10.0 10.0 10.0 10.0 10.0 10.0 10.0 10.0 10.0 10.0 10.0 10.0 10.0 10.0 9.0 9.0 8.0 4.0 6.0 7.0 9.0 7.0 7.0 
1108447 1997 10 23 82 8.0 7.0 8.0 7.0 9.0 1.0 8.0 1.0 0.0 2.0 1.0 1.0 1.0 1.0 1.0 1.0 1.0 1.0 1.0 1.0 2.0 2.0 2.0 2.0 
1108447 1997 10 24 82 0.0 0.0 0.0 0.0 0.0 2.0 1.0 5.0 10.0 10.0 10.0 10.0 10.0 10.0 10.0 10.0 10.0 10.0 10.0 10.0 10.0 10.0 10.0 10.0 
1108447 1997 10 25 82 10.0 10.0 10.0 10.0 10.0 10.0 10.0 10.0 10.0 10.0 10.0 10.0 10.0 10.0 10.0 10.0 10.0 10.0 10.0 10.0 10.0 10.0 10.0 10.0 
1108447 1997 10 26 82 10.0 10.0 10.0 10.0 10.0 10.0 10.0 10.0 10.0 10.0 10.0 10.0 10.0 10.0 10.0 10.0 10.0 10.0 9.0 9.0 10.0 10.0 10.0 10.0 
1108447 1997 10 27 82 10.0 10.0 10.0 10.0 10.0 10.0 10.0 10.0 9.0 9.0 9.0 9.0 9.0 9.0 9.0 9.0 9.0 9.0 9.0 8.0 8.0 9.0 9.0 9.0 
1108447 1997 10 28 82 10.0 10.0 10.0 10.0 10.0 10.0 10.0 10.0 10.0 10.0 10.0 10.0 10.0 10.0 10.0 10.0 10.0 10.0 10.0 10.0 10.0 10.0 10.0 10.0 
1108447 1997 10 29 82 10.0 10.0 10.0 10.0 10.0 10.0 6.0 9.0 9.0 9.0 9.0 7.0 8.0 8.0 10.0 7.0 10.0 10.0 10.0 10.0 10.0 10.0 10.0 10.0 
1108447 1997 10 30 82 10.0 10.0 10.0 8.0 9.0 5.0 2.0 2.0 3.0 8.0 7.0 8.0 9.0 9.0 10.0 10.0 9.0 8.0 8.0 7.0 7.0 6.0 6.0 8.0 
1108447 1997 10 31 82 7.0 10.0 10.0 10.0 8.0 10.0 9.0 9.0 9.0 6.0 8.0 8.5 8.0 9.0 9.0 10.0 8.0 9.0 7.0 6.0 6.0 5.0 8.0 10.0 
1108447 1997 11 1 82 8.0 6.0 7.0 7.0 6.0 6.0 5.0 3.0 8.0 9.0 9.0 9.0 7.0 6.0 5.0 9.0 9.0 8.0 9.0 10.0 10.0 10.0 10.0 10.0 
1108447 1997 11 2 82 10.0 9.0 10.0 10.0 9.0 8.0 8.0 9.0 9.0 9.0 10.0 9.0 10.0 10.0 10.0 9.0 9.0 9.0 10.0 10.0 10.0 10.0 10.0 10.0 
1108447 1997 11 3 82 10.0 10.0 10.0 10.0 10.0 10.0 10.0 10.0 10.0 10.0 10.0 9.0 9.0 9.0 9.0 4.0 7.0 5.0 2.0 2.0 2.0 2.0 1.0 0.0 
1108447 1997 11 4 82 0.0 1.0 2.0 1.0 1.0 0.0 1.0 9.0 9.0 9.0 4.0 6.0 6.0 8.0 9.0 9.0 9.0 9.0 10.0 10.0 10.0 10.0 10.0 10.0 
1108447 1997 11 5 82 8.0 10.0 10.0 10.0 10.0 10.0 10.0 9.0 9.0 9.0 9.0 9.0 9.0 9.0 10.0 9.0 10.0 10.0 10.0 9.0 10.0 10.0 10.0 10.0 
1108447 1997 11 6 82 10.0 10.0 10.0 10.0 10.0 10.0 10.0 10.0 10.0 10.0 10.0 10.0 10.0 10.0 10.0 10.0 10.0 10.0 10.0 10.0 10.0 10.0 10.0 10.0 
1108447 1997 11 7 82 10.0 10.0 9.0 9.0 10.0 8.0 8.0 10.0 4.0 8.0 10.0 9.0 9.0 9.0 5.0 3.0 4.0 5.0 3.0 4.0 8.0 9.0 10.0 9.0 
1108447 1997 11 8 82 9.0 9.0 9.0 10.0 9.0 10.0 10.0 10.0 1.0 1.0 1.0 1.0 1.0 2.0 2.0 4.0 7.0 6.0 4.0 4.0 3.0 3.0 1.0 1.0 
1108447 1997 11 9 82 1.0 0.0 0.0 0.0 0.0 0.0 0.0 0.0 10.0 0.0 0.0 0.0 0.0 0.0 0.0 0.0 2.0 2.0 1.0 0.0 0.0 0.0 0.0 0.0 
1108447 1997 11 10 82 0.0 1.0 1.0 0.0 0.0 0.0 0.0 0.0 0.0 0.0 0.0 5.0 0.0 0.0 0.0 0.0 0.0 0.0 0.0 9.0 0.0 9.0 0.0 0.0 
1108447 1997 11 11 82 0.0 8.0 2.0 0.0 0.0 2.0 3.0 1.0 1.0 2.0 1.0 2.0 3.0 2.0 3.0 2.0 2.0 1.0 1.0 4.0 0.0 0.0 10.0 10.0 
1108447 1997 11 12 82 10.0 9.0 9.0 9.0 10.0 10.0 10.0 10.0 10.0 10.0 9.0 2.0 4.0 1.0 1.0 0.0 0.0 0.0 0.0 0.0 0.0 0.0 0.0 0.0 
1108447 1997 11 13 82 0.0 0.0 0.0 0.0 4.0 5.0 0.0 2.0 2.0 2.0 2.0 1.0 1.0 0.0 0.0 1.0 0.0 0.0 0.0 0.0 0.0 0.0 0.0 0.0 
1108447 1997 11 14 82 0.0 0.0 0.0 0.0 0.0 0.0 1.0 1.0 1.0 1.0 1.0 2.0 2.0 2.0 2.0 1.0 1.0 1.0 1.0 1.0 0.0 0.0 0.0 0.0 
1108447 1997 11 15 82 0.0 0.0 1.0 2.0 0.0 0.0 0.0 0.0 0.0 0.0 1.0 1.0 1.0 2.0 0.0 0.0 2.0 2.0 0.0 0.0 0.0 0.0 0.0 0.0 
1108447 1997 11 16 82 0.0 3.0 7.0 9.0 9.0 9.0 8.0 7.0 8.0 9.0 9.0 9.0 7.0 5.0 9.0 9.0 9.0 10.0 10.0 10.0 10.0 9.0 9.0 9.0 
1108447 1997 11 17 82 10.0 10.0 10.0 10.0 10.0 10.0 10.0 10.0 10.0 10.0 10.0 10.0 10.0 9.0 10.0 9.0 10.0 10.0 10.0 4.0 7.0 5.0 9.0 8.0 
1108447 1997 11 18 82 8.0 10.0 10.0 10.0 10.0 10.0 10.0 10.0 9.0 10.0 10.0 8.0 8.0 8.0 3.0 2.0 5.0 3.0 3.0 3.0 5.0 8.0 9.0 10.0 
1108447 1997 11 19 82 10.0 10.0 10.0 10.0 10.0 10.0 10.0 9.0 9.0 8.0 8.0 7.0 9.0 9.0 9.0 10.0 10.0 10.0 10.0 10.0 10.0 10.0 10.0 10.0 
1108447 1997 11 20 82 10.0 10.0 10.0 10.0 10.0 9.0 9.0 10.0 10.0 10.0 10.0 9.0 6.0 5.0 9.0 7.0 7.0 7.0 5.0 3.0 4.0 5.0 5.0 7.0 
1108447 1997 11 21 82 4.0 4.0 8.0 9.0 9.0 3.0 2.0 9.0 9.0 9.0 9.0 9.0 8.0 10.0 8.0 9.0 9.0 7.0 5.0 8.0 3.0 2.0 0.0 0.0 
1108447 1997 11 22 82 1.0 5.0 7.0 9.0 8.0 10.0 10.0 9.0 10.0 10.0 10.0 10.0 10.0 10.0 10.0 10.0 10.0 10.0 10.0 10.0 10.0 10.0 10.0 10.0 
1108447 1997 11 23 82 10.0 10.0 10.0 10.0 10.0 10.0 10.0 10.0 10.0 10.0 10.0 10.0 10.0 10.0 10.0 10.0 8.0 6.0 7.0 9.0 8.0 8.0 8.0 7.0 
1108447 1997 11 24 82 9.0 4.0 4.0 7.0 8.0 4.0 7.0 3.0 10.0 8.0 10.0 9.0 10.0 10.0 10.0 9.0 6.0 4.0 3.0 7.0 7.0 9.0 10.0 10.0 
1108447 1997 11 25 82 10.0 10.0 10.0 10.0 10.0 10.0 10.0 10.0 10.0 10.0 10.0 10.0 10.0 10.0 10.0 10.0 10.0 10.0 10.0 10.0 10.0 10.0 10.0 10.0 
1108447 1997 11 26 82 10.0 10.0 10.0 9.0 9.0 8.0 9.0 6.0 9.0 9.0 9.0 7.0 8.0 7.0 7.0 6.0 6.0 7.0 9.0 10.0 10.0 10.0 10.0 10.0 
1108447 1997 11 27 82 10.0 10.0 10.0 10.0 10.0 10.0 10.0 10.0 10.0 10.0 10.0 10.0 10.0 10.0 10.0 10.0 10.0 10.0 10.0 10.0 10.0 10.0 10.0 10.0 
1108447 1997 11 28 82 10.0 10.0 10.0 10.0 10.0 10.0 10.0 10.0 10.0 10.0 9.0 7.0 6.0 5.0 3.0 3.0 5.0 5.0 4.0 10.0 10.0 9.0 4.0 6.0 
1108447 1997 11 29 82 10.0 10.0 10.0 10.0 10.0 10.0 10.0 10.0 10.0 10.0 10.0 10.0 10.0 10.0 10.0 9.0 9.0 8.0 5.0 3.0 10.0 10.0 10.0 9.0 
1108447 1997 11 30 82 10.0 9.0 9.0 10.0 10.0 10.0 10.0 10.0 10.0 10.0 10.0 9.0 8.0 8.0 9.0 9.0 8.0 8.0 2.0 7.0 2.0 6.0 8.0 4.0 
1108447 1997 12 1 82 8.0 8.0 8.0 9.0 9.0 9.0 9.0 9.0 9.0 10.0 10.0 10.0 7.0 6.0 5.0 5.0 4.0 3.0 2.0 2.0 0.0 0.0 0.0 0.0 
1108447 1997 12 2 82 0.0 0.0 0.0 0.0 0.0 0.0 0.0 5.0 5.0 4.0 6.0 5.0 5.0 9.0 9.0 8.0 8.0 8.0 7.0 7.0 7.0 7.0 6.0 6.0 
1108447 1997 12 3 82 6.0 5.0 6.0 5.0 5.0 4.0 1.0 3.0 4.0 6.0 4.0 4.0 4.0 5.0 8.0 8.0 8.0 6.0 6.0 7.0 7.0 4.0 8.0 6.0 
1108447 1997 12 4 82 9.0 10.0 10.0 10.0 10.0 9.0 5.0 7.0 6.0 4.0 3.0 4.0 5.0 7.0 8.0 8.0 7.0 7.0 7.0 5.0 4.0 4.0 4.0 2.0 
1108447 1997 12 5 82 0.0 0.0 0.0 0.0 0.0 0.0 5.0 3.0 5.0 9.0 9.0 9.0 9.0 9.0 9.0 7.0 3.0 3.0 3.0 4.0 3.0 2.0 4.0 2.0 
1108447 1997 12 6 82 4.0 4.0 4.0 4.0 9.0 10.0 10.0 10.0 8.0 9.0 9.0 9.0 7.0 2.0 1.0 1.0 2.0 1.0 5.0 8.0 9.0 10.0 9.0 9.0 
1108447 1997 12 7 82 8.0 7.0 7.0 6.0 7.0 7.0 8.0 8.0 10.0 10.0 9.0 9.0 9.0 9.0 9.0 10.0 10.0 10.0 10.0 10.0 10.0 10.0 10.0 8.0 
1108447 1997 12 8 82 7.0 5.0 3.0 5.0 7.0 7.0 6.0 6.0 7.0 6.0 5.0 5.0 3.0 3.0 3.0 6.0 7.0 7.0 6.0 3.0 2.0 2.0 5.0 3.0 
1108447 1997 12 9 82 1.0 5.0 5.0 9.0 9.0 7.0 8.0 5.0 9.0 9.0 9.0 10.0 9.0 10.0 10.0 10.0 10.0 10.0 10.0 10.0 10.0 10.0 10.0 10.0 
1108447 1997 12 10 82 10.0 10.0 10.0 10.0 10.0 10.0 10.0 10.0 10.0 10.0 10.0 10.0 10.0 10.0 10.0 10.0 10.0 10.0 10.0 10.0 10.0 10.0 10.0 8.0 
1108447 1997 12 11 82 7.0 9.0 7.0 6.0 9.0 9.0 10.0 9.0 8.0 9.0 9.0 9.0 9.0 8.0 9.0 7.0 8.0 8.0 8.0 8.0 10.0 10.0 10.0 10.0 
1108447 1997 12 12 82 8.0 10.0 8.0 9.0 9.0 9.0 9.0 8.0 7.0 8.0 8.0 8.0 8.0 8.0 8.0 8.0 7.0 8.0 9.0 9.0 7.0 4.0 3.0 4.0 
1108447 1997 12 13 82 3.0 3.0 3.0 5.0 5.0 7.0 7.0 8.0 7.0 9.0 8.0 9.0 9.0 10.0 10.0 10.0 10.0 10.0 10.0 10.0 10.0 10.0 10.0 10.0 
1108447 1997 12 14 82 10.0 9.0 10.0 10.0 10.0 10.0 8.0 9.0 9.0 9.0 9.0 9.0 10.0 9.0 9.0 9.0 9.0 8.0 8.0 9.0 9.0 10.0 10.0 10.0 
1108447 1997 12 15 82 9.0 9.0 10.0 10.0 10.0 10.0 10.0 10.0 10.0 10.0 10.0 10.0 10.0 10.0 10.0 10.0 10.0 10.0 10.0 10.0 10.0 10.0 10.0 10.0 
1108447 1997 12 16 82 10.0 10.0 10.0 10.0 10.0 10.0 10.0 10.0 10.0 10.0 10.0 10.0 10.0 9.0 10.0 8.0 6.0 9.5 8.0 10.0 10.0 10.0 10.0 10.0 
1108447 1997 12 17 82 10.0 10.0 10.0 10.0 10.0 10.0 9.0 10.0 10.0 9.0 9.0 9.0 9.0 9.0 9.0 5.0 5.0 9.0 10.0 10.0 10.0 10.0 10.0 8.0 
1108447 1997 12 18 82 4.0 3.0 2.0 2.0 5.0 4.0 6.0 8.0 5.0 8.0 8.0 8.0 8.0 9.0 10.0 10.0 10.0 10.0 10.0 10.0 10.0 10.0 10.0 10.0 
1108447 1997 12 19 82 10.0 10.0 10.0 10.0 10.0 10.0 10.0 10.0 10.0 10.0 10.0 10.0 10.0 10.0 10.0 10.0 10.0 10.0 10.0 10.0 10.0 10.0 10.0 10.0 
1108447 1997 12 20 82 10.0 8.0 9.0 9.0 10.0 10.0 10.0 10.0 10.0 8.0 8.0 7.0 9.0 9.0 10.0 10.0 9.0 9.0 10.0 10.0 10.0 10.0 9.0 7.0 
1108447 1997 12 21 82 5.0 2.0 2.0 2.0 1.0 1.0 1.0 1.0 0.0 3.0 1.0 3.0 9.0 3.0 1.0 4.0 7.0 9.0 7.0 8.0 7.0 9.0 9.0 10.0 
1108447 1997 12 22 82 8.0 9.0 10.0 10.0 10.0 10.0 10.0 10.0 10.0 10.0 10.0 10.0 10.0 10.0 10.0 10.0 10.0 10.0 10.0 10.0 10.0 10.0 10.0 10.0 
1108447 1997 12 23 82 10.0 10.0 10.0 10.0 10.0 8.0 9.0 10.0 10.0 10.0 10.0 10.0 10.0 10.0 10.0 10.0 10.0 10.0 10.0 10.0 10.0 10.0 10.0 10.0 
1108447 1997 12 24 82 10.0 10.0 10.0 9.0 6.0 7.0 2.0 2.0 7.0 8.0 7.0 6.0 8.0 8.0 6.0 10.0 10.0 10.0 10.0 7.0 7.0 8.0 8.0 6.0 
1108447 1997 12 25 82 8.0 2.0 2.0 2.0 0.0 1.0 3.0 8.0 9.0 8.0 7.0 8.0 7.0 8.0 9.0 8.0 9.0 8.0 10.0 10.0 10.0 10.0 10.0 10.0 
1108447 1997 12 26 82 10.0 10.0 10.0 10.0 10.0 10.0 10.0 10.0 10.0 10.0 10.0 10.0 10.0 10.0 10.0 10.0 10.0 10.0 7.0 5.0 4.0 7.0 3.0 3.0 
1108447 1997 12 27 82 2.0 3.0 6.0 6.0 7.0 7.0 10.0 10.0 9.0 10.0 10.0 10.0 10.0 10.0 10.0 10.0 10.0 10.0 10.0 10.0 10.0 10.0 10.0 10.0 
1108447 1997 12 28 82 10.0 10.0 10.0 10.0 10.0 10.0 10.0 10.0 10.0 10.0 10.0 10.0 10.0 10.0 10.0 10.0 10.0 10.0 10.0 10.0 10.0 10.0 10.0 10.0 
1108447 1997 12 29 82 10.0 10.0 10.0 10.0 10.0 10.0 10.0 10.0 9.0 9.0 10.0 10.0 10.0 10.0 10.0 10.0 10.0 10.0 10.0 10.0 10.0 10.0 10.0 10.0 
1108447 1997 12 30 82 10.0 10.0 10.0 10.0 10.0 10.0 10.0 10.0 9.0 9.0 9.0 9.0 9.0 8.0 8.0 7.0 7.0 7.0 6.0 4.0 4.0 2.0 2.0 2.0 
1108447 1997 12 31 82 2.0 4.0 10.0 10.0 10.0 10.0 10.0 10.0 10.0 10.0 10.0 10.0 10.0 10.0 10.0 10.0 10.0 10.0 10.0 10.0 10.0 10.0 10.0 10.0 
1108447 1998 1 1 82 9.0 10.0 10.0 10.0 10.0 10.0 10.0 10.0 10.0 10.0 10.0 10.0 10.0 10.0 10.0 10.0 9.0 9.0 9.0 9.0 4.0 5.0 7.0 8.0 
