1108447 1999 1 1 82 8.0 8.0 9.0 9.0 10.0 10.0 10.0 9.0 10.0 9.0 10.0 9.0 7.0 7.0 8.0 8.0 9.0 10.0 10.0 10.0 8.0 9.0 9.0 9.0 
1108447 1999 1 2 82 8.0 7.0 4.0 2.0 1.0 1.0 0.0 0.0 0.0 0.0 0.0 0.0 1.0 3.0 3.0 3.0 10.0 0.0 0.0 2.0 2.0 2.0 2.0 0.0 
1108447 1999 1 3 82 3.0 0.0 0.0 0.0 0.0 2.0 3.0 4.0 7.0 8.0 8.0 6.0 5.0 4.0 4.0 6.0 8.0 8.0 9.0 8.0 9.0 8.0 8.0 8.0 
1108447 1999 1 4 82 10.0 10.0 10.0 10.0 10.0 10.0 10.0 10.0 10.0 10.0 9.0 9.0 9.0 9.0 9.0 9.0 9.0 9.0 9.0 10.0 10.0 10.0 10.0 10.0 
1108447 1999 1 5 82 10.0 10.0 10.0 10.0 10.0 10.0 10.0 10.0 9.0 9.0 9.0 7.0 9.0 9.0 9.0 9.0 9.0 7.0 8.0 5.0 8.0 8.0 10.0 10.0 
1108447 1999 1 6 82 5.0 6.0 9.0 10.0 10.0 10.0 10.0 10.0 10.0 10.0 10.0 10.0 10.0 10.0 10.0 10.0 10.0 10.0 10.0 10.0 10.0 10.0 10.0 10.0 
1108447 1999 1 7 82 10.0 10.0 10.0 9.0 10.0 10.0 8.0 10.0 10.0 9.0 9.0 9.0 9.0 9.0 8.0 4.0 9.0 9.0 10.0 10.0 10.0 10.0 10.0 9.0 
1108447 1999 1 8 82 10.0 10.0 10.0 10.0 10.0 10.0 10.0 9.0 10.0 10.0 10.0 10.0 10.0 10.0 10.0 10.0 10.0 10.0 10.0 10.0 10.0 10.0 10.0 10.0 
1108447 1999 1 9 82 10.0 10.0 10.0 10.0 10.0 10.0 10.0 10.0 10.0 10.0 10.0 10.0 10.0 10.0 10.0 10.0 10.0 10.0 10.0 10.0 10.0 10.0 10.0 10.0 
1108447 1999 1 10 82 10.0 10.0 10.0 10.0 10.0 10.0 10.0 10.0 10.0 10.0 10.0 10.0 10.0 10.0 10.0 10.0 10.0 10.0 10.0 10.0 10.0 10.0 10.0 10.0 
1108447 1999 1 11 82 10.0 10.0 10.0 10.0 10.0 10.0 10.0 10.0 10.0 9.0 10.0 10.0 10.0 9.0 10.0 10.0 10.0 10.0 10.0 10.0 10.0 10.0 10.0 10.0 
1108447 1999 1 12 82 10.0 10.0 10.0 10.0 10.0 10.0 10.0 10.0 10.0 10.0 9.0 9.0 8.0 6.0 7.0 10.0 9.0 7.0 10.0 10.0 6.0 6.0 3.0 4.0 
1108447 1999 1 13 82 3.0 9.0 10.0 10.0 10.0 10.0 10.0 8.0 8.0 9.0 10.0 10.0 10.0 10.0 10.0 10.0 10.0 10.0 10.0 10.0 10.0 10.0 10.0 10.0 
1108447 1999 1 14 82 10.0 10.0 10.0 10.0 10.0 10.0 10.0 10.0 10.0 10.0 10.0 10.0 7.0 3.0 2.0 2.0 3.0 2.0 2.0 1.0 1.0 3.0 8.0 7.0 
1108447 1999 1 15 82 8.0 10.0 10.0 10.0 7.0 8.0 4.0 7.0 5.0 9.0 9.0 10.0 10.0 9.0 10.0 9.0 10.0 10.0 10.0 10.0 10.0 10.0 10.0 10.0 
1108447 1999 1 16 82 10.0 10.0 10.0 8.0 9.0 10.0 10.0 10.0 10.0 10.0 10.0 10.0 10.0 10.0 9.0 10.0 9.0 10.0 10.0 10.0 9.0 10.0 10.0 10.0 
1108447 1999 1 17 82 10.0 9.0 10.0 10.0 10.0 10.0 10.0 10.0 9.0 10.0 10.0 10.0 10.0 10.0 10.0 10.0 10.0 10.0 10.0 10.0 10.0 10.0 10.0 9.0 
1108447 1999 1 18 82 9.0 9.0 8.0 10.0 10.0 10.0 10.0 10.0 10.0 10.0 10.0 10.0 10.0 10.0 10.0 10.0 9.0 10.0 10.0 10.0 10.0 10.0 10.0 10.0 
1108447 1999 1 19 82 10.0 10.0 10.0 5.0 10.0 5.0 8.0 8.0 10.0 10.0 10.0 10.0 10.0 10.0 10.0 10.0 10.0 10.0 10.0 10.0 10.0 10.0 10.0 10.0 
1108447 1999 1 20 82 10.0 10.0 10.0 10.0 10.0 10.0 10.0 10.0 9.0 9.0 9.0 9.0 9.0 9.0 9.0 9.0 9.0 9.0 9.0 10.0 10.0 10.0 10.0 10.0 
1108447 1999 1 21 82 10.0 10.0 10.0 10.0 10.0 10.0 10.0 9.0 10.0 10.0 10.0 10.0 10.0 10.0 10.0 10.0 10.0 9.0 9.0 8.0 8.0 9.0 9.0 10.0 
1108447 1999 1 22 82 8.0 9.0 10.0 10.0 10.0 10.0 8.0 10.0 10.0 10.0 10.0 10.0 10.0 10.0 10.0 10.0 10.0 10.0 9.0 10.0 10.0 10.0 10.0 10.0 
1108447 1999 1 23 82 10.0 10.0 10.0 10.0 10.0 10.0 10.0 10.0 7.0 4.0 3.0 3.0 2.0 1.0 2.0 2.0 0.0 0.0 0.0 0.0 0.0 0.0 4.0 1.0 
1108447 1999 1 24 82 2.0 2.0 7.0 7.0 8.0 8.0 8.0 8.0 5.0 9.0 9.0 10.0 10.0 10.0 10.0 10.0 10.0 10.0 10.0 10.0 10.0 10.0 10.0 10.0 
1108447 1999 1 25 82 10.0 10.0 10.0 10.0 10.0 10.0 10.0 9.0 10.0 10.0 10.0 10.0 10.0 10.0 10.0 10.0 10.0 10.0 10.0 10.0 10.0 10.0 10.0 10.0 
1108447 1999 1 26 82 10.0 10.0 4.0 5.0 5.0 5.0 9.0 9.0 10.0 9.0 9.0 8.0 8.0 3.0 2.0 2.0 4.0 1.0 1.0 1.0 0.0 2.0 7.0 9.0 
1108447 1999 1 27 82 10.0 10.0 10.0 10.0 10.0 10.0 10.0 10.0 10.0 10.0 10.0 10.0 10.0 10.0 10.0 10.0 10.0 10.0 9.0 8.0 10.0 10.0 10.0 10.0 
1108447 1999 1 28 82 9.0 9.0 10.0 10.0 10.0 9.0 8.0 9.0 9.0 10.0 10.0 10.0 10.0 10.0 10.0 10.0 10.0 10.0 10.0 10.0 10.0 10.0 10.0 10.0 
1108447 1999 1 29 82 10.0 10.0 10.0 10.0 10.0 10.0 10.0 10.0 10.0 10.0 10.0 10.0 10.0 10.0 10.0 10.0 10.0 10.0 10.0 10.0 10.0 10.0 10.0 10.0 
1108447 1999 1 30 82 10.0 8.0 9.0 8.0 7.0 5.0 5.0 2.0 4.0 5.0 5.0 9.0 9.0 10.0 10.0 10.0 10.0 10.0 9.0 10.0 10.0 10.0 10.0 8.0 
1108447 1999 1 31 82 8.0 9.0 8.0 9.0 9.0 8.0 9.0 10.0 10.0 9.0 4.0 5.0 8.0 9.0 8.0 8.0 5.0 6.0 6.0 4.0 9.0 9.0 9.0 4.0 
1108447 1999 2 1 82 9.0 7.0 7.0 5.0 7.0 9.0 9.0 9.0 10.0 9.0 9.0 10.0 9.0 9.0 10.0 10.0 10.0 10.0 10.0 10.0 10.0 10.0 10.0 10.0 
1108447 1999 2 2 82 10.0 10.0 10.0 10.0 10.0 10.0 10.0 10.0 10.0 8.0 4.0 3.0 5.0 7.0 8.0 9.0 7.0 7.0 8.0 4.0 2.0 3.0 2.0 1.0 
1108447 1999 2 3 82 4.0 8.0 9.0 9.0 10.0 10.0 10.0 10.0 10.0 10.0 10.0 10.0 10.0 10.0 10.0 10.0 10.0 10.0 10.0 10.0 9.0 5.0 6.0 8.0 
1108447 1999 2 4 82 10.0 10.0 10.0 10.0 10.0 10.0 10.0 10.0 10.0 10.0 10.0 10.0 9.0 8.0 6.0 1.0 8.0 9.0 9.0 4.0 5.0 3.0 4.0 5.0 
1108447 1999 2 5 82 10.0 10.0 10.0 10.0 10.0 10.0 10.0 10.0 10.0 10.0 10.0 10.0 10.0 10.0 10.0 10.0 10.0 9.0 10.0 10.0 8.0 10.0 5.0 8.0 
1108447 1999 2 6 82 7.0 8.0 10.0 10.0 10.0 10.0 10.0 9.0 10.0 10.0 10.0 10.0 10.0 10.0 9.0 10.0 10.0 10.0 10.0 10.0 10.0 5.0 7.0 5.0 
1108447 1999 2 7 82 10.0 10.0 10.0 7.0 9.0 7.0 8.0 10.0 10.0 10.0 10.0 10.0 10.0 9.0 9.0 10.0 10.0 10.0 10.0 10.0 10.0 9.0 9.0 3.0 
1108447 1999 2 8 82 10.0 10.0 10.0 10.0 10.0 10.0 10.0 10.0 9.0 7.0 4.0 7.0 9.0 7.0 8.0 4.0 6.0 7.0 8.0 8.0 10.0 10.0 10.0 10.0 
1108447 1999 2 9 82 5.0 9.0 9.0 6.0 7.0 2.0 7.0 7.0 7.0 5.0 6.0 7.0 8.0 8.0 7.0 8.0 5.0 9.0 9.0 9.0 8.0 10.0 10.0 10.0 
1108447 1999 2 10 82 10.0 10.0 10.0 8.0 8.0 7.0 9.0 9.0 8.0 6.0 8.0 8.0 8.0 9.0 5.0 7.0 7.0 5.0 6.0 3.0 6.0 5.0 4.0 9.0 
1108447 1999 2 11 82 9.0 9.0 9.0 9.0 10.0 10.0 10.0 9.0 9.0 10.0 10.0 10.0 10.0 10.0 10.0 10.0 10.0 10.0 10.0 10.0 10.0 10.0 10.0 10.0 
1108447 1999 2 12 82 10.0 10.0 10.0 10.0 10.0 10.0 10.0 10.0 10.0 10.0 10.0 10.0 10.0 10.0 10.0 10.0 10.0 10.0 10.0 10.0 10.0 10.0 10.0 10.0 
1108447 1999 2 13 82 10.0 10.0 10.0 10.0 10.0 10.0 10.0 10.0 10.0 9.0 7.0 10.0 9.0 7.0 4.0 5.0 4.0 3.0 2.0 2.0 3.0 3.0 7.0 2.0 
1108447 1999 2 14 82 2.0 1.0 2.0 2.0 1.0 3.0 4.0 7.0 8.0 8.0 8.0 8.0 9.0 8.0 9.0 8.0 8.0 8.0 4.0 2.0 2.0 2.0 0.0 0.0 
1108447 1999 2 15 82 1.0 5.0 3.0 7.0 8.0 9.0 8.0 9.0 9.0 9.0 9.0 7.0 8.0 9.0 9.0 10.0 10.0 10.0 10.0 10.0 10.0 10.0 10.0 10.0 
1108447 1999 2 16 82 10.0 10.0 10.0 10.0 10.0 10.0 10.0 9.0 9.0 10.0 10.0 10.0 10.0 10.0 10.0 10.0 10.0 10.0 10.0 10.0 10.0 6.0 8.0 9.0 
1108447 1999 2 17 82 9.0 10.0 10.0 10.0 9.0 9.0 10.0 9.0 10.0 9.0 9.0 9.0 9.0 5.0 4.0 2.0 2.0 2.0 5.0 3.0 3.0 2.0 5.0 4.0 
1108447 1999 2 18 82 3.0 8.0 9.0 10.0 10.0 10.0 10.0 10.0 10.0 10.0 10.0 10.0 10.0 10.0 10.0 10.0 10.0 10.0 10.0 10.0 10.0 10.0 10.0 10.0 
1108447 1999 2 19 82 10.0 10.0 10.0 10.0 8.0 2.0 0.0 2.0 4.0 6.0 7.0 10.0 10.0 10.0 10.0 9.0 10.0 10.0 10.0 10.0 10.0 10.0 10.0 10.0 
1108447 1999 2 20 82 10.0 10.0 10.0 8.0 3.0 4.0 3.0 5.0 9.0 10.0 10.0 10.0 10.0 10.0 10.0 10.0 10.0 10.0 10.0 10.0 10.0 10.0 10.0 10.0 
1108447 1999 2 21 82 10.0 10.0 10.0 10.0 9.0 9.0 10.0 9.0 9.0 9.0 9.0 10.0 10.0 10.0 10.0 9.0 10.0 10.0 9.0 9.0 10.0 10.0 10.0 10.0 
1108447 1999 2 22 82 10.0 10.0 10.0 10.0 10.0 10.0 10.0 10.0 10.0 10.0 10.0 10.0 10.0 10.0 3.0 2.0 3.0 4.0 6.0 5.0 3.0 4.0 6.0 8.0 
1108447 1999 2 23 82 9.0 10.0 10.0 10.0 10.0 10.0 10.0 10.0 10.0 9.0 10.0 10.0 10.0 10.0 10.0 10.0 10.0 10.0 10.0 10.0 10.0 10.0 10.0 10.0 
1108447 1999 2 24 82 10.0 10.0 10.0 10.0 10.0 10.0 10.0 10.0 10.0 9.0 8.0 9.0 9.0 10.0 9.0 10.0 10.0 10.0 10.0 9.0 9.0 10.0 10.0 8.0 
1108447 1999 2 25 82 6.0 10.0 10.0 10.0 10.0 10.0 9.0 9.0 9.0 10.0 10.0 10.0 9.0 9.0 10.0 9.0 9.0 9.0 9.0 9.0 10.0 10.0 9.0 8.0 
1108447 1999 2 26 82 7.0 3.0 3.0 3.0 3.0 3.0 4.0 8.0 7.0 7.0 8.0 9.0 9.0 9.0 10.0 7.0 5.0 9.0 10.0 9.0 10.0 10.0 10.0 10.0 
1108447 1999 2 27 82 10.0 10.0 10.0 10.0 10.0 10.0 10.0 10.0 10.0 10.0 10.0 10.0 10.0 10.0 10.0 10.0 10.0 10.0 10.0 10.0 10.0 8.0 8.0 9.0 
1108447 1999 2 28 82 9.0 9.0 10.0 10.0 10.0 10.0 9.0 6.0 2.0 4.0 5.0 9.0 9.0 10.0 9.0 10.0 8.0 5.0 9.0 10.0 10.0 9.0 5.0 9.0 
1108447 1999 3 1 82 8.0 9.0 8.0 7.0 10.0 9.0 9.0 10.0 10.0 9.0 9.0 9.0 9.0 9.0 10.0 9.0 7.0 4.0 2.0 0.0 3.0 2.0 0.0 0.0 
1108447 1999 3 2 82 4.0 0.0 3.0 3.0 7.0 7.0 9.0 10.0 10.0 10.0 10.0 10.0 10.0 10.0 10.0 10.0 10.0 10.0 10.0 10.0 10.0 10.0 10.0 10.0 
1108447 1999 3 3 82 6.0 8.0 9.0 9.0 9.0 10.0 10.0 10.0 10.0 10.0 10.0 10.0 10.0 10.0 10.0 10.0 10.0 10.0 10.0 10.0 10.0 10.0 10.0 10.0 
1108447 1999 3 4 82 10.0 10.0 10.0 9.0 8.0 5.0 6.0 5.0 8.0 8.0 8.0 8.0 9.0 8.0 6.0 7.0 9.0 7.0 6.0 4.0 3.0 6.0 7.0 7.0 
1108447 1999 3 5 82 8.0 7.0 9.0 9.0 9.0 6.0 7.0 7.0 6.0 6.0 7.0 5.0 6.0 8.0 8.0 6.0 6.0 5.0 5.0 1.0 3.0 3.0 3.0 2.0 
1108447 1999 3 6 82 2.0 0.0 0.0 0.0 0.0 0.0 0.0 3.0 2.0 2.0 2.0 3.0 3.0 3.0 4.0 3.0 3.0 2.0 3.0 3.0 3.0 2.0 2.0 3.0 
1108447 1999 3 7 82 4.0 4.0 5.0 5.0 5.0 7.0 9.0 9.0 9.0 9.0 9.0 9.0 9.0 9.0 9.0 10.0 10.0 10.0 10.0 10.0 10.0 10.0 10.0 10.0 
1108447 1999 3 8 82 10.0 10.0 10.0 10.0 10.0 10.0 10.0 10.0 10.0 10.0 10.0 10.0 9.0 8.0 10.0 8.0 8.0 8.0 8.0 8.0 7.0 7.0 8.0 10.0 
1108447 1999 3 9 82 10.0 10.0 10.0 10.0 10.0 10.0 9.0 8.0 9.0 9.0 8.0 6.0 5.0 4.0 2.0 6.0 7.0 7.0 9.0 8.0 10.0 8.0 9.0 10.0 
1108447 1999 3 10 82 10.0 10.0 10.0 10.0 10.0 10.0 10.0 10.0 10.0 10.0 10.0 10.0 10.0 9.0 7.0 5.0 3.0 2.0 0.0 0.0 0.0 0.0 0.0 0.0 
1108447 1999 3 11 82 1.0 1.0 0.0 0.0 0.0 0.0 6.0 9.0 9.0 4.0 6.0 7.0 9.0 10.0 10.0 10.0 10.0 10.0 10.0 10.0 10.0 10.0 10.0 10.0 
1108447 1999 3 12 82 10.0 10.0 10.0 10.0 10.0 10.0 10.0 10.0 10.0 10.0 10.0 10.0 10.0 10.0 10.0 10.0 10.0 10.0 10.0 10.0 10.0 10.0 10.0 10.0 
1108447 1999 3 13 82 10.0 10.0 10.0 10.0 10.0 10.0 10.0 10.0 10.0 10.0 10.0 10.0 10.0 10.0 10.0 10.0 10.0 10.0 10.0 10.0 10.0 10.0 10.0 10.0 
1108447 1999 3 14 82 10.0 10.0 10.0 10.0 10.0 10.0 10.0 10.0 10.0 8.0 9.0 10.0 9.0 8.0 7.0 3.0 3.0 2.0 2.0 2.0 3.0 6.0 4.0 4.0 
1108447 1999 3 15 82 4.0 5.0 4.0 5.0 5.0 7.0 8.0 10.0 10.0 10.0 10.0 10.0 10.0 10.0 10.0 10.0 10.0 10.0 10.0 10.0 10.0 10.0 10.0 10.0 
1108447 1999 3 16 82 9.0 10.0 10.0 10.0 7.0 10.0 4.0 3.0 4.0 4.0 3.0 3.0 3.0 3.0 2.0 2.0 2.0 2.0 4.0 6.0 8.0 9.0 10.0 10.0 
1108447 1999 3 17 82 10.0 10.0 10.0 10.0 10.0 10.0 10.0 10.0 10.0 10.0 10.0 10.0 10.0 8.0 7.0 10.0 5.0 10.0 8.0 8.0 8.0 9.0 10.0 10.0 
1108447 1999 3 18 82 10.0 10.0 9.0 8.0 8.0 6.0 4.0 5.0 9.0 9.0 10.0 10.0 10.0 10.0 10.0 10.0 10.0 10.0 10.0 10.0 10.0 10.0 10.0 10.0 
1108447 1999 3 19 82 10.0 9.0 9.0 9.0 9.0 9.0 8.0 8.0 4.0 7.0 8.0 6.0 6.0 4.0 5.0 5.0 5.0 3.0 3.0 3.0 2.0 0.0 0.0 0.0 
1108447 1999 3 20 82 0.0 0.0 0.0 0.0 0.0 0.0 0.0 0.0 2.0 3.0 2.0 3.0 2.0 2.0 2.0 4.0 4.0 4.0 8.0 8.0 7.0 7.0 9.0 9.0 
1108447 1999 3 21 82 9.0 9.0 9.0 10.0 10.0 10.0 10.0 10.0 10.0 10.0 10.0 10.0 10.0 10.0 10.0 10.0 10.0 7.0 8.0 8.0 7.0 7.0 6.0 6.0 
1108447 1999 3 22 82 5.0 8.0 10.0 10.0 10.0 10.0 10.0 10.0 10.0 10.0 10.0 10.0 10.0 10.0 10.0 10.0 10.0 10.0 10.0 10.0 10.0 10.0 9.0 10.0 
1108447 1999 3 23 82 10.0 10.0 10.0 10.0 10.0 10.0 10.0 10.0 9.0 8.0 7.0 8.0 7.0 7.0 8.0 9.0 9.0 9.0 9.0 10.0 10.0 10.0 10.0 10.0 
1108447 1999 3 24 82 10.0 10.0 10.0 10.0 10.0 10.0 9.0 10.0 10.0 10.0 10.0 10.0 10.0 10.0 10.0 10.0 10.0 10.0 10.0 10.0 10.0 10.0 10.0 10.0 
1108447 1999 3 25 82 10.0 7.0 3.0 7.0 4.0 7.0 9.0 10.0 10.0 10.0 10.0 9.0 10.0 10.0 10.0 10.0 10.0 10.0 10.0 10.0 10.0 10.0 8.0 8.0 
1108447 1999 3 26 82 6.0 10.0 9.0 10.0 9.0 9.0 9.0 9.0 10.0 9.0 8.0 8.0 7.0 9.0 10.0 10.0 10.0 9.0 10.0 10.0 10.0 8.0 9.0 9.0 
1108447 1999 3 27 82 10.0 9.0 9.0 10.0 8.0 8.0 3.0 1.0 1.0 2.0 3.0 4.0 8.0 9.0 9.0 10.0 10.0 10.0 10.0 10.0 10.0 10.0 9.0 5.0 
1108447 1999 3 28 82 6.0 6.0 7.0 9.0 8.0 9.0 10.0 7.0 5.0 9.0 9.0 10.0 10.0 10.0 10.0 10.0 10.0 10.0 10.0 10.0 10.0 10.0 10.0 10.0 
1108447 1999 3 29 82 10.0 10.0 10.0 9.0 10.0 9.0 9.0 9.0 10.0 10.0 10.0 9.0 10.0 10.0 9.0 10.0 10.0 9.0 9.0 9.0 9.0 9.0 10.0 8.0 
1108447 1999 3 30 82 9.0 9.0 9.0 9.0 9.0 9.0 9.0 10.0 8.0 10.0 10.0 9.0 9.0 9.0 8.0 8.0 9.0 6.0 5.0 6.0 5.0 5.0 2.0 0.0 
1108447 1999 3 31 82 1.0 3.0 5.0 6.0 6.0 4.0 4.0 7.0 7.0 7.0 6.0 2.0 2.0 2.0 2.0 3.0 2.0 2.0 1.0 1.0 1.0 1.0 1.0 0.0 
1108447 1999 4 1 82 0.0 0.0 0.0 0.0 1.0 3.0 7.0 4.0 7.0 7.0 5.0 7.0 7.0 7.0 9.0 7.0 6.0 6.0 6.0 5.0 4.0 4.0 3.0 3.0 
1108447 1999 4 2 82 3.0 3.0 1.0 2.0 2.0 3.0 4.0 8.0 10.0 10.0 10.0 10.0 10.0 10.0 10.0 10.0 10.0 10.0 10.0 10.0 10.0 10.0 10.0 10.0 
1108447 1999 4 3 82 9.0 10.0 8.0 10.0 10.0 10.0 10.0 9.0 9.0 9.0 6.0 3.0 2.0 1.0 1.0 2.0 3.0 3.0 3.0 3.0 3.0 3.0 2.0 2.0 
1108447 1999 4 4 82 1.0 3.0 4.0 6.0 7.0 5.0 8.0 9.0 10.0 10.0 10.0 10.0 10.0 10.0 10.0 10.0 10.0 10.0 10.0 10.0 10.0 10.0 10.0 10.0 
1108447 1999 4 5 82 5.0 4.0 2.0 2.0 2.0 2.0 2.0 2.0 3.0 3.0 9.0 9.0 9.0 9.0 7.0 6.0 7.0 5.0 4.0 2.0 0.0 0.0 0.0 0.0 
1108447 1999 4 6 82 0.0 0.0 0.0 3.0 3.0 4.0 7.0 10.0 10.0 10.0 10.0 9.0 9.0 9.0 9.0 9.0 10.0 10.0 10.0 10.0 10.0 10.0 10.0 10.0 
1108447 1999 4 7 82 10.0 10.0 10.0 10.0 10.0 10.0 10.0 10.0 10.0 10.0 10.0 10.0 10.0 10.0 10.0 10.0 10.0 10.0 10.0 10.0 10.0 10.0 10.0 10.0 
1108447 1999 4 8 82 10.0 10.0 10.0 10.0 9.0 9.0 8.0 7.0 4.0 4.0 3.0 4.0 4.0 4.0 5.0 7.0 8.0 6.0 5.0 4.0 4.0 3.0 3.0 2.0 
1108447 1999 4 9 82 2.0 3.0 3.0 2.0 6.0 5.0 6.0 4.0 7.0 8.0 9.0 9.0 9.0 8.0 9.0 9.0 9.0 9.0 8.0 10.0 9.0 10.0 9.0 9.0 
1108447 1999 4 10 82 9.0 9.0 9.0 10.0 10.0 10.0 10.0 9.0 9.0 9.0 9.0 9.0 9.0 8.0 8.0 8.0 5.0 4.0 3.0 2.0 2.0 3.0 6.0 6.0 
1108447 1999 4 11 82 2.0 1.0 1.0 0.0 0.0 3.0 2.0 4.0 8.0 8.0 5.0 6.0 8.0 9.0 8.0 9.0 9.0 5.0 9.0 10.0 10.0 10.0 10.0 10.0 
1108447 1999 4 12 82 10.0 10.0 10.0 10.0 10.0 10.0 10.0 9.0 9.0 7.0 6.0 8.0 9.0 8.0 7.0 4.0 4.0 3.0 3.0 3.0 4.0 4.0 4.0 6.0 
1108447 1999 4 13 82 6.0 6.0 5.0 2.0 1.0 1.0 1.0 1.0 1.0 1.0 1.0 2.0 2.0 1.0 1.0 0.0 0.0 0.0 0.0 0.0 0.0 0.0 0.0 0.0 
1108447 1999 4 14 82 0.0 0.0 0.0 0.0 0.0 1.0 0.0 2.0 1.0 2.0 4.0 0.0 1.0 0.0 1.0 1.0 1.0 1.0 1.0 1.0 1.0 0.0 0.0 0.0 
1108447 1999 4 15 82 0.0 0.0 0.0 0.0 0.0 0.0 1.0 1.0 2.0 1.0 1.0 0.0 0.0 1.0 2.0 3.0 5.0 5.0 7.0 8.0 8.0 6.0 6.0 0.0 
1108447 1999 4 16 82 3.0 3.0 1.0 0.0 0.0 6.0 6.0 6.0 8.0 10.0 10.0 8.0 8.0 8.0 8.0 8.0 8.0 8.0 9.0 9.0 8.0 6.0 5.0 7.0 
1108447 1999 4 17 82 7.0 7.0 4.0 2.0 3.0 6.0 5.0 9.0 8.0 6.0 4.0 4.0 4.0 7.0 9.0 10.0 10.0 10.0 10.0 10.0 10.0 10.0 10.0 9.0 
1108447 1999 4 18 82 9.0 10.0 10.0 10.0 9.0 10.0 10.0 10.0 10.0 10.0 10.0 10.0 10.0 10.0 9.0 8.0 8.0 10.0 6.0 6.0 4.0 1.0 2.0 4.0 
1108447 1999 4 19 82 4.0 5.0 8.0 9.0 10.0 10.0 10.0 10.0 10.0 10.0 10.0 10.0 10.0 10.0 10.0 10.0 10.0 10.0 10.0 10.0 10.0 10.0 10.0 10.0 
1108447 1999 4 20 82 10.0 8.0 8.0 7.0 7.0 8.0 5.0 6.0 9.0 9.0 9.0 8.0 8.0 7.0 4.0 2.0 1.0 1.0 3.0 4.0 2.0 1.0 1.0 3.0 
1108447 1999 4 21 82 2.0 2.0 5.0 9.0 7.0 4.0 1.0 0.0 2.0 7.0 8.0 7.0 6.0 5.0 6.0 7.0 8.0 3.0 1.0 1.0 0.0 0.0 0.0 0.0 
1108447 1999 4 22 82 0.0 0.0 0.0 0.0 0.0 0.0 0.0 0.0 0.0 0.0 0.0 0.0 3.0 9.0 9.0 8.0 8.0 5.0 4.0 3.0 3.0 2.0 0.0 1.0 
1108447 1999 4 23 82 3.0 3.0 3.0 3.0 3.0 4.0 4.0 6.0 9.0 10.0 10.0 9.0 8.0 5.0 2.0 0.0 0.0 0.0 0.0 0.0 0.0 0.0 0.0 0.0 
1108447 1999 4 24 82 0.0 0.0 0.0 0.0 0.0 0.0 0.0 0.0 2.0 2.0 3.0 3.0 4.0 6.0 8.0 8.0 9.0 8.0 7.0 8.0 8.0 9.0 10.0 10.0 
1108447 1999 4 25 82 10.0 10.0 10.0 10.0 10.0 9.0 9.0 4.0 1.0 1.0 2.0 1.0 1.0 1.0 2.0 3.0 3.0 4.0 5.0 6.0 9.0 9.0 9.0 7.0 
1108447 1999 4 26 82 10.0 9.0 9.0 7.0 7.0 5.0 9.0 9.0 8.0 6.0 9.0 9.0 8.0 6.0 7.0 6.0 6.0 5.0 6.0 7.0 8.0 8.0 8.0 7.0 
1108447 1999 4 27 82 7.0 5.0 7.0 7.0 8.0 9.0 9.0 7.0 6.0 8.0 7.0 6.0 4.0 4.0 5.0 4.0 4.0 3.0 3.0 2.0 2.0 0.0 0.0 0.0 
1108447 1999 4 28 82 0.0 0.0 0.0 1.0 3.0 5.0 4.0 4.0 4.0 3.0 2.0 2.0 2.0 3.0 4.0 3.0 3.0 2.0 0.0 1.0 1.0 0.0 0.0 0.0 
1108447 1999 4 29 82 2.0 2.0 2.0 2.0 2.0 3.0 3.0 3.0 2.0 1.0 1.0 1.0 2.0 1.0 0.0 0.0 0.0 0.0 0.0 1.0 1.0 1.0 0.0 0.0 
1108447 1999 4 30 82 0.0 0.0 1.0 3.0 3.0 6.0 5.0 7.0 9.0 9.0 8.0 9.0 10.0 10.0 10.0 10.0 10.0 10.0 10.0 10.0 10.0 10.0 10.0 10.0 
1108447 1999 5 1 82 10.0 10.0 10.0 10.0 10.0 10.0 10.0 9.0 10.0 9.0 8.0 7.0 4.0 7.0 9.0 8.0 8.0 5.0 7.0 8.0 7.0 7.0 8.0 8.0 
1108447 1999 5 2 82 10.0 10.0 10.0 10.0 10.0 10.0 10.0 10.0 10.0 10.0 10.0 10.0 9.0 10.0 9.0 10.0 10.0 10.0 10.0 10.0 10.0 10.0 10.0 10.0 
1108447 1999 5 3 82 10.0 9.0 10.0 10.0 8.0 9.0 9.0 6.0 7.0 6.0 6.0 7.0 9.0 9.0 5.0 6.0 5.0 3.0 3.0 3.0 4.0 5.0 6.0 6.0 
1108447 1999 5 4 82 5.0 7.0 9.0 4.0 8.0 5.0 5.0 7.0 6.0 4.0 3.0 3.0 3.0 4.0 5.0 5.0 8.0 8.0 8.0 7.0 7.0 6.0 6.0 4.0 
1108447 1999 5 5 82 3.0 3.0 7.0 10.0 10.0 8.0 9.0 10.0 9.0 9.0 9.0 8.0 9.0 9.0 10.0 10.0 10.0 10.0 9.0 9.0 10.0 10.0 10.0 10.0 
1108447 1999 5 6 82 10.0 9.0 10.0 10.0 10.0 10.0 10.0 9.0 10.0 10.0 10.0 10.0 10.0 10.0 10.0 10.0 10.0 10.0 10.0 9.0 9.0 9.0 9.0 7.0 
1108447 1999 5 7 82 6.0 6.0 8.0 10.0 10.0 8.0 9.0 4.0 7.0 5.0 9.0 9.0 9.0 9.0 8.0 9.0 9.0 7.0 7.0 7.0 6.0 6.0 4.0 7.0 
1108447 1999 5 8 82 5.0 5.0 5.0 7.0 4.0 6.0 4.0 6.0 8.0 9.0 9.0 5.0 5.0 3.0 2.0 4.0 4.0 3.0 3.0 3.0 2.0 2.0 2.0 3.0 
1108447 1999 5 9 82 8.0 9.0 10.0 10.0 9.0 9.0 9.0 9.0 9.0 9.0 8.0 8.0 7.0 4.0 4.0 4.0 3.0 2.0 1.0 0.0 0.0 0.0 0.0 0.0 
1108447 1999 5 10 82 0.0 2.0 3.0 1.0 1.0 4.0 4.0 6.0 8.0 9.0 9.0 8.0 6.0 5.0 8.0 9.0 8.0 4.0 3.0 2.0 3.0 3.0 7.0 7.0 
1108447 1999 5 11 82 9.0 9.0 9.0 5.0 9.0 9.0 7.0 9.0 9.0 10.0 10.0 10.0 10.0 10.0 10.0 10.0 10.0 10.0 10.0 10.0 10.0 10.0 10.0 8.0 
1108447 1999 5 12 82 8.0 7.0 9.0 9.0 10.0 10.0 9.0 9.0 10.0 10.0 10.0 9.0 8.0 7.0 7.0 8.0 8.0 8.0 8.0 7.0 8.0 8.0 7.0 7.0 
1108447 1999 5 13 82 9.0 10.0 10.0 10.0 10.0 9.0 9.0 10.0 10.0 10.0 10.0 8.0 8.0 8.0 9.0 8.0 6.0 4.0 2.0 1.0 1.0 1.0 0.0 0.0 
1108447 1999 5 14 82 1.0 2.0 2.0 1.0 1.0 3.0 3.0 2.0 4.0 4.0 4.0 5.0 3.0 2.0 2.0 2.0 3.0 4.0 3.0 4.0 4.0 2.0 1.0 4.0 
1108447 1999 5 15 82 3.0 2.0 2.0 2.0 3.0 2.0 3.0 6.0 3.0 3.0 4.0 6.0 6.0 4.0 5.0 4.0 4.0 3.0 8.0 9.0 10.0 10.0 10.0 10.0 
1108447 1999 5 16 82 10.0 10.0 10.0 10.0 10.0 10.0 10.0 10.0 10.0 10.0 10.0 10.0 10.0 9.0 9.0 9.0 9.0 9.0 7.0 8.0 6.0 6.0 9.0 10.0 
1108447 1999 5 17 82 10.0 10.0 10.0 9.0 10.0 10.0 10.0 10.0 10.0 10.0 10.0 10.0 10.0 10.0 10.0 10.0 10.0 10.0 10.0 10.0 10.0 10.0 10.0 10.0 
1108447 1999 5 18 82 10.0 10.0 10.0 10.0 10.0 10.0 10.0 10.0 10.0 10.0 10.0 8.0 8.0 7.0 9.0 9.0 9.0 9.0 9.0 8.0 9.0 9.0 5.0 5.0 
1108447 1999 5 19 82 7.0 7.0 6.0 9.0 10.0 9.0 9.0 9.0 9.0 9.0 8.0 8.0 9.0 9.0 9.0 9.0 9.0 9.0 10.0 10.0 10.0 10.0 7.0 6.0 
1108447 1999 5 20 82 5.0 6.0 7.0 8.0 10.0 10.0 10.0 10.0 10.0 8.0 9.0 8.0 5.0 8.0 8.0 8.0 8.0 8.0 8.0 9.0 8.0 6.0 6.0 8.0 
1108447 1999 5 21 82 8.0 10.0 9.0 10.0 10.0 8.0 4.0 8.0 5.0 7.0 7.0 8.0 6.0 9.0 8.0 6.0 7.0 9.0 7.0 7.0 6.0 5.0 3.0 3.0 
1108447 1999 5 22 82 3.0 3.0 3.0 4.0 4.0 4.0 3.0 2.0 2.0 1.0 0.0 0.0 0.0 0.0 0.0 0.0 1.0 1.0 1.0 0.0 0.0 0.0 0.0 1.0 
1108447 1999 5 23 82 1.0 1.0 0.0 0.0 1.0 0.0 0.0 0.0 0.0 0.0 0.0 0.0 0.0 0.0 0.0 0.0 0.0 0.0 0.0 0.0 0.0 0.0 0.0 0.0 
1108447 1999 5 24 82 0.0 0.0 0.0 2.0 2.0 0.0 0.0 0.0 0.0 1.0 1.0 2.0 3.0 4.0 4.0 4.0 5.0 7.0 8.0 9.0 8.0 7.0 7.0 8.0 
1108447 1999 5 25 82 9.0 8.0 7.0 2.0 2.0 2.0 2.0 2.0 2.0 2.0 4.0 3.0 1.0 1.0 1.0 1.0 1.0 0.0 0.0 0.0 0.0 0.0 0.0 0.0 
1108447 1999 5 26 82 0.0 0.0 0.0 0.0 0.0 5.0 6.0 8.0 8.0 5.0 6.0 4.0 5.0 9.0 9.0 9.0 9.0 9.0 9.0 5.0 3.0 3.0 3.0 8.0 
1108447 1999 5 27 82 9.0 8.0 8.0 9.0 9.0 10.0 10.0 10.0 10.0 10.0 10.0 10.0 10.0 10.0 9.0 8.0 8.0 8.0 8.0 8.0 5.0 2.0 2.0 2.0 
1108447 1999 5 28 82 1.0 1.0 1.0 5.0 6.0 6.0 9.0 9.0 9.0 8.0 9.0 6.0 8.0 5.0 3.0 3.0 3.0 2.0 1.0 1.0 1.0 1.0 0.0 0.0 
1108447 1999 5 29 82 0.0 0.0 0.0 0.0 2.0 1.0 0.0 0.0 0.0 0.0 0.0 1.0 1.0 1.0 1.0 1.0 0.0 1.0 1.0 1.0 0.0 0.0 0.0 0.0 
1108447 1999 5 30 82 0.0 0.0 0.0 1.0 2.0 2.0 3.0 8.0 9.0 9.0 10.0 10.0 10.0 10.0 10.0 9.0 9.0 9.0 9.0 9.0 9.0 9.0 9.0 9.0 
1108447 1999 5 31 82 9.0 7.0 6.0 7.0 10.0 10.0 10.0 10.0 10.0 10.0 9.0 9.0 9.0 5.0 3.0 5.0 8.0 9.0 9.0 9.0 9.0 10.0 10.0 10.0 
1108447 1999 6 1 82 8.0 8.0 9.0 9.0 10.0 10.0 10.0 10.0 10.0 10.0 10.0 9.0 10.0 9.0 7.0 7.0 8.0 3.0 3.0 7.0 8.0 8.0 9.0 9.0 
1108447 1999 6 2 82 9.0 8.0 9.0 8.0 6.0 9.0 8.0 9.0 3.0 4.0 4.0 3.0 5.0 3.0 3.0 3.0 2.0 2.0 2.0 2.0 2.0 2.0 2.0 0.0 
1108447 1999 6 3 82 0.0 0.0 0.0 0.0 0.0 0.0 1.0 2.0 3.0 4.0 5.0 8.0 7.0 7.0 8.0 8.0 5.0 4.0 4.0 4.0 5.0 5.0 4.0 3.0 
1108447 1999 6 4 82 1.0 7.0 10.0 9.0 10.0 10.0 10.0 10.0 10.0 10.0 10.0 10.0 10.0 10.0 10.0 10.0 10.0 10.0 10.0 10.0 10.0 10.0 10.0 10.0 
1108447 1999 6 5 82 10.0 10.0 10.0 10.0 6.0 7.0 7.0 5.0 4.0 4.0 9.0 9.0 8.0 8.0 8.0 9.0 9.0 9.0 9.0 8.0 5.0 5.0 3.0 3.0 
1108447 1999 6 6 82 6.0 9.0 10.0 9.0 9.0 10.0 10.0 10.0 10.0 10.0 10.0 9.0 9.0 9.0 9.0 9.0 9.0 9.0 9.0 9.0 9.0 7.0 7.0 9.0 
1108447 1999 6 7 82 7.0 4.0 8.0 10.0 10.0 10.0 10.0 9.0 10.0 10.0 9.0 9.0 9.0 5.0 5.0 5.0 4.0 2.0 4.0 4.0 5.0 5.0 5.0 8.0 
1108447 1999 6 8 82 8.0 7.0 9.0 9.0 9.0 9.0 9.0 9.0 9.0 9.0 8.0 9.0 9.0 9.0 9.0 5.0 4.0 5.0 5.0 5.0 5.0 4.0 3.0 3.0 
1108447 1999 6 9 82 6.0 8.0 9.0 9.0 9.0 9.0 9.0 9.0 8.0 9.0 9.0 9.0 9.0 10.0 9.0 9.0 9.0 9.0 9.0 9.0 9.0 9.0 10.0 10.0 
1108447 1999 6 10 82 10.0 10.0 10.0 10.0 8.0 9.0 9.0 9.0 9.0 9.0 9.0 9.0 9.0 9.0 9.0 8.0 6.0 5.0 3.0 2.0 2.0 2.0 2.0 0.0 
1108447 1999 6 11 82 0.0 0.0 0.0 2.0 4.0 4.0 5.0 5.0 7.0 6.0 4.0 4.0 3.0 3.0 3.0 3.0 4.0 4.0 3.0 3.0 7.0 7.0 7.0 7.0 
1108447 1999 6 12 82 6.0 4.0 7.0 7.0 9.0 9.0 9.0 8.0 8.0 8.0 6.0 8.0 9.0 10.0 10.0 10.0 10.0 10.0 10.0 10.0 10.0 10.0 10.0 10.0 
1108447 1999 6 13 82 10.0 10.0 10.0 10.0 10.0 10.0 10.0 9.0 9.0 9.0 9.0 9.0 9.0 3.0 5.0 5.0 8.0 5.0 5.0 7.0 4.0 3.0 2.0 2.0 
1108447 1999 6 14 82 2.0 0.0 0.0 4.0 6.0 6.0 7.0 8.0 7.0 6.0 7.0 8.0 8.0 9.0 7.0 4.0 4.0 3.0 4.0 6.0 4.0 2.0 1.0 0.0 
1108447 1999 6 15 82 0.0 0.0 1.0 1.0 2.0 2.0 4.0 7.0 4.0 4.0 7.0 9.0 9.0 9.0 9.0 6.0 8.0 9.0 9.0 9.0 9.0 9.0 9.0 6.0 
1108447 1999 6 16 82 2.0 1.0 9.0 9.0 9.0 9.0 9.0 9.0 7.0 9.0 9.0 8.0 9.0 7.0 8.0 9.0 9.0 8.0 9.0 8.0 3.0 1.0 3.0 0.0 
1108447 1999 6 17 82 0.0 0.0 2.0 2.0 2.0 3.0 7.0 10.0 10.0 9.0 10.0 9.0 9.0 8.0 7.0 7.0 8.0 8.0 8.0 8.0 10.0 10.0 8.0 9.0 
1108447 1999 6 18 82 10.0 10.0 7.0 7.0 8.0 9.0 10.0 10.0 10.0 10.0 10.0 10.0 9.0 6.0 7.0 4.0 4.0 3.0 4.0 7.0 7.0 8.0 3.0 1.0 
1108447 1999 6 19 82 1.0 1.0 2.0 3.0 5.0 9.0 9.0 9.0 9.0 8.0 8.0 9.0 9.0 9.0 8.0 10.0 10.0 9.0 10.0 10.0 10.0 10.0 10.0 10.0 
1108447 1999 6 20 82 10.0 10.0 10.0 10.0 10.0 10.0 10.0 10.0 10.0 10.0 10.0 10.0 10.0 10.0 10.0 10.0 10.0 10.0 10.0 10.0 10.0 10.0 10.0 10.0 
1108447 1999 6 21 82 10.0 10.0 10.0 10.0 10.0 10.0 10.0 10.0 10.0 10.0 10.0 10.0 10.0 10.0 10.0 10.0 10.0 10.0 10.0 9.0 9.0 6.0 4.0 10.0 
1108447 1999 6 22 82 7.0 10.0 10.0 9.0 10.0 9.0 9.0 9.0 9.0 10.0 10.0 10.0 10.0 10.0 10.0 10.0 10.0 10.0 10.0 9.0 10.0 10.0 10.0 6.0 
1108447 1999 6 23 82 8.0 9.0 9.0 9.0 9.0 9.0 10.0 10.0 10.0 10.0 10.0 10.0 10.0 10.0 10.0 10.0 10.0 10.0 10.0 9.0 8.0 7.0 8.0 10.0 
1108447 1999 6 24 82 8.0 10.0 10.0 10.0 9.0 10.0 10.0 10.0 10.0 10.0 10.0 9.0 10.0 9.0 7.0 5.0 5.0 4.0 5.0 8.0 6.0 8.0 8.0 7.0 
1108447 1999 6 25 82 9.0 9.0 10.0 10.0 10.0 10.0 10.0 10.0 10.0 10.0 10.0 10.0 10.0 9.0 9.0 9.0 7.0 8.0 8.0 9.0 9.0 10.0 10.0 10.0 
1108447 1999 6 26 82 10.0 10.0 10.0 10.0 10.0 10.0 10.0 10.0 10.0 10.0 10.0 10.0 10.0 10.0 10.0 10.0 10.0 10.0 10.0 10.0 10.0 10.0 10.0 10.0 
1108447 1999 6 27 82 10.0 10.0 8.0 9.0 8.0 9.0 9.0 9.0 10.0 10.0 10.0 9.0 9.0 9.0 9.0 9.0 9.0 9.0 9.0 9.0 9.0 10.0 9.0 9.0 
1108447 1999 6 28 82 8.0 9.0 10.0 10.0 10.0 10.0 10.0 10.0 10.0 10.0 10.0 10.0 10.0 9.0 9.0 9.0 10.0 10.0 10.0 10.0 10.0 10.0 10.0 10.0 
1108447 1999 6 29 82 10.0 10.0 10.0 10.0 10.0 9.0 9.0 9.0 10.0 10.0 10.0 10.0 10.0 10.0 10.0 10.0 10.0 10.0 10.0 10.0 10.0 10.0 10.0 10.0 
1108447 1999 6 30 82 10.0 10.0 10.0 10.0 10.0 10.0 10.0 10.0 10.0 10.0 10.0 9.0 10.0 10.0 10.0 10.0 10.0 10.0 10.0 9.0 9.0 10.0 9.0 8.0 
1108447 1999 7 1 82 8.0 8.0 9.0 8.0 10.0 10.0 9.0 9.0 9.0 9.0 9.0 9.0 9.0 9.0 9.0 9.0 8.0 3.0 9.0 9.0 9.0 9.0 10.0 10.0 
1108447 1999 7 2 82 10.0 10.0 10.0 10.0 10.0 10.0 10.0 10.0 10.0 10.0 10.0 10.0 10.0 10.0 10.0 10.0 10.0 10.0 10.0 10.0 10.0 10.0 10.0 10.0 
1108447 1999 7 3 82 10.0 10.0 10.0 10.0 10.0 10.0 10.0 10.0 10.0 10.0 10.0 10.0 9.0 10.0 9.0 9.0 9.0 9.0 9.0 9.0 9.0 9.0 8.0 7.0 
1108447 1999 7 4 82 7.0 7.0 10.0 10.0 9.0 9.0 9.0 10.0 10.0 10.0 10.0 10.0 9.0 9.0 10.0 10.0 10.0 10.0 10.0 10.0 10.0 10.0 10.0 9.0 
1108447 1999 7 5 82 7.0 3.0 2.0 3.0 2.0 2.0 0.0 0.0 0.0 1.0 1.0 0.0 0.0 0.0 1.0 1.0 1.0 0.0 0.0 0.0 0.0 0.0 2.0 4.0 
1108447 1999 7 6 82 2.0 2.0 0.0 4.0 4.0 4.0 4.0 7.0 6.0 5.0 7.0 6.0 4.0 4.0 4.0 4.0 7.0 10.0 9.0 8.0 9.0 10.0 7.0 2.0 
1108447 1999 7 7 82 8.0 10.0 8.0 10.0 10.0 9.0 10.0 9.0 9.0 9.0 9.0 10.0 10.0 10.0 10.0 10.0 10.0 9.0 8.0 8.0 8.0 8.0 5.0 7.0 
1108447 1999 7 8 82 6.0 7.0 6.0 9.0 9.0 9.0 6.0 4.0 4.0 4.0 3.0 5.0 4.0 4.0 3.0 5.0 3.0 0.0 0.0 0.0 1.0 1.0 1.0 2.0 
1108447 1999 7 9 82 2.0 2.0 2.0 1.0 2.0 1.0 1.0 2.0 2.0 0.0 0.0 0.0 0.0 0.0 2.0 1.0 1.0 2.0 2.0 2.0 7.0 8.0 5.0 5.0 
1108447 1999 7 10 82 4.0 3.0 3.0 3.0 3.0 3.0 5.0 8.0 6.0 6.0 7.0 7.0 9.0 9.0 9.0 9.0 5.0 3.0 0.0 0.0 0.0 0.0 0.0 0.0 
1108447 1999 7 11 82 0.0 0.0 0.0 0.0 0.0 0.0 0.0 0.0 0.0 0.0 0.0 0.0 0.0 0.0 0.0 0.0 0.0 0.0 0.0 0.0 0.0 0.0 0.0 0.0 
1108447 1999 7 12 82 0.0 0.0 0.0 0.0 0.0 0.0 0.0 0.0 0.0 0.0 0.0 0.0 0.0 0.0 0.0 0.0 0.0 2.0 2.0 3.0 3.0 2.0 1.0 0.0 
1108447 1999 7 13 82 0.0 0.0 0.0 0.0 1.0 0.0 0.0 1.0 1.0 8.0 2.0 3.0 5.0 4.0 2.0 5.0 7.0 9.0 8.0 7.0 8.0 7.0 9.0 9.0 
1108447 1999 7 14 82 9.0 9.0 5.0 6.0 7.0 8.0 9.0 9.0 9.0 8.0 9.0 9.0 9.0 9.0 9.0 8.0 9.0 9.0 7.0 7.0 6.0 5.0 4.0 2.0 
1108447 1999 7 15 82 0.0 0.0 1.0 9.0 4.0 7.0 8.0 8.0 8.0 9.0 9.0 9.0 9.0 9.0 9.0 9.0 9.0 9.0 9.0 9.0 9.0 9.0 8.0 9.0 
1108447 1999 7 16 82 9.0 9.0 9.0 9.0 10.0 10.0 9.0 10.0 10.0 9.0 9.0 9.0 8.0 6.0 9.0 8.0 9.0 8.0 9.0 8.0 8.0 8.0 5.0 3.0 
1108447 1999 7 17 82 7.0 9.0 7.0 2.0 3.0 5.0 9.5 3.0 2.0 2.0 2.0 2.0 2.0 2.0 3.0 2.0 2.0 2.0 2.0 3.0 3.0 3.0 3.0 10.0 
1108447 1999 7 18 82 10.0 10.0 10.0 10.0 10.0 10.0 10.0 10.0 10.0 9.0 8.0 5.0 4.0 4.0 2.0 2.0 1.0 1.0 2.0 2.0 1.0 0.0 0.0 0.0 
1108447 1999 7 19 82 0.0 0.0 0.0 0.0 1.0 1.0 1.0 1.0 1.0 1.0 1.0 0.0 0.0 1.0 0.0 0.0 0.0 0.0 1.0 0.0 0.0 0.0 0.0 0.0 
1108447 1999 7 20 82 0.0 0.0 0.0 0.0 0.0 0.0 0.0 0.0 1.0 1.0 1.0 1.0 1.0 1.0 2.0 2.0 2.0 3.0 2.0 2.0 3.0 2.0 2.0 1.5 
1108447 1999 7 21 82 0.0 0.0 0.0 0.0 5.0 9.0 8.0 8.0 10.0 10.0 9.0 9.0 9.0 5.0 7.0 4.0 3.0 3.0 1.0 2.0 3.0 8.0 4.0 3.0 
1108447 1999 7 22 82 3.0 4.0 4.0 4.0 5.0 5.0 6.0 7.0 6.0 4.0 5.0 3.0 3.0 2.0 2.0 2.0 1.0 3.0 2.0 3.0 3.0 4.0 5.0 4.0 
1108447 1999 7 23 82 3.0 3.0 4.0 4.0 7.0 7.0 7.0 4.0 4.0 7.0 5.0 5.0 3.0 3.0 4.0 4.0 8.0 10.0 10.0 10.0 10.0 10.0 10.0 10.0 
1108447 1999 7 24 82 10.0 10.0 10.0 10.0 10.0 10.0 10.0 10.0 10.0 10.0 10.0 9.0 9.0 9.0 8.0 8.0 10.0 9.0 8.0 10.0 10.0 10.0 5.0 9.0 
1108447 1999 7 25 82 9.0 9.0 9.0 9.0 9.0 10.0 10.0 10.0 10.0 10.0 10.0 10.0 8.0 7.0 4.0 3.0 3.0 2.0 3.0 3.0 2.0 3.0 3.0 3.0 
1108447 1999 7 26 82 5.0 4.0 3.0 3.0 2.0 1.0 0.0 0.0 0.0 0.0 0.0 0.0 0.0 0.0 0.0 0.0 0.0 0.0 0.0 0.0 0.0 0.0 0.0 0.0 
1108447 1999 7 27 82 0.0 1.0 1.0 0.0 0.0 0.0 0.0 0.0 0.0 0.0 0.0 0.0 0.0 0.0 1.0 1.0 1.0 1.0 1.0 1.0 1.0 1.0 1.0 0.0 
1108447 1999 7 28 82 0.0 0.0 0.0 0.0 0.0 0.0 0.0 0.0 1.0 1.0 0.0 0.0 0.0 0.0 0.0 0.0 0.0 0.0 0.0 0.0 0.0 0.0 0.0 0.0 
1108447 1999 7 29 82 0.0 2.0 7.0 6.0 7.0 9.0 9.0 10.0 10.0 10.0 10.0 10.0 10.0 10.0 10.0 10.0 10.0 10.0 9.0 8.0 7.0 7.0 8.0 9.0 
1108447 1999 7 30 82 8.0 8.0 9.0 9.0 9.0 10.0 10.0 10.0 10.0 9.0 5.0 2.0 2.0 2.0 1.0 0.0 0.0 0.0 1.0 0.0 0.0 0.0 0.0 0.0 
1108447 1999 7 31 82 0.0 1.0 2.0 2.0 1.0 1.0 1.0 1.0 2.0 3.0 3.0 4.0 4.0 5.0 6.0 6.0 7.0 8.0 8.0 8.0 8.0 6.0 6.0 9.0 
1108447 1999 8 1 82 8.0 6.0 4.0 2.0 2.0 1.0 1.0 1.0 1.0 1.0 9.0 8.0 4.0 9.0 8.0 8.0 8.0 6.0 5.0 3.0 2.0 2.0 2.0 0.0 
1108447 1999 8 2 82 0.0 0.0 0.0 0.0 0.0 0.0 0.0 0.0 0.0 0.0 0.0 0.0 0.0 1.0 0.0 1.0 1.0 1.0 1.0 0.0 0.0 0.0 0.0 4.0 
1108447 1999 8 3 82 4.0 5.0 5.0 3.0 3.0 8.0 7.0 9.0 8.0 8.0 7.0 8.0 5.0 4.0 3.0 5.0 8.0 9.0 9.0 8.0 8.0 8.0 9.0 9.0 
1108447 1999 8 4 82 9.0 8.0 8.0 7.0 7.0 7.0 7.0 7.0 8.0 8.0 7.0 5.0 3.0 3.0 3.0 2.0 1.0 1.0 1.0 1.0 2.0 4.0 3.0 4.0 
1108447 1999 8 5 82 8.0 9.0 10.0 10.0 10.0 8.0 8.0 8.0 8.0 10.0 9.0 9.0 8.0 6.0 6.0 3.0 3.0 7.0 8.0 7.0 7.0 5.0 3.0 3.0 
1108447 1999 8 6 82 4.0 7.0 8.0 7.0 8.0 8.0 8.0 9.0 9.0 8.0 7.0 7.0 4.0 0.0 2.0 7.0 7.0 8.0 10.0 10.0 10.0 10.0 10.0 10.0 
1108447 1999 8 7 82 10.0 10.0 10.0 9.0 9.0 10.0 8.0 10.0 10.0 10.0 10.0 10.0 10.0 9.0 10.0 10.0 8.0 10.0 9.0 9.0 10.0 10.0 10.0 10.0 
1108447 1999 8 8 82 9.0 10.0 10.0 9.0 10.0 10.0 10.0 10.0 10.0 10.0 10.0 10.0 10.0 10.0 9.0 9.0 10.0 8.0 8.0 8.0 3.0 3.0 2.0 2.0 
1108447 1999 8 9 82 3.0 4.0 9.0 9.0 9.0 10.0 10.0 10.0 10.0 10.0 9.0 8.0 3.0 2.0 4.0 5.0 2.0 2.0 3.0 3.0 3.0 3.0 2.0 1.0 
1108447 1999 8 10 82 1.0 1.0 1.0 1.0 5.0 6.0 10.0 10.0 6.0 10.0 10.0 9.0 10.0 9.0 8.0 7.0 9.0 7.0 6.0 6.0 8.0 5.0 3.0 0.0 
1108447 1999 8 11 82 0.0 0.0 0.0 5.0 10.0 10.0 9.0 9.0 8.0 8.0 6.0 3.0 4.0 3.0 4.0 4.0 5.0 5.0 7.0 7.0 8.0 6.0 7.0 2.0 
1108447 1999 8 12 82 6.0 4.0 5.0 6.0 9.0 10.0 9.0 9.0 10.0 10.0 10.0 10.0 9.0 9.0 10.0 10.0 10.0 10.0 9.0 9.0 9.0 10.0 10.0 10.0 
1108447 1999 8 13 82 10.0 10.0 10.0 10.0 8.0 10.0 9.0 9.0 8.0 8.0 8.0 7.0 6.0 5.0 2.0 3.0 3.0 2.0 3.0 7.0 5.0 4.0 4.0 3.0 
1108447 1999 8 14 82 3.0 3.0 5.0 5.0 8.0 9.0 9.0 8.0 10.0 10.0 9.0 8.0 8.0 8.0 9.0 9.0 9.0 9.0 9.0 9.0 9.0 9.0 9.0 7.0 
1108447 1999 8 15 82 8.0 8.0 9.0 9.0 10.0 10.0 10.0 10.0 10.0 10.0 10.0 10.0 10.0 10.0 10.0 10.0 10.0 10.0 10.0 10.0 10.0 10.0 10.0 10.0 
1108447 1999 8 16 82 10.0 10.0 10.0 10.0 10.0 10.0 10.0 10.0 10.0 10.0 10.0 10.0 10.0 9.0 9.0 9.0 9.0 9.0 9.0 8.0 8.0 6.0 5.0 1.0 
1108447 1999 8 17 82 2.0 2.0 2.0 3.0 6.0 5.0 4.0 5.0 5.0 3.0 3.0 4.0 3.0 3.0 5.0 0.0 2.0 4.0 5.0 2.0 0.0 0.0 0.0 0.0 
1108447 1999 8 18 82 0.0 0.0 0.0 1.0 2.0 3.0 4.0 3.0 3.0 3.0 3.0 2.0 2.0 2.0 2.0 2.0 1.0 1.0 1.0 1.0 2.0 2.0 2.0 2.0 
1108447 1999 8 19 82 2.0 5.0 3.0 10.0 8.0 9.0 9.0 9.0 9.0 9.0 5.0 5.0 4.0 3.0 2.0 2.0 2.0 2.0 1.0 1.0 1.0 0.0 0.0 0.0 
1108447 1999 8 20 82 0.0 0.0 0.0 0.0 0.0 1.0 3.0 3.0 4.0 5.0 7.0 7.0 5.0 6.0 7.0 8.0 8.0 5.0 3.0 3.0 4.0 3.0 8.0 9.0 
1108447 1999 8 21 82 10.0 10.0 9.0 6.0 8.0 3.0 9.0 6.0 8.0 8.0 5.0 8.0 6.0 9.0 4.0 3.0 1.0 1.0 0.0 2.0 1.0 0.0 0.0 1.0 
1108447 1999 8 22 82 1.0 0.0 0.0 1.0 0.0 6.0 7.0 7.0 7.0 7.0 5.0 3.0 2.0 2.0 1.0 1.0 1.0 1.0 1.0 1.0 1.0 1.0 1.0 3.0 
1108447 1999 8 23 82 7.0 6.0 3.0 2.0 3.0 3.0 3.0 3.0 3.0 5.0 4.0 7.0 6.0 6.0 7.0 7.0 6.0 5.0 3.0 1.0 1.0 0.0 0.0 1.0 
1108447 1999 8 24 82 1.0 2.0 3.0 1.0 2.0 3.0 4.0 10.0 8.0 9.0 8.0 8.0 8.0 7.0 9.0 9.0 9.0 9.0 9.0 9.0 9.0 10.0 10.0 10.0 
1108447 1999 8 25 82 10.0 10.0 9.0 7.0 7.0 6.0 7.0 8.0 8.0 7.0 7.0 5.0 4.0 3.0 2.0 2.0 1.0 1.0 0.0 0.0 0.0 0.0 7.0 4.0 
1108447 1999 8 26 82 4.0 9.0 9.0 9.0 9.0 8.0 7.0 6.0 6.0 8.0 9.0 8.0 5.0 4.0 6.0 7.0 3.0 2.0 2.0 3.0 3.0 3.0 2.0 4.0 
1108447 1999 8 27 82 6.0 7.0 7.0 5.0 4.0 7.0 8.0 5.0 7.0 4.0 1.0 1.0 2.0 2.0 2.0 2.0 2.0 3.0 4.0 7.0 8.0 8.0 8.0 8.0 
1108447 1999 8 28 82 7.0 4.0 4.0 9.0 8.0 6.0 8.0 9.0 10.0 9.0 8.0 9.0 9.0 9.0 8.0 7.0 5.0 5.0 5.0 5.0 5.0 3.0 3.0 4.0 
1108447 1999 8 29 82 8.0 9.0 10.0 10.0 10.0 10.0 10.0 10.0 10.0 10.0 10.0 10.0 9.0 9.0 9.0 9.0 9.0 6.0 7.0 7.0 6.0 7.0 7.0 9.0 
1108447 1999 8 30 82 10.0 8.0 7.0 8.0 9.0 9.0 8.0 10.0 9.0 10.0 9.0 9.0 9.0 9.0 8.0 8.0 8.0 9.0 8.0 8.0 8.0 6.0 4.0 4.0 
1108447 1999 8 31 82 7.0 7.0 8.0 10.0 9.0 9.0 8.0 5.0 5.0 6.0 8.0 7.0 6.0 5.0 7.0 7.0 4.0 5.0 3.0 3.0 3.0 3.0 3.0 2.0 
1108447 1999 9 1 82 0.0 2.0 0.0 0.0 0.0 0.0 0.0 0.0 5.0 1.0 2.0 1.0 2.0 1.0 1.0 1.0 1.0 1.0 0.0 0.0 0.0 1.0 1.0 0.0 
1108447 1999 9 2 82 0.0 0.0 0.0 0.0 0.0 0.0 0.0 0.0 0.0 0.0 0.0 1.0 1.0 1.0 1.0 1.0 1.0 1.0 1.0 1.0 1.0 0.0 0.0 0.0 
1108447 1999 9 3 82 0.0 0.0 0.0 1.0 1.0 2.0 1.0 0.0 0.0 0.0 1.0 1.0 1.0 0.0 0.0 0.0 0.0 0.0 1.0 1.0 2.0 2.0 3.0 2.0 
1108447 1999 9 4 82 6.0 9.0 10.0 9.0 10.0 10.0 10.0 10.0 10.0 10.0 10.0 9.0 9.0 9.0 7.0 9.0 8.0 9.0 9.0 9.0 9.0 10.0 10.0 10.0 
1108447 1999 9 5 82 10.0 10.0 10.0 10.0 10.0 10.0 10.0 10.0 10.0 10.0 10.0 9.0 8.0 9.0 7.0 7.0 8.0 9.0 9.0 9.0 7.0 8.0 8.0 9.0 
1108447 1999 9 6 82 6.0 5.0 8.0 8.0 5.0 3.0 4.0 3.0 1.0 2.0 1.0 2.0 2.0 3.0 3.0 3.0 3.0 2.0 3.0 8.0 7.0 4.0 3.0 2.0 
1108447 1999 9 7 82 2.0 2.0 1.0 1.0 2.0 0.0 1.0 0.0 0.0 0.0 2.0 2.0 2.0 1.0 0.0 0.0 0.0 0.0 0.0 0.0 0.0 0.0 0.0 0.0 
1108447 1999 9 8 82 1.7 0.0 0.0 0.0 0.0 0.0 0.0 0.0 0.0 0.0 0.0 1.0 1.0 1.0 0.0 0.0 0.0 0.0 0.0 1.0 0.0 0.0 0.0 0.0 
1108447 1999 9 9 82 1.3 0.0 1.0 1.0 6.0 6.0 6.0 9.0 10.0 8.0 5.0 3.0 3.0 2.0 3.0 2.0 2.0 2.0 2.0 2.0 1.0 3.0 4.0 2.0 
1108447 1999 9 10 82 1.0 1.0 0.0 4.0 9.0 9.0 8.0 7.0 3.0 3.0 4.0 1.0 2.0 2.0 0.0 0.0 0.0 0.0 0.0 0.0 0.0 0.0 0.0 0.0 
1108447 1999 9 11 82 0.0 0.0 0.0 0.0 0.0 1.0 3.0 3.0 3.0 3.0 3.0 3.0 3.0 3.0 1.0 1.0 2.0 1.0 0.0 0.0 0.0 0.0 0.0 0.0 
1108447 1999 9 12 82 0.0 0.0 0.0 0.0 0.0 0.0 0.0 0.0 0.0 0.0 0.0 0.0 0.0 0.0 1.0 1.0 1.0 1.0 1.0 1.0 0.0 0.0 0.0 0.0 
1108447 1999 9 13 82 0.0 0.0 0.0 0.0 0.0 0.0 0.0 0.0 0.0 0.0 0.0 0.0 0.0 0.0 0.0 0.0 0.0 0.0 0.0 1.0 0.0 0.0 0.0 0.0 
1108447 1999 9 14 82 0.0 0.0 0.0 0.0 0.0 2.0 3.0 5.0 6.0 6.0 7.0 7.0 7.0 7.0 7.0 7.0 8.0 6.0 3.0 2.0 2.0 0.0 0.0 0.0 
1108447 1999 9 15 82 0.0 0.0 0.0 0.0 0.0 3.0 6.0 8.0 8.0 7.0 7.0 6.0 6.0 9.0 8.0 8.0 5.0 4.0 3.0 3.0 3.0 0.0 0.0 2.0 
1108447 1999 9 16 82 7.0 8.0 9.0 7.0 4.0 9.0 10.0 10.0 10.0 10.0 10.0 10.0 10.0 10.0 8.0 4.0 3.0 3.0 2.0 3.0 3.0 9.0 10.0 10.0 
1108447 1999 9 17 82 10.0 10.0 10.0 10.0 10.0 10.0 10.0 10.0 10.0 10.0 10.0 9.0 4.0 1.0 0.0 0.0 0.0 0.0 1.0 2.0 3.0 5.0 7.0 6.0 
1108447 1999 9 18 82 6.0 5.0 4.0 0.0 0.0 0.0 1.0 2.0 5.0 4.0 4.0 5.0 3.0 3.0 2.0 2.0 2.0 1.0 1.0 0.0 0.0 0.0 0.0 0.0 
1108447 1999 9 19 82 0.0 0.0 0.0 0.0 0.0 1.0 4.0 3.0 2.0 2.0 2.0 2.0 1.0 1.0 0.0 0.0 0.0 0.0 0.0 0.0 0.0 0.0 0.0 0.0 
1108447 1999 9 20 82 0.0 0.0 0.0 0.0 0.0 0.0 1.0 0.0 0.0 0.0 0.0 0.0 0.0 0.0 0.0 0.0 0.0 0.0 0.0 0.0 0.0 0.0 0.0 0.0 
1108447 1999 9 21 82 0.0 0.0 0.0 0.0 0.0 1.0 1.0 1.0 1.0 1.0 1.0 2.0 2.0 2.0 0.0 0.0 0.0 0.0 0.0 0.0 0.0 0.0 0.0 0.0 
1108447 1999 9 22 82 0.0 1.0 0.0 0.0 0.0 0.0 1.0 1.0 0.0 0.0 1.0 0.0 1.0 2.0 2.0 2.0 1.0 1.0 1.0 2.0 1.0 0.0 0.0 3.0 
1108447 1999 9 23 82 5.0 6.0 9.0 10.0 10.0 10.0 10.0 10.0 10.0 10.0 10.0 10.0 10.0 9.0 9.0 8.0 7.0 4.0 5.0 8.0 9.0 8.0 6.0 9.0 
1108447 1999 9 24 82 9.0 10.0 10.0 8.0 10.0 8.0 10.0 10.0 10.0 10.0 10.0 10.0 10.0 10.0 10.0 9.0 10.0 4.0 4.0 10.0 10.0 10.0 10.0 4.0 
1108447 1999 9 25 82 8.0 10.0 7.0 4.0 1.0 2.0 2.0 2.0 0.0 0.0 0.0 0.0 1.0 1.0 1.0 1.0 1.0 4.0 8.0 8.0 10.0 8.0 8.0 5.0 
1108447 1999 9 26 82 4.0 3.0 5.0 5.0 8.0 8.0 9.0 9.0 6.0 7.0 2.0 4.0 3.0 2.0 1.0 1.0 1.0 0.0 0.0 0.0 0.0 0.0 0.0 2.0 
1108447 1999 9 27 82 5.0 8.0 4.0 4.0 5.0 4.0 8.0 9.0 10.0 8.0 3.0 1.0 4.0 5.0 5.0 3.0 2.0 2.0 1.0 1.0 1.0 1.0 1.0 1.0 
1108447 1999 9 28 82 1.0 1.0 1.0 7.0 6.0 9.0 9.0 9.0 10.0 9.0 8.0 8.0 8.0 8.0 8.0 8.0 8.0 8.0 9.0 9.0 10.0 10.0 10.0 10.0 
1108447 1999 9 29 82 10.0 10.0 10.0 9.0 8.0 5.0 3.0 2.0 2.0 2.0 2.0 2.0 2.0 2.0 2.0 2.0 1.0 0.0 1.0 1.0 0.0 0.0 0.0 0.0 
1108447 1999 9 30 82 0.0 0.0 1.0 2.0 5.0 7.0 5.0 5.0 8.0 5.0 3.0 2.0 1.0 1.0 1.0 1.0 1.0 0.0 0.0 0.0 0.0 0.0 0.0 0.0 
1108447 1999 10 1 82 0.0 3.0 7.0 2.0 2.0 1.0 2.0 5.0 4.0 4.0 3.0 5.0 7.0 2.0 2.0 3.0 4.0 4.0 3.0 3.0 2.0 0.0 0.0 0.0 
1108447 1999 10 2 82 0.0 0.0 0.0 0.0 0.0 0.0 2.0 3.0 3.0 3.0 2.0 2.0 2.0 2.0 4.0 4.0 6.0 6.0 6.0 4.0 5.0 4.0 3.0 3.0 
1108447 1999 10 3 82 2.0 2.0 4.0 2.0 2.0 2.0 2.0 1.0 2.0 2.0 2.0 1.0 2.0 2.0 2.0 2.0 3.0 8.0 8.0 8.0 4.0 3.0 4.0 5.0 
1108447 1999 10 4 82 3.0 0.0 0.0 0.0 0.0 0.0 1.0 1.0 1.0 0.0 0.0 1.0 1.0 1.0 4.0 6.0 6.0 8.0 8.0 7.0 5.0 5.0 5.0 7.0 
1108447 1999 10 5 82 5.0 5.0 6.0 10.0 10.0 10.0 10.0 10.0 10.0 10.0 10.0 10.0 10.0 10.0 10.0 10.0 10.0 10.0 10.0 10.0 10.0 10.0 10.0 10.0 
1108447 1999 10 6 82 10.0 10.0 10.0 10.0 10.0 10.0 10.0 10.0 10.0 10.0 10.0 10.0 10.0 10.0 10.0 10.0 10.0 10.0 10.0 10.0 10.0 10.0 10.0 10.0 
1108447 1999 10 7 82 10.0 10.0 10.0 10.0 10.0 10.0 10.0 10.0 10.0 10.0 10.0 10.0 10.0 10.0 10.0 10.0 10.0 10.0 10.0 10.0 10.0 10.0 10.0 10.0 
1108447 1999 10 8 82 10.0 10.0 10.0 10.0 10.0 10.0 10.0 10.0 10.0 9.0 9.0 9.0 9.0 7.0 7.0 8.0 6.0 5.0 7.0 3.0 2.0 2.0 3.0 4.0 
1108447 1999 10 9 82 4.0 3.0 3.0 3.0 4.0 7.0 9.0 9.0 9.0 9.0 9.0 5.0 4.0 5.0 9.0 7.0 6.0 8.0 7.0 7.0 7.0 7.0 3.0 3.0 
1108447 1999 10 10 82 2.0 1.0 1.0 1.0 1.0 2.0 2.0 9.0 9.0 9.0 9.0 8.0 9.0 10.0 10.0 10.0 10.0 10.0 10.0 10.0 10.0 10.0 10.0 10.0 
1108447 1999 10 11 82 10.0 10.0 9.0 8.0 6.0 9.0 9.0 9.0 9.0 9.0 9.0 9.0 9.0 9.0 10.0 10.0 10.0 9.0 7.0 8.0 7.0 5.0 3.0 3.0 
1108447 1999 10 12 82 7.0 9.0 5.0 4.0 5.0 5.0 9.0 9.0 10.0 10.0 10.0 10.0 10.0 10.0 10.0 10.0 10.0 10.0 10.0 10.0 10.0 10.0 10.0 10.0 
1108447 1999 10 13 82 10.0 10.0 10.0 10.0 10.0 9.0 9.0 7.0 8.0 8.0 10.0 3.0 3.0 2.0 2.0 4.0 1.0 2.0 7.0 4.0 5.0 4.0 4.0 2.0 
1108447 1999 10 14 82 1.0 1.0 0.0 1.0 4.0 5.0 4.0 3.0 2.0 2.0 2.0 1.0 1.0 1.0 1.0 1.0 1.0 0.0 0.0 0.0 0.0 0.0 0.0 0.0 
1108447 1999 10 15 82 0.0 0.0 0.0 1.0 2.0 3.0 2.0 2.0 2.0 1.0 2.0 4.0 4.0 2.0 2.0 2.0 3.0 0.0 0.0 0.0 0.0 0.0 1.0 0.0 
1108447 1999 10 16 82 2.0 0.0 4.0 4.0 0.0 1.0 1.0 6.0 7.0 7.0 7.0 7.0 9.0 9.0 8.0 8.0 5.0 5.0 5.0 5.0 7.0 8.0 8.0 8.0 
1108447 1999 10 17 82 9.0 9.0 10.0 9.0 5.0 5.0 5.0 8.0 6.0 4.0 4.0 4.0 4.0 3.0 4.0 3.0 4.0 4.0 3.0 2.0 2.0 1.0 1.0 0.0 
1108447 1999 10 18 82 0.0 0.0 0.0 0.0 0.0 0.0 0.0 3.0 3.0 4.0 8.0 3.0 2.0 2.0 0.0 0.0 0.0 0.0 0.0 0.0 0.0 0.0 0.0 0.0 
1108447 1999 10 19 82 0.0 0.0 0.0 0.0 0.0 0.0 0.0 0.0 0.0 0.0 4.0 1.0 0.0 1.0 0.0 0.0 0.0 0.0 0.0 0.0 0.0 0.0 0.0 0.0 
1108447 1999 10 20 82 3.0 3.0 2.0 2.0 4.0 2.0 2.0 3.0 3.0 5.0 4.0 6.0 10.0 10.0 10.0 10.0 8.0 7.0 7.0 7.0 5.0 3.0 2.0 2.0 
1108447 1999 10 21 82 0.0 0.0 0.0 0.0 0.0 2.0 2.0 2.0 3.0 1.0 2.0 9.0 2.0 1.0 1.0 8.0 3.0 0.0 0.0 0.0 0.0 0.0 0.0 0.0 
1108447 1999 10 22 82 0.0 3.0 0.0 2.0 3.0 7.0 7.0 4.0 2.0 2.0 3.0 2.0 3.0 3.0 7.0 8.0 8.0 2.0 2.0 2.0 0.0 2.0 0.0 0.0 
1108447 1999 10 23 82 0.0 0.0 0.0 1.0 2.0 9.0 10.0 10.0 10.0 10.0 10.0 8.0 10.0 10.0 10.0 10.0 10.0 10.0 10.0 10.0 10.0 7.0 7.0 6.0 
1108447 1999 10 24 82 4.0 3.0 3.0 2.0 2.0 0.0 0.0 2.0 1.0 1.0 2.0 3.0 3.0 2.0 2.0 3.0 4.0 7.0 9.0 9.0 10.0 10.0 10.0 10.0 
1108447 1999 10 25 82 10.0 10.0 10.0 8.0 7.0 8.0 10.0 10.0 10.0 10.0 10.0 10.0 10.0 10.0 10.0 9.0 7.0 6.0 6.0 8.0 9.0 9.0 10.0 9.0 
1108447 1999 10 26 82 10.0 10.0 10.0 10.0 8.0 9.0 9.0 9.0 9.0 8.0 8.0 4.0 2.0 1.0 0.0 0.0 0.0 0.0 0.0 0.0 0.0 0.0 0.0 3.0 
1108447 1999 10 27 82 3.0 3.0 2.0 3.0 9.0 10.0 9.0 8.0 10.0 10.0 10.0 10.0 10.0 10.0 10.0 10.0 10.0 10.0 6.0 5.0 7.0 9.0 10.0 9.0 
1108447 1999 10 28 82 10.0 8.0 10.0 10.0 10.0 10.0 10.0 9.0 9.0 9.0 8.0 8.0 8.0 9.0 9.0 9.0 9.0 9.0 9.0 7.0 7.0 6.0 7.0 8.0 
1108447 1999 10 29 82 5.0 3.0 2.0 7.0 8.0 10.0 10.0 10.0 10.0 10.0 10.0 10.0 10.0 10.0 10.0 10.0 10.0 10.0 10.0 10.0 10.0 10.0 10.0 10.0 
1108447 1999 10 30 82 10.0 10.0 10.0 10.0 10.0 10.0 10.0 10.0 10.0 10.0 10.0 10.0 10.0 10.0 10.0 10.0 10.0 10.0 10.0 10.0 10.0 10.0 10.0 10.0 
1108447 1999 10 31 82 10.0 9.0 8.0 3.0 3.0 5.0 2.0 3.0 2.0 2.0 2.0 2.0 2.0 2.0 1.0 1.0 1.0 1.0 1.0 1.0 0.0 0.0 0.0 0.0 
1108447 1999 11 1 82 0.0 0.0 2.0 2.0 3.0 3.0 3.0 4.0 3.0 4.0 4.0 7.0 9.0 9.0 10.0 10.0 10.0 9.0 9.0 8.0 4.0 3.0 2.0 2.0 
1108447 1999 11 2 82 3.0 4.0 4.0 4.0 3.0 2.0 3.0 6.0 9.0 9.0 10.0 10.0 10.0 9.0 9.0 8.0 8.0 8.0 7.0 5.0 0.0 0.0 0.0 6.0 
1108447 1999 11 3 82 9.0 10.0 10.0 10.0 10.0 10.0 10.0 10.0 10.0 10.0 10.0 10.0 10.0 10.0 10.0 10.0 10.0 10.0 8.0 6.0 8.0 10.0 6.0 4.0 
1108447 1999 11 4 82 3.0 3.0 1.0 1.0 1.0 1.0 1.0 1.0 1.0 1.0 1.0 1.0 2.0 2.0 2.0 4.0 3.0 3.0 3.0 2.0 0.0 2.0 2.0 4.0 
1108447 1999 11 5 82 7.0 10.0 10.0 10.0 10.0 10.0 9.0 4.0 3.0 9.0 10.0 8.0 9.0 10.0 10.0 10.0 10.0 10.0 10.0 10.0 10.0 10.0 10.0 10.0 
1108447 1999 11 6 82 10.0 10.0 10.0 10.0 10.0 10.0 10.0 10.0 10.0 10.0 10.0 10.0 10.0 10.0 10.0 10.0 10.0 10.0 10.0 10.0 10.0 10.0 10.0 10.0 
1108447 1999 11 7 82 10.0 10.0 10.0 10.0 10.0 10.0 10.0 10.0 10.0 10.0 10.0 10.0 10.0 10.0 10.0 10.0 10.0 10.0 10.0 10.0 10.0 10.0 10.0 10.0 
1108447 1999 11 8 82 10.0 10.0 10.0 10.0 10.0 10.0 10.0 10.0 10.0 10.0 10.0 10.0 10.0 10.0 10.0 10.0 9.0 9.0 10.0 10.0 10.0 10.0 10.0 10.0 
1108447 1999 11 9 82 10.0 10.0 10.0 10.0 10.0 10.0 10.0 10.0 10.0 10.0 10.0 10.0 10.0 10.0 10.0 10.0 10.0 10.0 10.0 10.0 10.0 10.0 10.0 10.0 
1108447 1999 11 10 82 10.0 10.0 8.0 7.0 10.0 10.0 8.0 9.0 9.0 9.0 9.0 9.0 10.0 10.0 10.0 10.0 9.0 10.0 10.0 10.0 9.0 9.0 9.0 8.0 
1108447 1999 11 11 82 10.0 10.0 10.0 10.0 10.0 10.0 10.0 10.0 10.0 10.0 10.0 10.0 10.0 10.0 10.0 10.0 10.0 10.0 10.0 10.0 10.0 10.0 10.0 10.0 
1108447 1999 11 12 82 10.0 10.0 10.0 10.0 10.0 10.0 10.0 10.0 10.0 10.0 10.0 10.0 10.0 10.0 9.0 7.0 7.0 2.0 2.0 2.0 8.0 10.0 10.0 10.0 
1108447 1999 11 13 82 10.0 10.0 10.0 10.0 10.0 10.0 10.0 9.0 9.0 10.0 10.0 10.0 10.0 10.0 10.0 10.0 10.0 10.0 10.0 10.0 10.0 10.0 10.0 10.0 
1108447 1999 11 14 82 10.0 10.0 10.0 10.0 10.0 10.0 10.0 10.0 10.0 10.0 10.0 10.0 10.0 9.0 10.0 9.0 9.0 8.0 9.0 8.0 9.0 10.0 10.0 10.0 
1108447 1999 11 15 82 10.0 10.0 10.0 10.0 10.0 10.0 6.0 8.0 10.0 9.0 10.0 10.0 10.0 10.0 10.0 10.0 10.0 10.0 10.0 10.0 10.0 9.0 8.0 9.0 
1108447 1999 11 16 82 10.0 10.0 10.0 10.0 10.0 10.0 10.0 10.0 10.0 10.0 10.0 10.0 10.0 10.0 10.0 10.0 10.0 10.0 10.0 10.0 10.0 10.0 10.0 10.0 
1108447 1999 11 17 82 10.0 10.0 10.0 10.0 10.0 10.0 10.0 8.0 9.0 9.0 9.0 9.0 9.0 8.0 8.0 8.0 8.0 7.0 7.0 8.0 9.0 9.0 4.0 3.0 
1108447 1999 11 18 82 10.0 10.0 10.0 10.0 10.0 10.0 5.0 7.0 8.0 9.0 9.0 9.0 9.0 9.0 10.0 10.0 8.0 10.0 10.0 10.0 10.0 10.0 10.0 10.0 
1108447 1999 11 19 82 10.0 10.0 10.0 10.0 10.0 10.0 10.0 10.0 10.0 10.0 10.0 10.0 10.0 10.0 10.0 10.0 10.0 10.0 10.0 9.0 7.0 8.0 7.0 6.0 
1108447 1999 11 20 82 8.0 10.0 10.0 8.0 4.0 4.0 5.0 4.0 2.0 2.0 3.0 7.0 8.0 8.0 8.0 4.0 5.0 8.0 9.0 8.0 10.0 10.0 10.0 10.0 
1108447 1999 11 21 82 10.0 9.0 10.0 9.0 9.0 7.0 5.0 4.0 8.0 8.0 8.0 9.0 7.0 5.0 2.0 3.0 4.0 7.0 8.0 9.0 7.0 9.0 9.0 10.0 
1108447 1999 11 22 82 10.0 10.0 10.0 10.0 10.0 10.0 10.0 10.0 10.0 10.0 10.0 10.0 10.0 10.0 10.0 10.0 9.0 7.0 6.0 5.0 7.0 10.0 10.0 10.0 
1108447 1999 11 23 82 10.0 10.0 10.0 10.0 10.0 10.0 10.0 10.0 9.0 10.0 10.0 9.0 8.0 10.0 9.0 9.0 9.0 9.0 7.0 10.0 10.0 10.0 10.0 10.0 
1108447 1999 11 24 82 10.0 10.0 10.0 10.0 10.0 10.0 10.0 10.0 10.0 10.0 10.0 10.0 10.0 10.0 10.0 10.0 10.0 10.0 10.0 10.0 10.0 10.0 10.0 10.0 
1108447 1999 11 25 82 10.0 10.0 10.0 10.0 10.0 10.0 10.0 10.0 10.0 10.0 10.0 10.0 10.0 10.0 10.0 10.0 10.0 10.0 10.0 9.0 10.0 9.0 9.0 10.0 
1108447 1999 11 26 82 10.0 10.0 7.0 6.0 8.0 8.0 7.0 6.0 7.0 8.0 6.0 4.0 2.0 2.0 2.0 7.0 7.0 8.0 7.0 8.0 8.0 8.0 8.0 8.0 
1108447 1999 11 27 82 10.0 7.0 9.0 10.0 10.0 10.0 10.0 10.0 10.0 10.0 10.0 9.0 8.0 9.0 9.0 10.0 9.0 8.0 9.0 10.0 10.0 10.0 10.0 10.0 
1108447 1999 11 28 82 10.0 10.0 10.0 10.0 10.0 10.0 10.0 10.0 10.0 10.0 9.0 9.0 10.0 9.0 9.0 9.0 8.0 6.0 5.0 5.0 3.0 1.0 1.0 2.0 
1108447 1999 11 29 82 5.0 8.0 5.0 5.0 4.0 2.0 3.0 8.0 9.0 9.0 9.0 10.0 10.0 9.0 10.0 10.0 10.0 10.0 10.0 10.0 10.0 10.0 10.0 10.0 
1108447 1999 11 30 82 10.0 6.0 8.0 8.0 8.0 10.0 9.0 9.0 10.0 10.0 10.0 10.0 10.0 10.0 10.0 10.0 10.0 10.0 10.0 10.0 10.0 10.0 10.0 10.0 
1108447 1999 12 1 82 10.0 10.0 10.0 10.0 10.0 10.0 10.0 9.0 9.0 10.0 10.0 10.0 10.0 10.0 10.0 10.0 10.0 10.0 10.0 10.0 10.0 10.0 10.0 10.0 
1108447 1999 12 2 82 10.0 10.0 10.0 10.0 10.0 10.0 10.0 10.0 10.0 9.0 9.0 8.0 7.0 4.0 3.0 1.0 0.0 0.0 0.0 0.0 0.0 0.0 0.0 0.0 
1108447 1999 12 3 82 0.0 1.0 3.0 3.0 4.0 3.0 7.0 9.0 10.0 10.0 10.0 10.0 10.0 10.0 10.0 10.0 10.0 10.0 10.0 10.0 10.0 10.0 10.0 10.0 
1108447 1999 12 4 82 10.0 10.0 10.0 8.0 9.0 8.0 8.0 9.0 8.0 7.0 7.0 8.0 8.0 9.0 9.0 9.0 9.0 8.0 10.0 10.0 10.0 10.0 10.0 10.0 
1108447 1999 12 5 82 10.0 10.0 5.0 4.0 8.0 8.0 9.0 9.0 9.0 10.0 9.0 9.0 9.0 10.0 10.0 10.0 10.0 10.0 10.0 10.0 10.0 10.0 10.0 10.0 
1108447 1999 12 6 82 10.0 10.0 10.0 9.0 10.0 10.0 10.0 6.0 6.0 8.0 10.0 10.0 9.0 8.0 5.0 5.0 4.0 3.0 2.0 4.0 5.0 7.0 7.0 8.0 
1108447 1999 12 7 82 8.0 9.0 9.0 7.0 9.0 6.0 8.0 9.0 9.0 9.0 9.0 9.0 9.0 7.0 2.0 4.0 3.0 5.0 2.0 6.0 5.0 4.0 7.0 8.0 
1108447 1999 12 8 82 8.0 8.0 9.0 7.0 8.0 7.0 10.0 10.0 10.0 10.0 10.0 10.0 10.0 10.0 10.0 10.0 10.0 10.0 10.0 10.0 10.0 10.0 10.0 10.0 
1108447 1999 12 9 82 10.0 10.0 10.0 10.0 10.0 10.0 10.0 9.0 9.0 9.0 9.0 8.0 8.0 9.0 8.0 9.0 9.0 8.0 5.0 3.0 3.0 5.0 4.0 4.0 
1108447 1999 12 10 82 4.0 9.0 10.0 10.0 10.0 10.0 10.0 10.0 10.0 10.0 9.0 9.0 10.0 10.0 10.0 10.0 10.0 10.0 10.0 10.0 10.0 10.0 10.0 10.0 
1108447 1999 12 11 82 10.0 10.0 10.0 10.0 10.0 10.0 10.0 9.0 9.0 9.0 9.0 9.0 9.0 9.0 9.0 10.0 10.0 10.0 10.0 10.0 10.0 10.0 10.0 10.0 
1108447 1999 12 12 82 10.0 10.0 10.0 10.0 10.0 10.0 10.0 10.0 10.0 10.0 9.0 8.0 3.0 3.0 6.0 7.0 6.0 6.0 8.0 9.0 8.0 8.0 7.0 4.0 
1108447 1999 12 13 82 2.0 3.0 5.0 3.0 7.0 6.0 9.0 9.0 4.0 4.0 3.0 5.0 7.0 9.0 10.0 10.0 9.0 10.0 8.0 6.0 5.0 3.0 2.0 2.0 
1108447 1999 12 14 82 8.0 10.0 10.0 10.0 10.0 10.0 10.0 10.0 10.0 10.0 10.0 10.0 10.0 10.0 10.0 10.0 10.0 10.0 10.0 10.0 10.0 10.0 10.0 10.0 
1108447 1999 12 15 82 10.0 10.0 10.0 10.0 10.0 10.0 10.0 10.0 10.0 10.0 10.0 10.0 10.0 10.0 10.0 10.0 10.0 10.0 10.0 10.0 10.0 10.0 10.0 9.0 
1108447 1999 12 16 82 8.0 7.0 7.0 7.0 7.0 8.0 9.0 8.0 9.0 9.0 9.0 9.0 9.0 7.0 5.0 5.0 9.0 8.0 9.0 4.0 9.0 3.0 10.0 9.0 
1108447 1999 12 17 82 7.0 9.0 8.0 10.0 10.0 10.0 10.0 10.0 10.0 10.0 10.0 10.0 10.0 10.0 10.0 10.0 9.0 8.0 7.0 8.0 8.0 9.0 8.0 10.0 
1108447 1999 12 18 82 10.0 10.0 10.0 3.0 2.0 2.0 3.0 5.0 8.0 9.0 10.0 10.0 10.0 10.0 10.0 10.0 10.0 10.0 9.0 4.0 0.0 9.0 8.0 10.0 
1108447 1999 12 19 82 10.0 10.0 10.0 10.0 10.0 10.0 10.0 10.0 10.0 10.0 10.0 10.0 10.0 10.0 10.0 10.0 10.0 10.0 10.0 10.0 10.0 10.0 10.0 10.0 
1108447 1999 12 20 82 10.0 10.0 10.0 9.0 8.0 5.0 7.0 10.0 9.0 9.0 9.0 9.0 9.0 9.0 9.0 9.0 10.0 10.0 10.0 9.0 10.0 10.0 10.0 10.0 
1108447 1999 12 21 82 9.0 9.0 10.0 10.0 8.0 7.0 8.0 2.0 3.0 5.0 4.0 4.0 3.0 3.0 2.0 1.0 0.0 0.0 0.0 0.0 0.0 0.0 0.0 0.0 
1108447 1999 12 22 82 10.0 10.0 10.0 10.0 10.0 10.0 10.0 10.0 10.0 10.0 10.0 10.0 10.0 10.0 10.0 10.0 10.0 10.0 10.0 10.0 10.0 10.0 10.0 10.0 
1108447 1999 12 23 82 10.0 10.0 10.0 10.0 10.0 10.0 10.0 10.0 10.0 10.0 10.0 10.0 10.0 10.0 10.0 10.0 10.0 10.0 10.0 10.0 10.0 10.0 10.0 10.0 
1108447 1999 12 24 82 10.0 10.0 10.0 10.0 10.0 10.0 10.0 10.0 10.0 10.0 10.0 10.0 10.0 10.0 10.0 10.0 9.0 10.0 10.0 10.0 10.0 10.0 10.0 10.0 
1108447 1999 12 25 82 10.0 10.0 10.0 10.0 10.0 10.0 10.0 10.0 10.0 10.0 10.0 10.0 10.0 10.0 10.0 10.0 10.0 10.0 10.0 10.0 10.0 10.0 10.0 10.0 
1108447 1999 12 26 82 10.0 10.0 10.0 10.0 10.0 10.0 10.0 10.0 10.0 10.0 10.0 10.0 10.0 10.0 10.0 10.0 10.0 10.0 10.0 10.0 10.0 10.0 10.0 10.0 
1108447 1999 12 27 82 10.0 10.0 10.0 10.0 10.0 10.0 10.0 10.0 10.0 10.0 10.0 10.0 10.0 10.0 10.0 10.0 10.0 10.0 10.0 10.0 10.0 10.0 10.0 10.0 
1108447 1999 12 28 82 10.0 10.0 10.0 10.0 10.0 10.0 10.0 10.0 10.0 10.0 10.0 10.0 10.0 6.0 7.0 10.0 10.0 10.0 10.0 10.0 10.0 10.0 10.0 10.0 
1108447 1999 12 29 82 10.0 10.0 10.0 10.0 10.0 10.0 10.0 10.0 10.0 10.0 10.0 10.0 10.0 10.0 10.0 10.0 10.0 10.0 10.0 10.0 10.0 10.0 10.0 10.0 
1108447 1999 12 30 82 10.0 10.0 10.0 10.0 10.0 10.0 10.0 10.0 10.0 10.0 10.0 9.0 9.0 9.0 10.0 10.0 10.0 10.0 10.0 10.0 10.0 10.0 10.0 10.0 
1108447 1999 12 31 82 10.0 10.0 10.0 10.0 10.0 10.0 10.0 10.0 10.0 10.0 10.0 10.0 10.0 10.0 10.0 10.0 10.0 10.0 10.0 10.0 10.0 10.0 10.0 10.0 
1108447 2000 1 1 82 10.0 10.0 10.0 8.0 5.0 6.0 9.0 8.0 9.0 9.0 9.0 9.0 9.0 9.0 9.0 7.0 8.0 9.0 7.0 8.0 6.0 8.0 6.0 9.0 
1108447 2000 1 2 82 10.0 10.0 10.0 10.0 10.0 10.0 9.0 4.0 4.0 6.0 7.0 7.0 7.0 7.0 7.0 8.0 6.0 6.0 4.0 4.0 6.0 7.0 8.0 8.0 
1108447 2000 1 3 82 10.0 10.0 10.0 10.0 10.0 10.0 10.0 10.0 10.0 10.0 10.0 10.0 10.0 10.0 10.0 10.0 10.0 10.0 10.0 10.0 10.0 10.0 10.0 10.0 
1108447 2000 1 4 82 10.0 10.0 10.0 7.0 8.0 7.0 8.0 9.0 9.0 8.0 4.0 7.0 5.0 4.0 3.0 10.0 9.0 9.0 5.0 10.0 10.0 10.0 10.0 10.0 
1108447 2000 1 5 82 8.0 8.0 1.0 0.0 0.0 0.0 0.0 1.0 5.0 10.0 10.0 9.0 10.0 10.0 9.0 8.0 8.0 10.0 10.0 10.0 9.0 8.0 9.0 8.0 
1108447 2000 1 6 82 9.0 9.0 10.0 10.0 10.0 10.0 8.0 10.0 10.0 10.0 10.0 10.0 10.0 10.0 10.0 10.0 10.0 10.0 10.0 10.0 10.0 10.0 10.0 10.0 
1108447 2000 1 7 82 10.0 10.0 10.0 10.0 10.0 10.0 10.0 10.0 10.0 9.0 10.0 10.0 10.0 10.0 10.0 9.0 9.0 10.0 10.0 10.0 10.0 10.0 10.0 10.0 
1108447 2000 1 8 82 10.0 10.0 10.0 10.0 10.0 10.0 10.0 10.0 9.0 9.0 9.0 7.0 6.0 8.0 9.0 9.0 9.0 10.0 10.0 10.0 10.0 10.0 10.0 10.0 
1108447 2000 1 9 82 10.0 10.0 10.0 10.0 10.0 9.0 4.0 3.0 4.0 4.0 6.0 4.0 3.0 4.0 7.0 4.0 4.0 3.0 8.0 10.0 10.0 10.0 10.0 10.0 
1108447 2000 1 10 82 8.0 6.0 9.0 6.0 5.0 10.0 10.0 10.0 10.0 10.0 9.0 9.0 10.0 10.0 10.0 10.0 10.0 10.0 10.0 10.0 10.0 10.0 10.0 10.0 
1108447 2000 1 11 82 9.0 9.0 9.0 9.0 9.0 8.0 8.0 9.0 9.0 9.0 9.0 9.0 10.0 10.0 10.0 10.0 10.0 10.0 2.0 6.0 8.0 5.0 8.0 10.0 
1108447 2000 1 12 82 9.0 9.0 10.0 8.0 9.0 9.0 10.0 10.0 9.0 4.0 5.0 8.0 10.0 10.0 10.0 10.0 10.0 10.0 10.0 10.0 10.0 10.0 10.0 10.0 
1108447 2000 1 13 82 10.0 10.0 9.0 7.0 9.0 7.0 9.0 10.0 10.0 10.0 10.0 10.0 9.0 10.0 8.0 9.0 9.0 8.0 6.0 10.0 6.0 10.0 10.0 10.0 
1108447 2000 1 14 82 10.0 10.0 10.0 10.0 10.0 10.0 10.0 10.0 10.0 10.0 10.0 10.0 9.0 10.0 10.0 7.0 9.0 9.0 9.0 9.0 10.0 9.0 9.0 4.0 
1108447 2000 1 15 82 7.0 9.0 10.0 9.0 10.0 10.0 10.0 9.0 9.0 9.0 9.0 8.0 9.0 9.0 9.0 9.0 9.0 9.0 9.0 9.0 9.0 8.0 8.0 10.0 
1108447 2000 1 16 82 10.0 10.0 10.0 10.0 10.0 10.0 10.0 10.0 10.0 10.0 10.0 10.0 10.0 10.0 10.0 10.0 10.0 10.0 10.0 10.0 10.0 10.0 10.0 10.0 
1108447 2000 1 17 82 10.0 10.0 10.0 10.0 10.0 5.0 2.0 5.0 7.0 8.0 8.0 6.0 8.0 9.0 9.0 9.0 8.0 7.0 9.0 4.0 3.0 3.0 9.0 9.0 
1108447 2000 1 18 82 7.0 5.0 5.0 3.0 7.0 6.0 9.0 5.0 3.0 2.0 2.0 7.0 3.0 5.0 4.0 4.0 3.0 4.0 8.0 8.0 3.0 0.0 0.0 0.0 
1108447 2000 1 19 82 0.0 0.0 0.0 0.0 0.0 0.0 0.0 2.0 0.0 1.0 0.0 0.0 1.0 1.0 1.0 1.0 1.0 1.0 1.0 1.0 3.0 5.0 8.0 9.0 
1108447 2000 1 20 82 10.0 10.0 10.0 10.0 10.0 10.0 10.0 10.0 10.0 10.0 10.0 10.0 10.0 10.0 9.0 10.0 10.0 10.0 10.0 10.0 10.0 10.0 10.0 10.0 
1108447 2000 1 21 82 10.0 10.0 10.0 10.0 10.0 10.0 10.0 10.0 10.0 10.0 10.0 10.0 10.0 10.0 10.0 10.0 10.0 10.0 10.0 10.0 10.0 10.0 9.0 10.0 
1108447 2000 1 22 82 10.0 10.0 10.0 2.0 10.0 10.0 10.0 6.0 8.0 9.0 10.0 10.0 9.0 9.0 8.0 9.0 10.0 10.0 10.0 10.0 10.0 10.0 10.0 10.0 
1108447 2000 1 23 82 10.0 10.0 10.0 10.0 10.0 10.0 9.0 9.0 7.0 3.0 4.0 3.0 7.0 7.0 3.0 3.0 2.0 1.0 1.0 1.0 1.0 1.0 1.0 1.0 
1108447 2000 1 24 82 0.0 0.0 0.0 0.0 0.0 0.0 0.0 0.0 0.0 0.0 0.0 0.0 0.0 0.0 0.0 0.0 1.0 5.0 7.0 8.0 9.0 9.0 10.0 10.0 
1108447 2000 1 25 82 10.0 10.0 10.0 10.0 10.0 10.0 10.0 10.0 10.0 10.0 10.0 10.0 10.0 10.0 10.0 10.0 10.0 10.0 10.0 10.0 10.0 9.0 10.0 10.0 
1108447 2000 1 26 82 10.0 7.0 10.0 10.0 10.0 9.0 9.0 9.0 9.0 9.0 9.0 9.0 9.0 8.0 10.0 9.0 8.0 7.0 8.0 9.0 8.0 8.0 8.0 8.0 
1108447 2000 1 27 82 7.0 7.0 8.0 10.0 10.0 10.0 10.0 10.0 9.0 9.0 9.0 10.0 10.0 9.0 8.0 9.0 7.0 9.0 3.0 2.0 5.0 6.0 9.0 9.0 
1108447 2000 1 28 82 2.0 1.0 1.0 1.0 0.0 0.0 1.0 3.0 5.0 2.0 3.0 2.0 3.0 2.0 2.0 2.0 2.0 1.0 0.0 0.0 0.0 0.0 0.0 0.0 
1108447 2000 1 29 82 0.0 0.0 0.0 0.0 2.0 2.0 2.0 2.0 3.0 3.0 3.0 3.0 3.0 4.0 5.0 6.0 2.0 3.0 1.0 0.0 0.0 0.0 0.0 0.0 
1108447 2000 1 30 82 0.0 0.0 0.0 0.0 0.0 0.0 0.0 0.0 1.0 1.0 1.0 2.0 3.0 4.0 7.0 9.0 9.0 10.0 10.0 10.0 10.0 10.0 10.0 9.0 
1108447 2000 1 31 82 10.0 10.0 10.0 10.0 10.0 10.0 10.0 10.0 9.0 9.0 6.0 7.0 7.0 9.0 10.0 10.0 10.0 10.0 10.0 10.0 10.0 10.0 10.0 10.0 
1108447 2000 2 1 82 10.0 10.0 10.0 10.0 10.0 10.0 10.0 9.0 8.0 9.0 9.0 6.0 7.0 8.0 9.0 9.0 9.0 9.0 8.0 8.0 7.0 5.0 7.0 9.0 
1108447 2000 2 2 82 8.0 3.0 3.0 4.0 4.0 8.0 5.0 8.0 8.0 8.0 8.0 9.0 9.0 9.0 9.0 9.0 8.0 7.0 7.0 5.0 3.0 0.0 0.0 0.0 
1108447 2000 2 3 82 0.0 0.0 0.0 0.0 0.0 0.0 2.0 7.0 6.0 6.0 6.0 6.0 8.0 7.0 8.0 9.0 9.0 9.0 8.0 6.0 5.0 4.0 4.0 7.0 
1108447 2000 2 4 82 8.0 8.0 9.0 9.0 8.0 4.0 2.0 4.0 7.0 8.0 8.0 8.0 9.0 7.0 7.0 8.0 7.0 7.0 5.0 4.0 3.0 3.0 3.0 2.0 
1108447 2000 2 5 82 2.0 1.0 2.0 0.0 8.0 4.0 3.0 3.0 8.0 8.0 8.0 8.0 9.0 9.0 9.0 9.0 7.0 7.0 7.0 8.0 8.0 10.0 10.0 10.0 
1108447 2000 2 6 82 10.0 10.0 10.0 10.0 10.0 10.0 10.0 10.0 9.0 9.0 9.0 10.0 10.0 10.0 10.0 10.0 10.0 10.0 10.0 10.0 6.0 9.0 10.0 10.0 
1108447 2000 2 7 82 10.0 10.0 10.0 10.0 10.0 10.0 9.0 9.0 9.0 9.0 10.0 10.0 10.0 10.0 9.0 9.0 10.0 9.0 9.0 10.0 10.0 10.0 10.0 10.0 
1108447 2000 2 8 82 10.0 10.0 10.0 10.0 10.0 10.0 10.0 10.0 10.0 10.0 10.0 10.0 10.0 10.0 10.0 10.0 10.0 10.0 7.0 9.0 7.0 6.0 9.0 10.0 
1108447 2000 2 9 82 10.0 10.0 10.0 10.0 10.0 8.0 7.0 9.0 9.0 9.0 9.0 10.0 10.0 9.0 9.0 9.0 9.0 8.0 7.0 6.0 7.0 5.0 2.0 1.0 
1108447 2000 2 10 82 1.0 0.0 0.0 0.0 0.0 5.0 2.0 0.0 1.0 1.0 0.0 0.0 0.0 1.0 3.0 3.0 2.0 1.0 1.0 0.0 0.0 0.0 0.0 0.0 
1108447 2000 2 11 82 4.0 3.0 2.0 2.0 3.0 2.0 0.0 0.0 4.0 8.0 9.0 10.0 10.0 10.0 10.0 10.0 9.0 9.0 6.0 2.0 3.0 2.0 9.0 8.0 
1108447 2000 2 12 82 8.0 9.0 9.0 9.0 9.0 9.0 8.0 7.0 9.0 9.0 9.0 9.0 4.0 3.0 5.0 9.0 9.0 9.0 9.0 9.0 10.0 10.0 10.0 10.0 
1108447 2000 2 13 82 10.0 10.0 10.0 10.0 10.0 10.0 9.0 2.0 1.0 0.0 0.0 1.0 1.0 0.0 0.0 0.0 0.0 0.0 0.0 0.0 0.0 0.0 0.0 1.0 
1108447 2000 2 14 82 7.0 6.0 8.0 6.0 6.0 8.0 8.0 8.0 7.0 9.0 9.0 9.0 9.0 9.0 9.0 9.0 9.0 9.0 9.0 9.0 8.0 9.0 8.0 9.0 
1108447 2000 2 15 82 6.0 4.0 4.0 10.0 10.0 10.0 10.0 8.0 4.0 5.0 6.0 8.0 5.0 6.0 9.0 8.0 9.0 8.0 5.0 5.0 6.0 4.0 2.0 1.0 
1108447 2000 2 16 82 1.0 1.0 2.0 2.0 1.0 1.0 0.0 1.0 1.0 1.0 1.0 1.0 1.0 1.0 0.0 0.0 0.0 0.0 0.0 0.0 0.0 0.0 0.0 0.0 
1108447 2000 2 17 82 0.0 0.0 0.0 0.0 0.0 0.0 1.0 0.0 0.0 0.0 0.0 0.0 0.0 0.0 0.0 0.0 0.0 0.0 0.0 0.0 0.0 0.0 0.0 0.0 
1108447 2000 2 18 82 0.0 4.0 3.0 3.0 5.0 7.0 9.0 8.0 10.0 8.0 4.0 3.0 2.0 2.0 4.0 7.0 7.0 8.0 8.0 8.0 8.0 8.0 9.0 9.0 
1108447 2000 2 19 82 5.0 3.0 1.0 4.0 3.0 5.0 7.0 7.0 8.0 8.0 7.0 6.0 6.0 5.0 4.0 2.0 2.0 0.0 1.0 1.0 0.0 0.0 0.0 0.0 
1108447 2000 2 20 82 1.0 2.0 8.0 8.0 8.0 8.0 9.0 9.0 5.0 9.0 10.0 10.0 10.0 10.0 9.0 9.0 9.0 9.0 10.0 10.0 10.0 10.0 10.0 10.0 
1108447 2000 2 21 82 10.0 10.0 10.0 10.0 10.0 10.0 10.0 10.0 10.0 10.0 10.0 10.0 10.0 10.0 10.0 10.0 10.0 10.0 10.0 10.0 10.0 10.0 10.0 10.0 
1108447 2000 2 22 82 10.0 10.0 9.0 9.0 10.0 10.0 10.0 9.0 9.0 10.0 6.0 5.0 7.0 7.0 7.0 9.0 10.0 10.0 10.0 10.0 10.0 10.0 7.0 6.0 
1108447 2000 2 23 82 9.0 10.0 9.0 9.0 6.0 4.0 3.0 3.0 2.0 3.0 4.0 6.0 8.0 7.0 10.0 9.0 10.0 9.0 9.0 8.0 8.0 8.0 9.0 10.0 
1108447 2000 2 24 82 9.0 9.0 8.0 9.0 9.0 7.0 9.0 10.0 10.0 5.0 10.0 10.0 10.0 8.0 9.0 8.0 8.0 7.0 7.0 5.0 4.0 3.0 3.0 8.0 
1108447 2000 2 25 82 10.0 4.0 9.0 9.0 10.0 9.0 10.0 9.0 9.0 9.0 9.0 9.0 10.0 10.0 10.0 10.0 10.0 10.0 10.0 10.0 10.0 10.0 9.0 9.0 
1108447 2000 2 26 82 10.0 10.0 10.0 10.0 10.0 10.0 9.0 9.0 9.0 9.0 7.0 4.0 9.0 8.0 9.0 9.0 9.0 9.0 10.0 9.0 10.0 10.0 10.0 10.0 
1108447 2000 2 27 82 10.0 10.0 10.0 10.0 10.0 10.0 10.0 10.0 10.0 10.0 10.0 10.0 10.0 9.0 9.0 5.0 4.0 6.0 4.0 5.0 8.0 10.0 10.0 10.0 
1108447 2000 2 28 82 10.0 9.0 10.0 10.0 9.0 9.0 9.0 10.0 10.0 10.0 10.0 10.0 10.0 10.0 10.0 10.0 10.0 10.0 10.0 10.0 10.0 10.0 10.0 10.0 
1108447 2000 2 29 82 10.0 10.0 10.0 10.0 10.0 10.0 10.0 10.0 10.0 10.0 10.0 10.0 10.0 10.0 10.0 9.0 9.0 9.0 9.0 9.0 9.0 10.0 9.0 9.0 
1108447 2000 3 1 82 10.0 10.0 5.0 8.0 10.0 10.0 10.0 10.0 10.0 10.0 10.0 10.0 10.0 10.0 10.0 10.0 10.0 10.0 10.0 10.0 10.0 10.0 10.0 10.0 
1108447 2000 3 2 82 10.0 10.0 10.0 10.0 10.0 10.0 10.0 10.0 10.0 10.0 10.0 10.0 10.0 10.0 10.0 8.0 8.0 9.0 9.0 9.0 7.0 8.0 7.0 7.0 
1108447 2000 3 3 82 10.0 10.0 10.0 10.0 10.0 10.0 10.0 10.0 10.0 10.0 10.0 10.0 10.0 10.0 10.0 10.0 10.0 10.0 10.0 10.0 10.0 10.0 10.0 10.0 
1108447 2000 3 4 82 10.0 10.0 10.0 10.0 10.0 10.0 10.0 9.0 9.0 9.0 9.0 9.0 8.0 9.0 9.0 8.0 7.0 7.0 6.0 4.0 3.0 4.0 3.0 3.0 
1108447 2000 3 5 82 0.0 10.0 10.0 10.0 10.0 10.0 5.0 3.0 5.0 3.0 3.0 3.0 3.0 4.0 3.0 7.0 2.0 7.0 9.0 8.0 6.0 0.0 8.0 4.0 
1108447 2000 3 6 82 2.0 1.0 0.0 4.0 2.0 0.0 1.0 1.0 1.0 2.0 2.0 4.0 3.0 3.0 2.0 2.0 2.0 2.0 2.0 2.0 4.0 3.0 4.0 0.0 
1108447 2000 3 7 82 1.0 1.0 1.0 1.0 1.0 1.0 9.0 9.0 9.0 9.0 9.0 8.0 8.0 9.0 9.0 9.0 8.0 10.0 10.0 10.0 10.0 10.0 10.0 10.0 
1108447 2000 3 8 82 10.0 10.0 10.0 10.0 10.0 10.0 10.0 9.0 9.0 10.0 10.0 10.0 10.0 10.0 10.0 10.0 10.0 10.0 10.0 10.0 10.0 10.0 10.0 10.0 
1108447 2000 3 9 82 10.0 10.0 10.0 10.0 10.0 10.0 10.0 10.0 10.0 10.0 10.0 10.0 10.0 10.0 10.0 10.0 10.0 9.0 10.0 10.0 9.0 9.0 3.0 3.0 
1108447 2000 3 10 82 9.0 10.0 10.0 9.0 1.0 0.0 3.0 5.0 7.0 8.0 9.0 9.0 9.0 10.0 10.0 10.0 10.0 10.0 10.0 10.0 10.0 10.0 10.0 10.0 
1108447 2000 3 11 82 10.0 7.0 8.0 9.0 10.0 10.0 9.0 9.0 9.0 9.0 9.0 9.0 9.0 9.0 9.0 9.0 9.0 9.0 8.0 8.0 9.0 8.0 6.0 2.0 
1108447 2000 3 12 82 2.0 2.0 5.0 3.0 4.0 5.0 6.0 9.0 10.0 10.0 10.0 10.0 10.0 10.0 10.0 10.0 10.0 10.0 10.0 10.0 10.0 10.0 9.0 10.0 
1108447 2000 3 13 82 10.0 10.0 10.0 10.0 9.0 10.0 10.0 9.0 10.0 10.0 10.0 10.0 10.0 10.0 10.0 10.0 10.0 10.0 10.0 10.0 10.0 10.0 10.0 10.0 
1108447 2000 3 14 82 10.0 10.0 8.0 9.0 4.0 4.0 7.0 7.0 9.0 8.0 6.0 5.0 6.0 8.0 9.0 9.0 8.0 8.0 0.0 0.0 0.0 0.0 0.0 0.0 
1108447 2000 3 15 82 1.0 1.0 9.0 10.0 9.0 10.0 9.0 9.0 8.0 8.0 9.0 9.0 10.0 8.0 9.0 10.0 10.0 10.0 10.0 10.0 10.0 10.0 10.0 10.0 
1108447 2000 3 16 82 10.0 10.0 10.0 10.0 10.0 10.0 10.0 10.0 10.0 9.0 8.0 8.0 7.0 9.0 10.0 6.0 7.0 8.0 4.0 6.0 7.0 6.0 4.0 5.0 
1108447 2000 3 17 82 8.0 10.0 10.0 10.0 10.0 10.0 10.0 10.0 10.0 10.0 10.0 10.0 10.0 10.0 10.0 9.0 9.0 9.0 9.0 9.0 10.0 9.0 10.0 10.0 
1108447 2000 3 18 82 9.0 9.0 10.0 10.0 10.0 10.0 10.0 10.0 10.0 10.0 10.0 10.0 10.0 10.0 9.0 5.0 8.0 8.0 8.0 6.0 6.0 6.0 8.0 9.0 
1108447 2000 3 19 82 9.0 10.0 10.0 10.0 10.0 10.0 10.0 10.0 9.0 7.0 7.0 8.0 6.0 5.0 5.0 4.0 4.0 1.0 0.0 0.0 0.0 0.0 0.0 0.0 
1108447 2000 3 20 82 3.0 3.0 4.0 4.0 7.0 10.0 9.0 9.0 9.0 10.0 10.0 10.0 9.0 9.0 10.0 10.0 10.0 10.0 10.0 10.0 10.0 10.0 10.0 10.0 
1108447 2000 3 21 82 10.0 10.0 10.0 10.0 10.0 10.0 10.0 10.0 10.0 10.0 10.0 9.0 10.0 10.0 9.0 9.0 4.0 9.0 10.0 10.0 10.0 10.0 10.0 10.0 
1108447 2000 3 22 82 10.0 10.0 10.0 10.0 10.0 10.0 10.0 10.0 10.0 10.0 10.0 10.0 9.0 9.0 10.0 9.0 6.0 3.0 2.0 4.0 8.0 8.0 9.0 9.0 
1108447 2000 3 23 82 10.0 9.0 9.0 10.0 10.0 7.0 4.0 7.0 4.0 2.0 1.0 1.0 1.0 2.0 2.0 8.0 8.0 8.0 8.0 9.0 9.0 9.0 4.0 2.0 
1108447 2000 3 24 82 3.0 2.0 2.0 2.0 2.0 2.0 3.0 3.0 4.0 6.0 7.0 8.0 7.0 8.0 9.0 10.0 10.0 10.0 10.0 10.0 10.0 10.0 10.0 10.0 
1108447 2000 3 25 82 10.0 10.0 10.0 10.0 10.0 9.0 9.0 7.0 7.0 7.0 6.0 5.0 7.0 7.0 8.0 9.0 4.0 4.0 6.0 5.0 4.0 5.0 6.0 4.0 
1108447 2000 3 26 82 3.0 6.0 2.0 2.0 2.0 1.0 4.0 8.0 8.0 9.0 9.0 9.0 9.0 9.0 9.0 10.0 9.0 10.0 10.0 10.0 10.0 10.0 10.0 10.0 
1108447 2000 3 27 82 10.0 10.0 10.0 10.0 10.0 10.0 10.0 10.0 10.0 10.0 10.0 9.0 9.0 9.0 9.0 6.0 5.0 6.0 8.0 7.0 7.0 6.0 8.0 9.0 
1108447 2000 3 28 82 10.0 9.0 9.0 9.0 8.0 9.0 9.0 9.0 9.0 9.0 9.0 10.0 9.0 10.0 10.0 8.0 5.0 8.0 10.0 10.0 9.0 10.0 7.0 6.0 
1108447 2000 3 29 82 2.0 2.0 2.0 1.0 2.0 1.0 1.0 2.0 1.0 2.0 6.0 6.0 6.0 4.0 4.0 4.0 5.0 8.0 8.0 8.0 2.0 1.0 1.0 1.0 
1108447 2000 3 30 82 7.0 8.0 8.0 8.0 8.0 9.0 9.0 9.0 9.0 9.0 6.0 6.0 6.0 2.0 2.0 4.0 3.0 3.0 3.0 3.0 2.0 1.0 3.0 4.0 
1108447 2000 3 31 82 3.0 5.0 8.0 9.0 10.0 8.0 9.0 8.0 6.0 6.0 8.0 8.0 8.0 9.0 10.0 9.0 10.0 9.0 9.0 9.0 9.0 10.0 10.0 10.0 
1108447 2000 4 1 82 10.0 9.0 10.0 10.0 10.0 10.0 10.0 10.0 10.0 10.0 10.0 10.0 10.0 8.0 6.0 5.0 5.0 4.0 6.0 6.0 4.0 3.0 3.0 5.0 
1108447 2000 4 2 82 3.0 2.0 1.0 1.0 1.0 10.0 10.0 10.0 10.0 10.0 9.0 2.0 1.0 0.0 0.0 0.0 0.0 0.0 0.0 0.0 0.0 0.0 0.0 0.0 
1108447 2000 4 3 82 1.0 3.0 5.0 4.0 3.0 5.0 8.0 10.0 10.0 10.0 10.0 10.0 10.0 10.0 7.0 9.0 9.0 9.0 10.0 10.0 10.0 10.0 10.0 10.0 
1108447 2000 4 4 82 10.0 10.0 10.0 10.0 8.0 9.0 8.0 9.0 9.0 9.0 6.0 7.0 10.0 10.0 8.0 7.0 4.0 4.0 5.0 9.0 10.0 10.0 10.0 7.0 
1108447 2000 4 5 82 9.0 3.0 5.0 3.0 7.0 8.0 9.0 9.0 9.0 9.0 10.0 10.0 10.0 10.0 10.0 10.0 10.0 10.0 10.0 10.0 10.0 10.0 10.0 8.0 
1108447 2000 4 6 82 9.0 10.0 10.0 10.0 3.0 4.0 8.0 8.0 4.0 5.0 3.0 2.0 2.0 1.0 2.0 2.0 2.0 3.0 2.0 1.0 0.0 0.0 0.0 0.0 
1108447 2000 4 7 82 0.0 0.0 0.0 0.0 0.0 0.0 1.0 4.0 8.0 4.0 7.0 7.0 7.0 2.0 3.0 6.0 7.0 9.0 3.0 1.0 0.0 0.0 0.0 0.0 
1108447 2000 4 8 82 0.0 3.0 3.0 7.0 6.0 9.0 6.0 4.0 3.0 3.0 4.0 8.0 8.0 9.0 8.0 10.0 7.0 7.0 7.0 5.0 3.0 2.0 2.0 0.0 
1108447 2000 4 9 82 0.0 0.0 0.0 0.0 0.0 4.0 8.0 9.0 9.0 9.0 9.0 8.0 8.0 4.0 3.0 3.0 3.0 2.0 1.0 1.0 2.0 2.0 1.0 2.0 
1108447 2000 4 10 82 2.0 3.0 7.0 7.0 8.0 8.0 8.0 9.0 9.0 7.0 6.0 4.0 7.0 7.0 6.0 6.0 5.0 5.0 7.0 8.0 8.0 8.0 5.0 5.0 
1108447 2000 4 11 82 5.0 3.0 2.0 4.0 7.0 7.0 9.0 10.0 8.0 8.0 7.0 6.0 6.0 7.0 7.0 7.0 9.0 9.0 9.0 3.0 1.0 0.0 2.0 1.0 
1108447 2000 4 12 82 1.0 2.0 1.0 2.0 1.0 2.0 2.0 3.0 2.0 3.0 7.0 8.0 9.0 9.0 9.0 8.0 8.0 9.0 9.0 9.0 8.0 5.0 5.0 2.0 
1108447 2000 4 13 82 2.0 5.0 7.0 8.0 9.0 9.0 9.0 9.0 9.0 10.0 10.0 10.0 10.0 10.0 9.0 9.0 9.0 8.0 6.0 5.0 6.0 4.0 3.0 3.0 
1108447 2000 4 14 82 8.0 9.0 9.0 10.0 9.0 8.0 8.0 8.0 10.0 8.0 9.0 10.0 10.0 10.0 10.0 10.0 10.0 10.0 10.0 10.0 10.0 10.0 10.0 10.0 
1108447 2000 4 15 82 8.0 9.0 9.0 9.0 10.0 9.0 10.0 10.0 9.0 9.0 7.0 7.0 8.0 9.0 5.0 9.0 9.0 9.0 9.0 9.0 9.0 6.0 8.0 8.0 
1108447 2000 4 16 82 9.0 10.0 10.0 8.0 5.0 5.0 4.0 4.0 5.0 5.0 6.0 6.0 6.0 6.0 4.0 7.0 3.0 2.0 1.0 2.0 1.0 1.0 0.0 0.0 
1108447 2000 4 17 82 0.0 0.0 1.0 1.0 1.0 0.0 1.0 1.0 1.0 2.0 2.0 1.0 1.0 1.0 0.0 0.0 0.0 0.0 0.0 0.0 0.0 0.0 2.0 7.0 
1108447 2000 4 18 82 8.0 9.0 9.0 6.0 10.0 9.0 9.0 7.0 6.0 6.0 8.0 6.0 5.0 5.0 5.0 6.0 8.0 9.0 9.0 9.0 9.0 4.0 4.0 5.0 
1108447 2000 4 19 82 5.0 4.0 6.0 8.0 9.0 8.0 9.0 9.0 9.0 9.0 9.0 9.0 7.0 5.0 8.0 8.0 9.0 9.0 9.0 10.0 10.0 10.0 10.0 10.0 
1108447 2000 4 20 82 10.0 10.0 10.0 9.0 9.0 10.0 9.0 9.0 5.0 2.0 3.0 4.0 4.0 3.0 2.0 1.0 1.0 9.0 9.0 9.0 9.0 9.0 9.0 6.0 
1108447 2000 4 21 82 4.0 4.0 4.0 6.0 4.0 4.0 5.0 7.0 8.0 9.0 10.0 10.0 10.0 10.0 10.0 10.0 10.0 10.0 10.0 10.0 10.0 10.0 10.0 10.0 
1108447 2000 4 22 82 10.0 10.0 10.0 10.0 9.0 8.0 9.0 9.0 5.0 4.0 5.0 5.0 8.0 8.0 5.0 7.0 4.0 5.0 2.0 3.0 3.0 1.0 1.0 6.0 
1108447 2000 4 23 82 6.0 8.0 6.0 4.0 2.0 7.0 8.0 10.0 9.0 10.0 10.0 10.0 9.0 9.0 9.0 9.0 5.0 7.0 6.0 5.0 4.0 2.0 5.0 3.0 
1108447 2000 4 24 82 7.0 2.0 1.0 4.0 6.0 8.0 3.0 3.0 3.0 5.0 7.0 7.0 7.0 8.0 8.0 10.0 10.0 10.0 10.0 10.0 10.0 10.0 10.0 10.0 
1108447 2000 4 25 82 10.0 10.0 10.0 10.0 10.0 10.0 10.0 10.0 9.0 9.0 9.0 10.0 10.0 10.0 10.0 10.0 10.0 9.0 8.0 7.0 7.0 6.0 7.0 7.0 
1108447 2000 4 26 82 7.0 7.0 8.0 8.0 8.0 10.0 9.0 9.0 10.0 10.0 10.0 6.0 8.0 8.0 9.0 9.0 10.0 10.0 10.0 10.0 10.0 10.0 10.0 5.0 
1108447 2000 4 27 82 3.0 10.0 10.0 10.0 10.0 10.0 10.0 10.0 10.0 10.0 10.0 10.0 10.0 10.0 10.0 10.0 10.0 10.0 10.0 10.0 10.0 10.0 10.0 7.0 
1108447 2000 4 28 82 7.0 9.0 6.0 8.0 10.0 10.0 9.0 9.0 9.0 9.0 10.0 9.0 9.0 9.0 9.0 8.0 8.0 9.0 9.0 6.0 7.0 7.0 8.0 7.0 
1108447 2000 4 29 82 9.0 4.0 4.0 2.0 3.0 9.0 9.0 9.0 9.0 9.0 9.0 9.0 9.0 9.0 10.0 10.0 10.0 10.0 10.0 10.0 10.0 10.0 10.0 10.0 
1108447 2000 4 30 82 10.0 10.0 10.0 10.0 10.0 10.0 10.0 10.0 10.0 10.0 10.0 10.0 10.0 10.0 10.0 10.0 10.0 10.0 10.0 10.0 10.0 10.0 10.0 10.0 
1108447 2000 5 1 82 10.0 10.0 10.0 10.0 10.0 10.0 8.0 10.0 10.0 10.0 9.0 10.0 9.0 9.0 10.0 10.0 9.0 10.0 10.0 10.0 10.0 10.0 10.0 10.0 
1108447 2000 5 2 82 8.0 7.0 8.0 8.0 7.0 8.0 10.0 9.0 9.0 10.0 10.0 10.0 10.0 10.0 10.0 10.0 10.0 10.0 10.0 10.0 10.0 10.0 10.0 10.0 
1108447 2000 5 3 82 10.0 10.0 10.0 9.0 9.0 10.0 9.0 9.0 9.0 8.0 6.0 6.0 5.0 9.0 5.0 7.0 9.0 9.0 8.0 10.0 10.0 10.0 10.0 10.0 
1108447 2000 5 4 82 10.0 10.0 10.0 10.0 10.0 10.0 9.0 10.0 9.0 9.0 9.0 7.0 9.0 8.0 10.0 10.0 9.0 8.0 10.0 9.0 9.0 10.0 10.0 9.0 
1108447 2000 5 5 82 10.0 10.0 10.0 8.0 5.0 4.0 5.0 5.0 4.0 6.0 8.0 5.0 5.0 6.0 10.0 8.0 9.0 9.0 9.0 8.0 8.0 9.0 6.0 4.0 
1108447 2000 5 6 82 5.0 9.0 10.0 10.0 8.0 8.0 9.0 9.0 9.0 9.0 7.0 6.0 8.0 8.0 6.0 6.0 6.0 6.0 6.0 5.0 1.0 1.0 0.0 0.0 
1108447 2000 5 7 82 0.0 0.0 0.0 0.0 0.0 2.0 2.0 2.0 2.0 3.0 3.0 2.0 2.0 2.0 1.0 1.0 1.0 0.0 0.0 0.0 0.0 0.0 0.0 2.0 
1108447 2000 5 8 82 2.0 3.0 3.0 6.0 4.0 8.0 8.0 9.0 9.0 9.0 9.0 7.0 5.0 9.0 9.0 9.0 9.0 8.0 9.0 10.0 10.0 9.0 7.0 7.0 
1108447 2000 5 9 82 8.0 8.0 10.0 9.0 10.0 10.0 9.0 9.0 9.0 10.0 10.0 10.0 9.0 9.0 9.0 9.0 9.0 10.0 10.0 9.0 9.0 8.0 7.0 10.0 
1108447 2000 5 10 82 10.0 10.0 10.0 10.0 10.0 10.0 10.0 10.0 10.0 10.0 10.0 10.0 10.0 10.0 10.0 10.0 10.0 10.0 10.0 10.0 10.0 10.0 10.0 10.0 
1108447 2000 5 11 82 10.0 10.0 10.0 10.0 10.0 10.0 10.0 10.0 10.0 10.0 10.0 10.0 10.0 10.0 10.0 10.0 10.0 10.0 10.0 10.0 10.0 9.0 10.0 10.0 
1108447 2000 5 12 82 10.0 9.0 9.0 9.0 6.0 9.0 9.0 10.0 10.0 10.0 9.0 8.0 7.0 7.0 5.0 5.0 8.0 9.0 7.0 5.0 3.0 3.0 2.0 3.0 
1108447 2000 5 13 82 3.0 3.0 3.0 3.0 2.0 7.0 6.0 5.0 9.0 10.0 8.0 7.0 10.0 10.0 9.0 9.0 9.0 9.0 9.0 9.0 9.0 8.0 8.0 9.0 
1108447 2000 5 14 82 10.0 10.0 1.5 10.0 10.0 10.0 10.0 7.0 10.0 10.0 10.0 9.0 9.0 8.0 9.0 5.0 6.0 3.0 0.0 0.0 0.0 0.0 0.0 0.0 
1108447 2000 5 15 82 0.0 0.0 0.0 0.0 2.0 1.0 0.0 0.0 0.0 0.0 0.0 1.0 0.0 1.0 4.0 4.0 4.0 5.0 5.0 7.0 7.0 7.0 4.0 0.0 
1108447 2000 5 16 82 0.0 0.0 0.0 0.0 1.0 1.0 1.0 0.0 0.0 1.0 0.0 2.0 1.0 1.0 1.0 4.0 0.0 1.0 2.0 2.0 1.0 2.0 7.0 9.0 
1108447 2000 5 17 82 10.0 10.0 10.0 10.0 10.0 10.0 10.0 10.0 10.0 10.0 10.0 10.0 10.0 10.0 10.0 9.0 9.0 9.0 9.0 8.0 8.0 8.0 8.0 8.0 
1108447 2000 5 18 82 9.0 10.0 10.0 10.0 10.0 8.0 9.0 9.0 8.0 8.0 10.0 10.0 10.0 10.0 10.0 10.0 10.0 10.0 10.0 10.0 10.0 10.0 10.0 10.0 
1108447 2000 5 19 82 10.0 10.0 10.0 10.0 10.0 10.0 10.0 10.0 10.0 10.0 10.0 10.0 10.0 9.0 7.0 7.0 5.0 8.0 6.0 4.0 2.0 2.0 2.0 8.0 
1108447 2000 5 20 82 6.0 8.0 7.0 7.0 8.0 10.0 10.0 10.0 10.0 10.0 10.0 10.0 10.0 10.0 10.0 10.0 10.0 10.0 10.0 10.0 10.0 10.0 10.0 10.0 
1108447 2000 5 21 82 10.0 10.0 10.0 10.0 10.0 10.0 10.0 10.0 10.0 10.0 10.0 10.0 10.0 10.0 10.0 10.0 10.0 10.0 10.0 9.0 8.0 7.0 0.0 2.0 
1108447 2000 5 22 82 2.0 3.0 3.0 8.0 9.0 9.0 9.0 9.0 7.0 10.0 10.0 9.0 10.0 10.0 10.0 10.0 10.0 10.0 8.0 7.0 5.0 7.0 5.0 4.0 
1108447 2000 5 23 82 3.0 3.0 8.0 9.0 9.0 9.0 5.0 6.0 8.0 9.0 5.0 4.0 2.0 2.0 2.0 2.0 2.0 2.0 1.0 1.0 2.0 2.0 2.0 0.0 
1108447 2000 5 24 82 0.0 0.0 0.0 0.0 0.0 1.0 5.0 8.0 9.0 7.0 6.0 5.0 4.0 4.0 6.0 2.0 0.0 2.0 0.0 0.0 1.0 0.0 0.0 0.0 
1108447 2000 5 25 82 0.0 0.0 0.0 0.0 1.0 3.0 6.0 5.0 7.0 7.0 7.0 5.0 6.0 6.0 8.0 6.0 6.0 8.0 9.0 10.0 10.0 10.0 10.0 9.0 
1108447 2000 5 26 82 10.0 10.0 10.0 10.0 10.0 10.0 10.0 10.0 10.0 10.0 10.0 10.0 10.0 10.0 10.0 10.0 10.0 10.0 9.0 9.0 10.0 10.0 10.0 10.0 
1108447 2000 5 27 82 10.0 10.0 10.0 10.0 10.0 10.0 10.0 10.0 10.0 10.0 10.0 8.0 8.0 9.0 9.0 8.0 9.0 9.0 9.0 9.0 10.0 9.0 9.0 10.0 
1108447 2000 5 28 82 10.0 10.0 10.0 10.0 10.0 10.0 10.0 10.0 9.0 9.0 9.0 9.0 9.0 9.0 9.0 8.0 7.0 6.0 6.0 4.0 5.0 3.0 8.0 8.0 
1108447 2000 5 29 82 8.0 8.0 8.0 9.0 10.0 9.0 10.0 10.0 8.0 8.0 7.0 6.0 5.0 3.0 4.0 3.0 3.0 2.0 2.0 2.0 2.0 1.0 1.0 2.0 
1108447 2000 5 30 82 4.0 6.0 8.0 6.0 8.0 9.0 9.0 9.0 10.0 10.0 9.0 9.0 8.0 8.0 8.0 8.0 9.0 9.0 9.0 9.0 8.0 9.0 9.0 9.0 
1108447 2000 5 31 82 9.0 10.0 9.0 9.0 10.0 10.0 10.0 10.0 10.0 10.0 10.0 10.0 10.0 10.0 10.0 10.0 10.0 10.0 9.0 8.0 6.0 6.0 8.0 10.0 
1108447 2000 6 1 82 10.0 10.0 8.0 5.0 8.0 10.0 9.0 9.0 9.0 9.0 9.0 10.0 10.0 8.0 10.0 8.0 9.0 9.0 9.0 10.0 9.0 10.0 9.0 10.0 
1108447 2000 6 2 82 8.0 9.0 8.0 8.0 9.0 9.0 9.0 9.0 8.0 6.0 7.0 3.0 3.0 6.0 1.0 0.0 0.0 0.0 0.0 0.0 0.0 0.0 0.0 0.0 
1108447 2000 6 3 82 0.0 0.0 0.0 1.0 1.0 4.0 5.0 5.0 6.0 7.0 9.0 9.0 8.0 8.0 7.0 6.0 8.0 9.0 5.0 9.0 8.0 7.0 6.0 9.0 
1108447 2000 6 4 82 9.0 9.0 9.0 10.0 9.0 10.0 10.0 10.0 10.0 10.0 7.0 10.0 7.0 10.0 9.0 9.0 9.0 7.0 10.0 10.0 9.0 10.0 10.0 7.0 
1108447 2000 6 5 82 7.0 8.0 4.0 9.0 10.0 9.0 10.0 10.0 10.0 10.0 10.0 10.0 10.0 10.0 10.0 10.0 10.0 9.0 9.0 5.0 4.0 4.0 6.0 7.0 
1108447 2000 6 6 82 9.0 9.0 9.0 8.0 9.0 9.0 9.0 10.0 10.0 10.0 10.0 10.0 10.0 10.0 10.0 10.0 10.0 10.0 10.0 10.0 10.0 10.0 10.0 10.0 
1108447 2000 6 7 82 10.0 10.0 10.0 10.0 10.0 10.0 10.0 10.0 9.0 9.0 10.0 9.0 9.0 9.0 10.0 9.0 9.0 9.0 9.0 10.0 9.0 9.0 8.0 8.0 
1108447 2000 6 8 82 9.0 9.0 9.0 9.0 9.0 9.0 9.0 9.0 9.0 8.0 7.0 7.0 7.0 8.0 8.0 6.0 7.0 7.0 8.0 8.0 7.0 9.0 9.0 9.0 
1108447 2000 6 9 82 8.0 8.0 8.0 8.0 8.0 9.0 10.0 9.0 10.0 10.0 10.0 10.0 10.0 10.0 10.0 10.0 10.0 10.0 10.0 10.0 10.0 9.0 9.0 10.0 
1108447 2000 6 10 82 10.0 10.0 10.0 10.0 10.0 9.0 9.0 9.0 9.0 9.0 9.0 9.0 9.0 9.0 9.0 9.0 9.0 9.0 8.0 8.0 8.0 10.0 9.0 9.0 
1108447 2000 6 11 82 6.0 9.0 6.0 3.0 9.0 9.0 9.0 9.0 9.0 10.0 10.0 10.0 10.0 10.0 10.0 10.0 10.0 10.0 10.0 10.0 10.0 10.0 10.0 10.0 
1108447 2000 6 12 82 10.0 10.0 10.0 10.0 10.0 10.0 10.0 10.0 10.0 9.0 8.0 9.0 8.0 8.0 8.0 8.0 8.0 8.0 7.0 7.0 6.0 7.0 7.0 8.0 
1108447 2000 6 13 82 7.0 8.0 8.0 9.0 9.0 10.0 10.0 10.0 10.0 10.0 10.0 10.0 10.0 10.0 10.0 10.0 10.0 10.0 10.0 10.0 10.0 10.0 10.0 10.0 
1108447 2000 6 14 82 10.0 10.0 10.0 10.0 10.0 10.0 10.0 10.0 10.0 9.0 9.0 9.0 9.0 8.0 7.0 8.0 7.0 7.0 6.0 6.0 6.0 3.0 2.0 1.0 
1108447 2000 6 15 82 1.0 1.0 1.0 1.0 1.0 2.0 3.0 6.0 5.0 7.0 7.0 5.0 2.0 3.0 1.0 1.0 0.0 0.0 0.0 0.0 0.0 0.0 0.0 0.0 
1108447 2000 6 16 82 0.0 0.0 0.0 0.0 0.0 0.0 0.0 1.0 1.0 1.0 3.0 3.0 5.0 7.0 3.0 3.0 7.0 7.0 4.0 3.0 5.0 3.0 3.0 6.0 
1108447 2000 6 17 82 9.0 7.0 9.0 10.0 10.0 10.0 10.0 7.0 3.0 4.0 3.0 3.0 2.0 3.0 2.0 2.0 5.0 7.0 7.0 8.0 10.0 10.0 10.0 10.0 
1108447 2000 6 18 82 10.0 10.0 10.0 10.0 10.0 9.0 9.0 9.0 5.0 5.0 7.0 7.0 3.0 2.0 2.0 2.0 4.0 7.0 7.0 8.0 8.0 6.0 8.0 8.0 
1108447 2000 6 19 82 8.0 9.0 5.0 8.0 7.0 6.0 9.0 9.0 9.0 7.0 5.0 3.0 2.0 2.0 2.0 2.0 2.0 2.0 2.0 2.0 2.0 1.0 0.0 0.0 
1108447 2000 6 20 82 0.0 1.0 1.0 2.0 3.0 2.0 2.0 2.0 3.0 4.0 6.0 6.0 6.0 8.0 4.0 8.0 8.0 10.0 10.0 10.0 10.0 10.0 10.0 10.0 
1108447 2000 6 21 82 10.0 10.0 10.0 9.0 10.0 9.0 9.0 9.0 9.0 8.0 6.0 8.0 8.0 8.0 10.0 8.0 3.0 1.0 0.0 0.0 0.0 0.0 0.0 0.0 
1108447 2000 6 22 82 0.0 0.0 0.0 2.0 2.0 9.0 9.0 8.0 8.0 9.0 10.0 8.0 6.0 6.0 7.0 7.0 4.0 1.0 1.0 4.0 8.0 7.0 8.0 7.0 
1108447 2000 6 23 82 7.0 8.0 8.0 7.0 7.0 10.0 10.0 10.0 10.0 10.0 10.0 10.0 6.0 9.0 8.0 9.0 9.0 9.0 9.0 9.0 9.0 9.0 9.0 10.0 
1108447 2000 6 24 82 10.0 10.0 10.0 9.0 9.0 6.0 2.0 2.0 1.0 1.0 1.0 1.0 1.0 2.0 2.0 1.0 1.0 1.0 0.0 0.0 0.0 0.0 0.0 0.0 
1108447 2000 6 25 82 0.0 0.0 0.0 0.0 1.0 1.0 0.0 0.0 0.0 2.0 2.0 5.0 6.0 8.0 8.0 8.0 8.0 5.0 3.0 2.0 2.0 2.0 3.0 0.0 
1108447 2000 6 26 82 0.0 0.0 0.0 0.0 0.0 0.0 0.0 0.0 0.0 0.0 0.0 0.0 0.0 1.0 1.0 1.0 1.0 1.0 0.0 0.0 0.0 0.0 0.0 0.0 
1108447 2000 6 27 82 0.0 0.0 0.0 3.0 6.0 3.0 2.0 5.0 7.0 6.0 8.0 9.0 9.0 8.0 6.0 6.0 6.0 6.0 10.0 10.0 10.0 10.0 10.0 7.0 
1108447 2000 6 28 82 5.0 3.0 3.0 3.0 1.0 0.0 0.0 0.0 0.0 0.0 0.0 0.0 0.0 0.0 2.0 1.0 1.0 2.0 3.0 3.0 4.0 4.0 2.0 2.0 
1108447 2000 6 29 82 2.0 0.0 0.0 1.0 4.0 7.0 9.0 7.0 7.0 7.0 8.0 8.0 9.0 9.0 9.0 9.0 10.0 10.0 10.0 10.0 9.0 9.0 9.0 8.0 
1108447 2000 6 30 82 8.0 9.0 8.0 7.0 9.0 8.0 9.0 10.0 10.0 10.0 10.0 9.0 8.0 7.0 5.0 3.0 2.0 5.0 4.0 8.0 7.0 2.0 3.0 5.0 
1108447 2000 7 1 82 5.0 3.0 2.0 3.0 7.0 7.0 9.0 10.0 10.0 10.0 8.0 9.0 10.0 10.0 8.0 10.0 9.0 10.0 10.0 9.0 9.0 9.0 10.0 10.0 
1108447 2000 7 2 82 10.0 10.0 9.0 9.0 10.0 9.0 9.0 9.0 9.0 9.0 9.0 8.0 8.0 9.0 9.0 8.0 6.0 4.0 3.0 2.0 2.0 2.0 2.0 0.0 
1108447 2000 7 3 82 0.0 2.0 3.0 7.0 9.0 9.0 10.0 10.0 6.0 9.0 6.0 6.0 6.0 5.0 4.0 5.0 5.0 7.0 8.0 8.0 9.0 9.0 10.0 9.0 
1108447 2000 7 4 82 9.0 9.0 10.0 10.0 10.0 9.0 9.0 9.0 9.0 9.0 9.0 9.0 6.0 7.0 9.0 9.0 9.0 9.0 9.0 9.0 9.0 9.0 10.0 10.0 
1108447 2000 7 5 82 10.0 10.0 10.0 10.0 10.0 10.0 10.0 10.0 10.0 10.0 10.0 10.0 10.0 10.0 10.0 10.0 10.0 10.0 10.0 10.0 9.0 9.0 9.0 10.0 
1108447 2000 7 6 82 9.0 8.0 8.0 4.0 3.0 2.0 2.0 3.0 7.0 9.0 9.0 8.0 8.0 7.0 3.0 3.0 2.0 2.0 1.0 1.0 3.0 2.0 2.0 4.0 
1108447 2000 7 7 82 4.0 6.0 5.0 7.0 4.0 7.0 9.0 9.0 9.0 9.0 9.0 9.0 8.0 4.0 3.0 4.0 9.0 9.0 8.0 7.0 8.0 8.0 8.0 10.0 
1108447 2000 7 8 82 9.0 9.0 6.0 5.0 5.0 5.0 8.0 5.0 5.0 6.0 5.0 3.0 6.0 4.0 3.0 3.0 3.0 5.0 6.0 6.0 6.0 8.0 8.0 10.0 
1108447 2000 7 9 82 10.0 10.0 9.0 9.0 10.0 9.0 9.0 10.0 10.0 10.0 10.0 10.0 9.0 9.0 9.0 9.0 8.0 7.0 3.0 3.0 4.0 9.0 8.0 4.0 
1108447 2000 7 10 82 10.0 10.0 10.0 10.0 9.0 9.0 6.0 6.0 9.0 9.0 7.0 7.0 6.0 4.0 2.0 2.0 3.0 3.0 6.0 7.0 7.0 8.0 7.0 3.0 
1108447 2000 7 11 82 3.0 3.0 6.0 9.0 9.0 9.0 9.0 9.0 9.0 9.0 8.0 9.0 9.0 8.0 7.0 5.0 4.0 4.0 3.0 2.0 3.0 3.0 2.0 2.0 
1108447 2000 7 12 82 4.0 4.0 5.0 4.0 4.0 2.0 4.0 4.0 2.0 1.0 0.0 0.0 1.0 2.0 2.0 3.0 8.0 9.0 9.0 5.0 8.0 8.0 8.0 9.0 
1108447 2000 7 13 82 9.0 10.0 10.0 9.0 8.0 8.0 9.0 10.0 10.0 10.0 10.0 10.0 9.0 8.0 7.0 7.0 6.0 10.0 8.0 7.0 7.0 7.0 3.0 3.0 
1108447 2000 7 14 82 3.0 6.0 6.0 3.0 4.0 5.0 5.0 4.0 5.0 6.0 4.0 3.0 3.0 2.0 3.0 5.0 3.0 5.0 5.0 3.0 2.0 4.0 3.0 1.0 
1108447 2000 7 15 82 1.0 1.0 2.0 1.0 2.0 3.0 5.0 3.0 2.0 3.0 3.0 2.0 2.0 2.0 1.0 0.0 0.0 0.0 0.0 0.0 0.0 0.0 0.0 0.0 
1108447 2000 7 16 82 0.0 0.0 0.0 0.0 0.0 0.0 0.0 0.0 0.0 0.0 0.0 0.0 0.0 0.0 0.0 0.0 0.0 0.0 0.0 0.0 0.0 0.0 0.0 0.0 
1108447 2000 7 17 82 0.0 0.0 0.0 0.0 0.0 0.0 0.0 0.0 0.0 0.0 0.0 0.0 0.0 0.0 0.0 0.0 0.0 0.0 0.0 0.0 0.0 0.0 0.0 0.0 
1108447 2000 7 18 82 0.0 0.0 0.0 0.0 0.0 1.0 6.0 9.0 9.0 9.0 9.0 9.0 7.0 3.0 0.0 0.0 0.0 0.0 0.0 0.0 0.0 0.0 0.0 0.0 
1108447 2000 7 19 82 0.0 0.0 0.0 0.0 1.0 2.0 4.0 6.0 4.0 2.0 1.0 1.0 1.0 1.0 2.0 1.0 1.0 1.0 1.0 0.0 0.0 1.0 1.0 1.0 
1108447 2000 7 20 82 1.0 0.0 0.0 3.0 7.0 10.0 9.0 9.0 9.0 9.0 10.0 9.0 8.0 3.0 1.0 0.0 0.0 0.0 0.0 0.0 0.0 0.0 0.0 0.0 
1108447 2000 7 21 82 0.0 0.0 0.0 0.0 1.0 1.0 0.0 0.0 0.0 0.0 1.0 1.0 2.0 2.0 3.0 5.0 6.0 9.0 9.0 9.0 8.0 6.0 6.0 8.0 
1108447 2000 7 22 82 8.0 5.0 4.0 8.0 9.0 8.0 9.0 9.0 9.0 9.0 10.0 10.0 9.0 9.0 10.0 10.0 10.0 10.0 10.0 10.0 10.0 10.0 10.0 10.0 
1108447 2000 7 23 82 10.0 10.0 10.0 10.0 10.0 9.0 9.0 9.0 9.0 9.0 6.0 7.0 6.0 6.0 5.0 5.0 4.0 4.0 4.0 4.0 4.0 4.0 4.0 0.0 
1108447 2000 7 24 82 0.0 0.0 0.0 0.0 1.0 1.0 1.0 0.0 0.0 1.0 8.0 7.0 5.0 6.0 6.0 6.0 6.0 6.0 6.0 6.0 4.0 5.0 8.0 6.0 
1108447 2000 7 25 82 6.0 8.0 8.0 8.0 8.0 9.0 9.0 9.0 9.0 8.0 9.0 7.0 6.0 5.0 4.0 4.0 3.0 5.0 8.0 7.0 9.0 7.0 9.0 6.0 
1108447 2000 7 26 82 9.0 10.0 10.0 10.0 10.0 10.0 9.0 10.0 10.0 10.0 9.0 9.0 9.0 10.0 9.0 9.0 10.0 10.0 10.0 10.0 10.0 10.0 10.0 10.0 
1108447 2000 7 27 82 10.0 10.0 10.0 10.0 10.0 10.0 10.0 10.0 10.0 10.0 10.0 10.0 10.0 10.0 10.0 10.0 10.0 10.0 10.0 10.0 10.0 10.0 10.0 10.0 
1108447 2000 7 28 82 10.0 10.0 10.0 10.0 10.0 10.0 10.0 10.0 10.0 10.0 10.0 10.0 10.0 9.0 9.0 9.0 9.0 9.0 9.0 8.0 5.0 2.0 2.0 2.0 
1108447 2000 7 29 82 1.0 1.0 3.0 8.0 8.0 4.0 4.0 2.0 1.0 3.0 1.0 1.0 1.0 1.0 1.0 1.0 1.0 0.0 0.0 0.0 0.0 0.0 0.0 0.0 
1108447 2000 7 30 82 0.0 2.0 1.0 0.0 3.0 4.0 4.0 2.0 1.0 0.0 0.0 0.0 0.0 0.0 1.0 0.0 0.0 0.0 0.0 0.0 0.0 0.0 0.0 0.0 
1108447 2000 7 31 82 0.0 0.0 0.0 0.0 0.0 1.0 1.0 1.0 1.0 2.0 1.0 3.0 5.0 6.0 7.0 6.0 5.0 3.0 5.0 4.0 7.0 4.0 3.0 2.0 
1108447 2000 8 1 82 2.0 2.0 2.0 2.0 2.0 2.0 3.0 4.0 8.0 9.0 5.0 3.0 3.0 3.0 0.0 0.0 0.0 0.0 1.0 0.0 2.0 3.0 0.0 1.0 
1108447 2000 8 2 82 1.0 1.0 1.0 1.0 2.0 3.0 3.0 1.0 5.0 4.0 5.0 4.0 6.0 6.0 5.0 3.0 3.0 4.0 2.0 1.0 1.0 1.0 0.0 0.0 
1108447 2000 8 3 82 0.0 0.0 0.0 0.0 2.0 0.0 0.0 0.0 1.0 1.0 3.0 2.0 2.0 2.0 1.0 1.0 1.0 1.0 1.0 1.0 2.0 3.0 1.0 1.0 
1108447 2000 8 4 82 1.0 1.0 1.0 2.0 2.0 2.0 1.0 2.0 2.0 1.0 0.0 0.0 0.0 1.0 1.0 1.0 1.0 0.0 0.0 0.0 0.0 0.0 0.0 0.0 
1108447 2000 8 5 82 0.0 0.0 0.0 0.0 0.0 0.0 0.0 0.0 0.0 0.0 0.0 0.0 0.0 0.0 0.0 0.0 0.0 0.0 0.0 0.0 1.0 0.0 0.0 0.0 
1108447 2000 8 6 82 0.0 0.0 0.0 0.0 1.0 0.0 1.0 1.0 1.0 1.0 1.0 1.0 1.0 2.0 5.0 4.0 5.0 4.0 4.0 2.0 1.0 0.0 0.0 0.0 
1108447 2000 8 7 82 0.0 0.0 0.0 0.0 0.0 0.0 8.0 10.0 10.0 10.0 10.0 10.0 10.0 9.0 3.0 1.0 1.0 1.0 0.0 0.0 0.0 0.0 0.0 0.0 
1108447 2000 8 8 82 0.0 0.0 0.0 0.0 4.0 4.0 9.0 9.0 9.0 9.0 9.0 5.0 1.0 0.0 0.0 0.0 0.0 0.0 0.0 0.0 0.0 0.0 0.0 0.0 
1108447 2000 8 9 82 0.0 2.0 2.0 1.0 0.0 1.0 1.0 1.0 7.0 6.0 8.0 4.0 2.0 1.0 1.0 1.0 1.0 1.0 1.0 1.0 1.0 1.0 0.0 0.0 
1108447 2000 8 10 82 0.0 1.0 2.0 2.0 2.0 2.0 7.0 8.0 9.0 9.0 6.0 4.0 4.0 6.0 5.0 4.0 3.0 1.0 1.0 2.0 2.0 2.0 2.0 4.0 
1108447 2000 8 11 82 3.0 1.0 2.0 1.0 4.0 8.0 9.0 9.0 10.0 10.0 9.0 9.0 8.0 8.0 8.0 8.0 8.0 6.0 2.0 1.0 1.0 1.0 1.0 0.0 
1108447 2000 8 12 82 4.0 2.0 6.0 9.0 9.0 10.0 9.0 9.0 9.0 9.0 8.0 7.0 4.0 3.0 1.0 1.0 1.0 0.0 0.0 0.0 0.0 0.0 0.0 0.0 
1108447 2000 8 13 82 0.0 0.0 1.0 1.0 1.0 7.0 4.0 5.0 5.0 7.0 5.0 2.0 3.0 4.0 3.0 2.0 2.0 2.0 2.0 3.0 0.0 0.0 1.0 2.0 
1108447 2000 8 14 82 2.0 3.0 1.0 1.0 1.0 2.0 0.0 5.0 8.0 9.0 7.0 5.0 7.0 7.0 2.0 2.0 3.0 3.0 3.0 2.0 2.0 0.0 0.0 0.0 
1108447 2000 8 15 82 0.0 0.0 0.0 0.0 2.0 8.0 7.0 5.0 9.0 9.0 8.0 8.0 5.0 4.0 7.0 7.0 6.0 2.0 4.0 4.0 2.0 2.0 0.0 0.0 
1108447 2000 8 16 82 0.0 0.0 0.0 0.0 0.0 0.0 0.0 0.0 0.0 1.0 0.0 3.0 3.0 3.0 1.0 1.0 3.0 3.0 3.0 4.0 2.0 0.0 0.0 0.0 
1108447 2000 8 17 82 0.0 0.0 0.0 0.0 0.0 2.0 2.0 5.0 7.0 7.0 7.0 8.0 9.0 9.0 10.0 10.0 10.0 9.0 9.0 9.0 9.0 9.0 10.0 10.0 
1108447 2000 8 18 82 9.0 10.0 10.0 10.0 10.0 10.0 10.0 10.0 10.0 10.0 8.0 8.0 10.0 9.0 10.0 9.0 9.0 10.0 9.0 8.0 8.0 10.0 8.0 4.0 
1108447 2000 8 19 82 5.0 5.0 7.0 8.0 10.0 9.0 9.0 10.0 10.0 8.0 8.0 8.0 9.0 8.0 9.0 9.0 9.0 9.0 9.0 9.0 9.0 9.0 9.0 9.0 
1108447 2000 8 20 82 8.0 5.0 1.0 4.0 3.0 8.0 8.0 8.0 8.0 10.0 9.0 10.0 10.0 10.0 10.0 10.0 10.0 10.0 9.0 8.0 8.0 8.0 5.0 4.0 
1108447 2000 8 21 82 2.0 2.0 2.0 1.0 1.0 1.0 8.0 8.0 3.0 3.0 3.0 2.0 3.0 3.0 0.0 0.0 0.0 0.0 0.0 0.0 0.0 0.0 0.0 0.0 
1108447 2000 8 22 82 0.0 0.0 0.0 1.0 1.0 0.0 0.0 0.0 0.0 0.0 0.0 1.0 2.0 1.0 1.0 1.0 2.0 2.0 2.0 2.0 2.0 2.0 2.0 0.0 
1108447 2000 8 23 82 0.0 0.0 0.0 0.0 0.0 0.0 0.0 0.0 0.0 0.0 0.0 0.0 0.0 0.0 2.0 2.0 3.0 7.0 5.0 6.0 7.0 6.0 4.0 2.0 
1108447 2000 8 24 82 2.0 3.0 5.0 4.0 3.0 4.0 2.0 5.0 6.0 5.0 4.0 3.0 2.0 2.0 3.0 2.0 2.0 3.0 6.0 7.0 6.0 7.0 8.0 8.0 
1108447 2000 8 25 82 8.0 9.0 7.0 9.0 6.0 9.0 9.0 9.0 9.0 9.0 10.0 9.0 7.0 9.0 9.0 8.0 8.0 7.0 8.0 7.0 7.0 6.0 6.0 9.0 
1108447 2000 8 26 82 8.0 9.0 9.0 8.0 9.0 9.0 9.0 8.0 7.0 5.0 4.0 4.0 3.0 3.0 7.0 5.0 3.0 4.0 7.0 8.0 8.0 8.0 9.0 7.0 
1108447 2000 8 27 82 7.0 8.0 8.0 8.0 9.0 8.0 8.0 8.0 5.0 5.0 4.0 3.0 2.0 2.0 4.0 4.0 5.0 3.0 3.0 2.0 2.0 0.0 0.0 0.0 
1108447 2000 8 28 82 0.0 0.0 0.0 0.0 0.0 0.0 1.0 2.0 4.0 6.0 5.0 5.0 7.0 8.0 8.0 8.0 7.0 8.0 9.0 9.0 9.0 9.0 10.0 8.0 
1108447 2000 8 29 82 9.0 9.0 9.0 9.0 9.0 9.0 9.0 10.0 10.0 10.0 10.0 10.0 10.0 10.0 10.0 10.0 10.0 10.0 10.0 9.0 9.0 6.0 7.0 3.0 
1108447 2000 8 30 82 1.0 1.0 1.0 1.0 9.0 10.0 10.0 10.0 10.0 10.0 10.0 9.0 6.0 5.0 2.0 3.0 2.0 2.0 6.0 6.0 6.0 6.0 6.0 9.0 
1108447 2000 8 31 82 9.0 8.0 8.0 8.0 9.0 10.0 9.0 9.0 9.0 9.0 7.0 5.0 5.0 3.0 4.0 6.0 7.0 6.0 6.0 9.0 5.0 7.0 7.0 8.0 
1108447 2000 9 1 82 2.0 2.0 2.0 7.0 7.0 9.0 9.0 10.0 9.0 3.0 4.0 8.0 8.0 7.0 4.0 3.0 2.0 2.0 1.0 5.0 4.0 2.0 2.0 0.0 
1108447 2000 9 2 82 0.0 0.0 0.0 1.0 2.0 7.0 8.0 8.0 10.0 9.0 10.0 10.0 9.0 9.0 9.0 7.0 6.0 8.0 2.0 4.0 0.0 2.0 1.0 1.0 
1108447 2000 9 3 82 3.0 6.0 6.0 6.0 7.0 10.0 8.0 9.0 10.0 10.0 9.0 10.0 10.0 9.0 9.0 9.0 9.0 9.0 9.0 9.0 9.0 9.0 10.0 8.0 
1108447 2000 9 4 82 9.0 10.0 10.0 9.0 10.0 10.0 10.0 10.0 9.0 4.0 7.0 7.0 7.0 4.0 4.0 3.0 3.0 3.0 3.0 2.0 1.0 0.0 0.0 0.0 
1108447 2000 9 5 82 0.0 0.0 0.0 0.0 1.0 9.0 9.0 9.0 10.0 10.0 10.0 10.0 10.0 10.0 10.0 10.0 10.0 10.0 10.0 10.0 10.0 10.0 10.0 9.0 
1108447 2000 9 6 82 10.0 10.0 10.0 10.0 10.0 10.0 9.0 9.0 9.0 9.0 9.0 9.0 8.0 6.0 4.0 5.0 5.0 5.0 4.0 3.0 2.0 0.0 0.0 0.0 
1108447 2000 9 7 82 0.0 5.0 9.0 9.0 7.0 8.0 9.0 10.0 10.0 10.0 10.0 10.0 10.0 10.0 10.0 10.0 10.0 10.0 10.0 10.0 10.0 10.0 10.0 10.0 
1108447 2000 9 8 82 10.0 10.0 7.0 5.0 4.0 8.5 8.0 9.0 8.0 8.0 5.0 8.0 8.0 6.0 3.0 3.0 2.0 3.0 4.0 8.0 9.0 9.0 9.0 9.0 
1108447 2000 9 9 82 10.0 9.0 9.0 10.0 9.0 9.0 10.0 10.0 10.0 10.0 10.0 10.0 10.0 10.0 10.0 10.0 10.0 10.0 10.0 10.0 10.0 10.0 10.0 10.0 
1108447 2000 9 10 82 10.0 10.0 10.0 10.0 10.0 10.0 10.0 10.0 10.0 10.0 10.0 10.0 10.0 10.0 8.0 2.0 2.0 1.0 1.0 1.0 0.0 0.0 0.0 4.0 
1108447 2000 9 11 82 3.0 1.0 2.0 2.0 2.0 3.0 3.0 3.0 3.0 4.0 4.0 3.0 3.0 2.0 2.0 1.0 2.0 4.0 8.0 9.0 9.0 10.0 10.0 10.0 
1108447 2000 9 12 82 10.0 10.0 10.0 10.0 10.0 10.0 10.0 10.0 9.0 9.0 9.0 9.0 9.0 8.0 7.0 8.0 6.0 3.0 0.0 2.0 2.0 0.0 1.0 0.0 
1108447 2000 9 13 82 0.0 0.0 0.0 0.0 0.0 1.0 0.0 1.0 1.0 1.0 1.0 0.0 0.0 0.0 0.0 6.0 2.0 1.0 4.0 2.0 4.0 3.0 6.0 9.0 
1108447 2000 9 14 82 9.0 6.0 9.0 10.0 10.0 9.0 10.0 10.0 9.0 9.0 8.0 3.0 2.0 1.0 1.0 1.0 1.0 3.0 9.0 10.0 10.0 6.0 8.0 7.0 
1108447 2000 9 15 82 7.0 8.0 8.0 7.0 3.0 5.0 6.0 7.0 9.0 5.0 5.0 5.0 3.0 3.0 5.0 4.0 4.0 4.0 4.0 4.0 5.0 4.0 7.0 6.0 
1108447 2000 9 16 82 7.0 9.0 9.0 9.0 7.0 8.0 6.0 9.0 9.0 9.0 6.0 4.0 1.0 7.0 3.0 3.0 3.0 4.0 5.0 5.0 2.0 2.0 0.0 2.0 
1108447 2000 9 17 82 2.0 2.0 3.0 8.0 9.0 8.0 9.0 9.0 10.0 10.0 10.0 10.0 10.0 10.0 9.0 9.0 9.0 9.0 9.0 9.0 6.0 5.0 5.0 7.0 
1108447 2000 9 18 82 10.0 10.0 10.0 10.0 10.0 10.0 10.0 10.0 10.0 10.0 10.0 10.0 10.0 10.0 9.0 9.0 9.0 7.0 9.0 8.0 7.0 8.0 8.0 5.0 
1108447 2000 9 19 82 3.0 8.0 8.0 7.0 10.0 10.0 10.0 10.0 10.0 9.0 8.0 4.0 3.0 2.0 2.0 2.0 2.0 2.0 5.0 4.0 2.0 2.0 1.0 7.0 
1108447 2000 9 20 82 8.0 8.0 8.0 9.0 10.0 10.0 10.0 10.0 10.0 10.0 10.0 10.0 9.0 7.0 8.0 8.0 3.0 3.0 4.0 3.0 7.0 8.0 8.0 8.0 
1108447 2000 9 21 82 10.0 10.0 9.0 1.0 5.0 5.0 0.0 0.0 0.0 0.0 0.0 0.0 0.0 0.0 1.0 1.0 1.0 1.5 0.0 0.0 0.0 0.0 0.0 0.0 
1108447 2000 9 22 82 0.0 0.0 0.0 0.0 0.0 0.0 0.0 0.0 0.0 0.0 0.0 0.0 0.0 1.0 0.0 0.0 0.0 0.0 0.0 0.0 0.0 0.0 0.0 0.0 
1108447 2000 9 23 82 0.0 0.0 0.0 0.0 0.0 0.0 1.0 1.0 0.0 0.0 0.0 0.0 0.0 0.0 0.0 0.0 0.0 0.0 0.0 0.0 0.0 0.0 0.0 0.0 
1108447 2000 9 24 82 0.0 0.0 0.0 0.0 0.0 0.0 0.0 1.0 0.0 1.0 0.0 1.0 2.0 2.0 2.0 3.0 4.0 4.0 5.0 5.0 4.0 4.0 4.0 0.0 
1108447 2000 9 25 82 0.0 0.0 3.0 0.0 0.0 1.0 0.0 0.0 0.0 0.0 0.0 0.0 1.0 0.0 0.0 0.0 0.0 0.0 0.0 0.0 0.0 0.0 0.0 0.0 
1108447 2000 9 26 82 0.0 0.0 0.0 0.0 0.0 0.0 0.0 0.0 0.0 0.0 0.0 0.0 0.0 0.0 0.0 0.0 0.0 0.0 1.0 0.0 0.0 0.0 0.0 0.0 
1108447 2000 9 27 82 0.0 0.0 0.0 0.0 0.0 0.0 1.0 2.0 3.0 4.0 3.0 2.0 2.0 3.0 0.0 8.0 8.0 7.0 8.0 7.0 7.0 4.0 2.0 0.0 
1108447 2000 9 28 82 1.0 2.0 1.0 1.0 6.0 2.0 7.0 6.0 7.0 9.0 10.0 9.0 8.0 9.0 9.0 9.0 9.0 10.0 10.0 10.0 10.0 10.0 10.0 10.0 
1108447 2000 9 29 82 10.0 10.0 10.0 10.0 10.0 10.0 10.0 9.0 9.0 10.0 9.0 9.0 10.0 10.0 10.0 10.0 10.0 10.0 10.0 10.0 10.0 10.0 10.0 10.0 
1108447 2000 9 30 82 10.0 10.0 10.0 10.0 10.0 10.0 10.0 10.0 9.0 8.0 2.0 7.0 8.0 7.0 8.0 9.0 9.0 9.0 7.0 4.0 4.0 7.0 4.0 3.0 
1108447 2000 10 1 82 3.0 3.0 4.0 4.0 2.0 5.0 4.0 5.0 7.0 3.0 3.0 3.0 0.0 2.0 5.0 7.0 8.0 8.0 8.0 8.0 2.0 0.0 2.0 6.0 
1108447 2000 10 2 82 9.0 8.0 8.0 8.0 8.0 4.0 2.0 2.0 1.0 2.0 4.0 2.0 3.0 3.0 7.0 7.0 6.0 5.0 5.0 6.0 5.0 5.0 4.0 2.0 
1108447 2000 10 3 82 2.0 2.0 4.0 5.0 5.0 5.0 8.0 3.0 3.0 2.0 2.0 6.0 4.0 5.0 7.0 7.0 1.0 0.0 0.0 0.0 0.0 0.0 0.0 0.0 
1108447 2000 10 4 82 0.0 0.0 0.0 1.0 1.0 1.0 2.0 2.0 1.0 1.0 1.0 1.0 2.0 2.0 1.0 0.0 2.0 1.0 2.0 2.0 1.0 2.0 1.0 0.0 
1108447 2000 10 5 82 0.0 0.0 0.0 0.0 0.0 0.0 0.0 1.0 1.0 3.0 3.0 3.0 3.0 2.0 1.0 1.0 1.0 1.0 1.0 1.0 0.0 0.0 0.0 0.0 
1108447 2000 10 6 82 0.0 0.0 0.0 0.0 0.0 0.0 2.0 1.0 2.0 2.0 3.0 7.0 7.0 5.0 3.0 6.0 9.0 9.0 9.0 7.0 9.0 7.0 7.0 3.0 
1108447 2000 10 7 82 5.0 4.0 4.0 2.0 2.0 2.0 0.0 2.0 3.0 4.0 5.0 3.0 2.0 2.0 3.0 4.0 4.0 5.0 6.0 6.0 6.0 6.0 6.0 5.0 
1108447 2000 10 8 82 6.0 9.0 10.0 10.0 9.0 10.0 10.0 10.0 10.0 10.0 10.0 10.0 10.0 10.0 10.0 10.0 10.0 10.0 10.0 10.0 10.0 10.0 10.0 10.0 
1108447 2000 10 9 82 10.0 10.0 10.0 10.0 10.0 10.0 10.0 10.0 10.0 10.0 10.0 10.0 10.0 10.0 10.0 10.0 10.0 10.0 10.0 10.0 10.0 10.0 10.0 10.0 
1108447 2000 10 10 82 10.0 10.0 10.0 10.0 9.0 8.0 9.0 8.0 8.0 9.0 9.0 5.0 3.0 3.0 3.0 3.0 2.0 2.0 1.0 1.0 0.0 0.0 0.0 0.0 
1108447 2000 10 11 82 1.0 1.0 1.0 1.0 0.0 0.0 2.0 2.0 0.0 0.0 0.0 0.0 0.0 0.0 0.0 0.0 0.0 0.0 0.0 0.0 0.0 0.0 0.0 0.0 
1108447 2000 10 12 82 0.0 0.0 0.0 0.0 0.0 0.0 1.0 4.0 8.0 7.0 7.0 7.0 7.0 7.0 7.0 7.0 10.0 5.0 3.0 4.0 7.0 9.0 10.0 9.0 
1108447 2000 10 13 82 9.0 10.0 10.0 10.0 10.0 10.0 10.0 10.0 10.0 10.0 10.0 10.0 10.0 10.0 10.0 10.0 10.0 10.0 10.0 10.0 10.0 10.0 10.0 10.0 
1108447 2000 10 14 82 10.0 10.0 9.0 9.0 8.0 9.0 9.0 9.0 9.0 9.0 9.0 8.0 5.0 2.0 4.0 3.0 3.0 4.0 3.0 4.0 2.0 7.0 3.0 2.0 
1108447 2000 10 15 82 2.0 2.0 8.0 8.0 8.0 9.0 9.0 10.0 10.0 10.0 10.0 10.0 10.0 9.0 10.0 10.0 10.0 10.0 10.0 10.0 10.0 10.0 10.0 10.0 
1108447 2000 10 16 82 10.0 10.0 10.0 10.0 10.0 10.0 10.0 9.0 10.0 10.0 10.0 10.0 10.0 10.0 10.0 10.0 10.0 10.0 10.0 10.0 10.0 10.0 10.0 10.0 
1108447 2000 10 17 82 10.0 10.0 10.0 10.0 10.0 10.0 9.0 9.0 9.0 10.0 10.0 10.0 10.0 10.0 10.0 10.0 10.0 10.0 10.0 10.0 9.0 9.0 9.0 9.0 
1108447 2000 10 18 82 9.0 7.0 5.0 7.0 8.0 9.0 10.0 10.0 9.0 8.0 9.0 9.0 9.0 9.0 10.0 10.0 9.0 10.0 6.0 5.0 3.0 3.0 2.0 4.0 
1108447 2000 10 19 82 3.0 1.0 0.0 6.0 6.0 8.0 8.0 10.0 10.0 10.0 10.0 10.0 10.0 10.0 10.0 10.0 10.0 10.0 10.0 10.0 10.0 10.0 10.0 10.0 
1108447 2000 10 20 82 10.0 10.0 10.0 10.0 10.0 10.0 10.0 10.0 9.0 9.0 9.0 9.0 9.0 10.0 10.0 9.0 9.0 6.0 4.0 4.0 4.0 5.0 3.0 2.0 
1108447 2000 10 21 82 2.0 2.0 1.0 1.0 1.0 1.0 1.0 3.0 4.0 6.0 6.0 6.0 5.0 3.0 2.0 2.0 3.0 7.0 5.0 6.0 9.0 8.0 5.0 10.0 
1108447 2000 10 22 82 10.0 10.0 10.0 10.0 10.0 10.0 10.0 10.0 10.0 10.0 10.0 10.0 10.0 10.0 10.0 10.0 10.0 10.0 10.0 10.0 10.0 10.0 10.0 10.0 
1108447 2000 10 23 82 8.0 8.0 4.0 4.0 1.0 1.0 3.0 7.0 7.0 7.0 5.0 5.0 7.0 8.0 8.0 8.0 6.0 8.0 9.0 5.0 6.0 8.0 7.0 7.0 
1108447 2000 10 24 82 7.0 7.0 5.0 5.0 5.0 8.0 8.0 8.0 10.0 10.0 10.0 10.0 10.0 10.0 10.0 10.0 10.0 10.0 10.0 9.0 10.0 10.0 9.0 10.0 
1108447 2000 10 25 82 10.0 10.0 8.0 7.0 9.0 8.0 8.0 8.0 9.0 8.0 9.0 8.0 8.0 7.0 9.0 9.0 9.0 10.0 9.0 9.0 10.0 9.0 9.0 9.0 
1108447 2000 10 26 82 9.0 9.0 9.0 8.0 7.0 6.0 3.0 8.0 8.0 8.0 9.0 9.0 9.0 10.0 10.0 10.0 10.0 10.0 9.0 10.0 10.0 10.0 10.0 10.0 
1108447 2000 10 27 82 8.0 10.0 10.0 10.0 10.0 10.0 10.0 10.0 10.0 10.0 10.0 10.0 10.0 10.0 10.0 10.0 10.0 10.0 10.0 10.0 10.0 10.0 10.0 10.0 
1108447 2000 10 28 82 10.0 10.0 10.0 10.0 10.0 10.0 10.0 7.0 5.0 7.0 7.0 9.0 9.0 9.0 9.0 9.0 9.0 9.0 10.0 10.0 10.0 10.0 10.0 10.0 
1108447 2000 10 29 82 10.0 10.0 10.0 10.0 10.0 10.0 10.0 9.0 10.0 10.0 9.0 9.0 9.0 9.0 9.0 7.0 8.0 9.0 7.0 7.0 3.0 4.0 2.0 2.0 
1108447 2000 10 30 82 4.0 3.0 7.0 4.0 8.0 8.0 9.0 10.0 10.0 9.0 9.0 7.0 7.0 8.0 8.0 9.0 8.0 5.0 4.0 3.0 6.0 6.0 9.0 10.0 
1108447 2000 10 31 82 10.0 10.0 10.0 10.0 10.0 10.0 10.0 10.0 10.0 10.0 9.0 9.0 9.0 6.0 3.0 2.0 3.0 3.0 2.0 1.0 1.0 1.0 1.0 2.0 
1108447 2000 11 1 82 0.0 0.0 4.0 4.0 8.0 10.0 10.0 10.0 10.0 9.0 10.0 10.0 10.0 10.0 9.0 9.0 9.0 10.0 10.0 10.0 10.0 10.0 10.0 10.0 
1108447 2000 11 2 82 10.0 10.0 10.0 10.0 10.0 10.0 10.0 10.0 10.0 10.0 10.0 10.0 9.0 8.0 9.0 8.0 7.0 8.0 8.0 9.0 10.0 9.0 9.0 10.0 
1108447 2000 11 3 82 10.0 10.0 10.0 10.0 10.0 10.0 10.0 10.0 10.0 10.0 10.0 10.0 10.0 10.0 10.0 10.0 10.0 10.0 10.0 10.0 10.0 10.0 10.0 10.0 
1108447 2000 11 4 82 10.0 10.0 10.0 10.0 10.0 10.0 8.0 9.0 10.0 10.0 8.0 8.0 6.0 3.0 2.0 3.0 4.0 4.0 4.0 4.0 5.0 7.0 8.0 8.0 
1108447 2000 11 5 82 7.0 10.0 10.0 9.0 10.0 10.0 10.0 10.0 10.0 10.0 10.0 10.0 10.0 10.0 10.0 10.0 10.0 10.0 10.0 10.0 10.0 10.0 10.0 10.0 
1108447 2000 11 6 82 10.0 9.0 10.0 9.0 7.0 4.0 5.0 8.0 8.0 8.0 8.0 8.0 7.0 2.0 1.0 0.0 0.0 3.0 8.0 8.0 8.0 9.0 2.0 5.0 
1108447 2000 11 7 82 7.0 7.0 9.0 10.0 10.0 10.0 9.0 10.0 10.0 10.0 10.0 10.0 10.0 10.0 10.0 10.0 9.0 9.0 10.0 9.0 10.0 10.0 10.0 10.0 
1108447 2000 11 8 82 10.0 10.0 10.0 10.0 10.0 10.0 10.0 10.0 9.0 9.0 9.0 10.0 10.0 10.0 10.0 10.0 10.0 10.0 10.0 10.0 10.0 10.0 10.0 9.0 
1108447 2000 11 9 82 10.0 10.0 10.0 9.0 9.0 9.0 8.0 9.0 10.0 10.0 7.0 6.0 6.0 2.0 1.0 1.0 4.0 2.0 0.0 0.0 0.0 0.0 0.0 0.0 
1108447 2000 11 10 82 1.0 1.0 2.0 2.0 3.0 5.0 8.0 4.0 2.0 1.0 0.0 0.0 1.0 1.0 1.0 0.0 0.0 0.0 0.0 0.0 1.0 1.0 1.0 3.0 
1108447 2000 11 11 82 4.0 5.0 3.0 4.0 8.0 9.0 9.0 9.0 9.0 9.0 9.0 9.0 10.0 10.0 10.0 10.0 7.0 10.0 7.0 9.0 9.0 10.0 9.0 9.0 
1108447 2000 11 12 82 4.0 6.0 7.0 8.0 9.0 8.0 9.0 10.0 10.0 10.0 10.0 10.0 10.0 10.0 10.0 10.0 10.0 10.0 10.0 10.0 10.0 10.0 10.0 10.0 
1108447 2000 11 13 82 10.0 10.0 10.0 10.0 10.0 10.0 10.0 9.0 10.0 9.0 9.0 9.0 9.0 9.0 8.0 5.0 3.0 3.0 3.0 5.0 7.0 9.0 9.0 4.0 
1108447 2000 11 14 82 7.0 9.0 10.0 5.0 1.0 0.0 0.0 0.0 0.0 0.0 0.0 0.0 0.0 0.0 0.0 0.0 0.0 0.0 0.0 0.0 0.0 0.0 0.0 0.0 
1108447 2000 11 15 82 0.0 0.0 0.0 0.0 0.0 0.0 0.0 0.0 1.0 1.0 0.0 0.0 0.0 0.0 0.0 0.0 0.0 0.0 0.0 0.0 1.0 1.0 9.0 1.0 
1108447 2000 11 16 82 0.0 1.0 0.0 1.0 1.0 7.0 9.0 10.0 9.0 9.0 9.0 8.0 4.0 2.0 2.0 2.0 2.0 2.0 2.0 1.0 0.0 0.0 0.0 0.0 
1108447 2000 11 17 82 0.0 0.0 0.0 0.0 0.0 0.0 0.0 2.0 8.0 8.0 7.0 9.0 9.0 9.0 9.0 9.0 10.0 10.0 10.0 6.0 6.0 7.0 8.0 10.0 
1108447 2000 11 18 82 9.0 5.0 10.0 10.0 10.0 10.0 10.0 8.0 8.0 9.0 8.0 8.0 9.0 10.0 10.0 9.0 8.0 6.0 6.0 4.0 2.0 2.0 2.0 0.0 
1108447 2000 11 19 82 0.0 0.0 0.0 0.0 0.0 0.0 0.0 1.0 8.0 8.0 8.0 7.0 6.0 4.0 6.0 9.0 9.0 9.0 9.0 9.0 9.0 9.0 9.0 10.0 
1108447 2000 11 20 82 10.0 10.0 10.0 10.0 7.0 9.0 9.0 9.0 9.0 10.0 9.0 9.0 10.0 10.0 10.0 10.0 10.0 10.0 10.0 8.0 8.0 7.0 4.0 6.0 
1108447 2000 11 21 82 2.0 2.0 0.0 2.0 2.0 0.0 2.0 3.0 6.0 8.0 6.0 4.0 4.0 2.0 2.0 2.0 4.0 3.0 2.0 0.0 0.0 0.0 0.0 0.0 
1108447 2000 11 22 82 0.0 0.0 0.0 0.0 0.0 0.0 0.0 4.0 4.0 4.0 4.0 6.0 5.0 7.0 9.0 9.0 9.0 7.0 6.0 4.0 5.0 4.0 8.0 8.0 
1108447 2000 11 23 82 10.0 10.0 10.0 10.0 10.0 10.0 10.0 10.0 10.0 10.0 10.0 10.0 9.0 10.0 9.0 9.0 10.0 9.0 9.0 8.0 9.0 9.0 10.0 8.0 
1108447 2000 11 24 82 10.0 10.0 10.0 10.0 10.0 10.0 9.0 9.0 9.0 9.0 9.0 10.0 10.0 10.0 10.0 10.0 10.0 10.0 10.0 10.0 10.0 10.0 10.0 10.0 
1108447 2000 11 25 82 10.0 10.0 10.0 10.0 10.0 10.0 10.0 10.0 10.0 10.0 10.0 9.0 10.0 10.0 8.0 8.0 10.0 10.0 10.0 10.0 10.0 10.0 10.0 10.0 
1108447 2000 11 26 82 10.0 9.0 7.0 10.0 10.0 10.0 10.0 10.0 10.0 10.0 10.0 10.0 10.0 10.0 10.0 10.0 10.0 10.0 10.0 7.0 7.0 4.0 3.0 2.0 
1108447 2000 11 27 82 1.0 3.0 6.0 9.0 9.0 8.0 9.0 3.0 4.0 7.0 8.0 8.0 7.0 7.0 4.0 3.0 3.0 2.0 1.0 1.0 1.0 1.0 3.0 1.0 
1108447 2000 11 28 82 1.0 1.0 2.0 9.0 8.0 5.0 0.0 1.0 2.0 7.0 4.0 7.0 8.0 9.0 9.0 10.0 10.0 10.0 10.0 10.0 10.0 10.0 10.0 10.0 
1108447 2000 11 29 82 10.0 10.0 10.0 10.0 10.0 10.0 10.0 10.0 10.0 10.0 10.0 10.0 10.0 10.0 10.0 10.0 10.0 10.0 10.0 9.0 8.0 9.0 10.0 10.0 
1108447 2000 11 30 82 10.0 10.0 10.0 10.0 10.0 10.0 10.0 10.0 10.0 10.0 10.0 9.0 9.0 10.0 10.0 10.0 10.0 10.0 10.0 10.0 10.0 10.0 10.0 10.0 
1108447 2000 12 1 82 10.0 10.0 9.0 10.0 9.0 9.0 10.0 9.0 10.0 10.0 10.0 10.0 10.0 10.0 10.0 10.0 10.0 10.0 10.0 10.0 10.0 10.0 10.0 10.0 
1108447 2000 12 2 82 10.0 10.0 10.0 10.0 10.0 10.0 10.0 6.0 7.0 7.0 7.0 4.0 4.0 4.0 3.0 3.0 4.0 4.0 8.0 10.0 4.0 7.0 8.0 8.0 
1108447 2000 12 3 82 10.0 7.0 8.0 10.0 10.0 8.0 3.0 2.0 5.0 4.0 3.0 5.0 7.0 5.0 5.0 9.0 9.0 9.0 9.0 9.0 7.0 9.0 9.0 6.0 
1108447 2000 12 4 82 10.0 10.0 10.0 10.0 10.0 9.0 7.0 3.0 3.0 7.0 6.0 8.0 10.0 10.0 10.0 9.0 9.0 9.0 9.0 10.0 10.0 7.0 7.0 3.0 
1108447 2000 12 5 82 2.0 0.0 0.0 0.0 0.0 0.0 0.0 3.0 6.0 6.0 8.0 8.0 8.0 7.0 4.0 3.0 2.0 2.0 2.0 2.0 2.0 2.0 2.0 2.0 
1108447 2000 12 6 82 2.0 2.0 0.0 0.0 0.0 0.0 0.0 2.0 6.0 8.0 5.0 8.0 9.0 9.0 8.0 10.0 10.0 10.0 10.0 10.0 10.0 10.0 10.0 10.0 
1108447 2000 12 7 82 10.0 10.0 10.0 10.0 10.0 10.0 10.0 7.0 10.0 10.0 8.0 8.0 8.0 9.0 9.0 9.0 9.0 8.0 6.0 4.0 3.0 9.0 9.0 8.0 
1108447 2000 12 8 82 9.0 10.0 10.0 10.0 10.0 10.0 10.0 10.0 10.0 9.0 9.0 8.0 6.0 9.0 10.0 9.0 10.0 10.0 10.0 10.0 10.0 10.0 10.0 8.0 
1108447 2000 12 9 82 7.0 3.0 2.0 1.0 4.0 3.0 5.0 8.0 8.0 4.0 6.0 7.0 3.0 5.0 8.0 8.0 9.0 9.0 9.0 9.0 9.0 10.0 10.0 10.0 
1108447 2000 12 10 82 9.0 10.0 5.0 7.0 9.0 9.0 7.0 5.0 4.0 3.0 3.0 3.0 3.0 5.0 5.0 7.0 7.0 7.0 6.0 4.0 2.0 0.0 8.0 10.0 
1108447 2000 12 11 82 10.0 10.0 10.0 10.0 10.0 10.0 10.0 10.0 10.0 10.0 10.0 10.0 10.0 10.0 9.0 9.0 9.0 9.0 8.0 8.0 8.0 8.0 5.0 5.0 
1108447 2000 12 12 82 4.0 2.0 4.0 3.0 2.0 2.0 7.0 8.0 8.0 8.0 6.0 2.0 1.0 0.0 0.0 0.0 0.0 0.0 0.0 4.0 9.0 2.0 0.0 0.0 
1108447 2000 12 13 82 0.0 3.0 8.0 9.0 9.0 8.0 8.0 8.0 9.0 8.0 9.0 9.0 9.0 7.0 4.0 5.0 3.0 4.0 3.0 2.0 8.0 6.0 7.0 7.0 
1108447 2000 12 14 82 4.0 8.0 10.0 9.0 8.0 10.0 10.0 10.0 10.0 10.0 10.0 10.0 10.0 10.0 10.0 10.0 10.0 10.0 10.0 10.0 10.0 10.0 10.0 7.0 
1108447 2000 12 15 82 10.0 8.0 8.0 2.0 5.0 2.0 2.0 2.0 2.0 2.0 3.0 8.0 9.0 10.0 10.0 10.0 10.0 10.0 10.0 10.0 10.0 10.0 10.0 10.0 
1108447 2000 12 16 82 10.0 10.0 10.0 10.0 10.0 10.0 10.0 10.0 10.0 10.0 10.0 10.0 10.0 10.0 10.0 10.0 9.0 9.0 4.0 8.0 10.0 10.0 10.0 9.0 
1108447 2000 12 17 82 8.0 4.0 3.0 2.0 2.0 5.0 5.0 7.0 7.0 5.0 4.0 7.0 7.0 8.0 9.0 9.0 9.0 9.0 7.0 7.0 8.0 4.0 4.0 5.0 
1108447 2000 12 18 82 5.0 6.0 5.0 8.0 9.0 10.0 10.0 10.0 10.0 9.0 9.0 10.0 9.0 9.0 10.0 10.0 10.0 10.0 10.0 10.0 10.0 10.0 10.0 10.0 
1108447 2000 12 19 82 9.0 10.0 10.0 3.0 2.0 4.0 5.0 2.0 9.0 9.0 7.0 9.0 9.0 9.0 9.0 9.0 8.0 8.0 8.0 9.0 7.0 7.0 7.0 9.0 
1108447 2000 12 20 82 6.0 5.0 7.0 8.0 9.0 10.0 8.0 9.0 9.0 9.0 10.0 10.0 10.0 10.0 10.0 10.0 9.0 9.0 10.0 10.0 10.0 10.0 10.0 10.0 
1108447 2000 12 21 82 10.0 10.0 10.0 10.0 10.0 10.0 10.0 10.0 9.0 8.0 7.0 7.0 9.0 10.0 10.0 10.0 9.0 10.0 10.0 10.0 10.0 10.0 10.0 10.0 
1108447 2000 12 22 82 10.0 10.0 10.0 10.0 10.0 10.0 10.0 10.0 10.0 10.0 10.0 10.0 10.0 10.0 10.0 10.0 10.0 10.0 10.0 10.0 10.0 10.0 10.0 10.0 
1108447 2000 12 23 82 10.0 10.0 10.0 10.0 10.0 10.0 10.0 10.0 10.0 10.0 10.0 10.0 10.0 10.0 10.0 10.0 10.0 10.0 10.0 10.0 10.0 10.0 10.0 10.0 
1108447 2000 12 24 82 10.0 10.0 10.0 10.0 10.0 10.0 10.0 10.0 10.0 10.0 10.0 10.0 10.0 10.0 10.0 10.0 10.0 10.0 10.0 9.0 10.0 10.0 10.0 10.0 
1108447 2000 12 25 82 10.0 10.0 10.0 10.0 10.0 10.0 10.0 10.0 10.0 10.0 10.0 10.0 10.0 10.0 10.0 10.0 9.0 10.0 9.0 9.0 9.0 10.0 10.0 10.0 
1108447 2000 12 26 82 10.0 10.0 10.0 10.0 10.0 10.0 10.0 10.0 10.0 10.0 10.0 10.0 10.0 10.0 10.0 10.0 10.0 10.0 10.0 10.0 10.0 10.0 10.0 10.0 
1108447 2000 12 27 82 10.0 10.0 10.0 9.0 10.0 10.0 10.0 10.0 10.0 9.0 9.0 10.0 9.0 7.0 7.0 8.0 10.0 10.0 10.0 10.0 10.0 10.0 10.0 9.0 
1108447 2000 12 28 82 9.0 8.0 9.0 10.0 8.0 6.0 4.0 4.0 6.0 7.0 7.0 9.0 10.0 10.0 10.0 10.0 10.0 9.0 9.0 10.0 8.0 9.0 5.0 5.0 
1108447 2000 12 29 82 5.0 8.0 8.0 10.0 8.0 8.0 9.0 8.0 10.0 10.0 10.0 10.0 9.0 9.0 7.0 8.0 8.0 8.0 8.0 8.0 9.0 10.0 9.0 9.0 
1108447 2000 12 30 82 10.0 10.0 10.0 10.0 10.0 10.0 10.0 10.0 10.0 10.0 10.0 10.0 10.0 10.0 10.0 10.0 10.0 10.0 9.0 7.0 8.0 10.0 9.0 10.0 
1108447 2000 12 31 82 10.0 10.0 10.0 10.0 10.0 10.0 10.0 10.0 10.0 10.0 10.0 10.0 10.0 10.0 10.0 10.0 10.0 10.0 10.0 10.0 9.0 10.0 10.0 10.0 
1108447 2001 1 1 82 10.0 9.0 8.0 9.0 7.0 4.0 4.0 8.0 9.0 9.0 9.0 9.0 8.0 8.0 9.0 10.0 10.0 10.0 10.0 10.0 10.0 10.0 10.0 10.0 
